6.311612540501942981e-03,4.101170467230019767e-06,0.000000000000000000e+00,-0.000000000000000000e+00,0.000000000000000000e+00,1.599999999915134030e-01
-5.543980508673218566e-04,-6.698812404781762098e-07,0.000000000000000000e+00,-0.000000000000000000e+00,0.000000000000000000e+00,1.000000000014442114e-01
-3.330669073875469621e-16,-1.110223024625156540e-16,0.000000000000000000e+00,-0.000000000000000000e+00,0.000000000000000000e+00,4.000000000813350859e-02
5.551115123125782702e-16,4.440892098500626162e-16,0.000000000000000000e+00,-0.000000000000000000e+00,0.000000000000000000e+00,9.999999962304401829e-03
1.121590962438012706e-02,-2.760014439218139159e-12,0.000000000000000000e+00,-0.000000000000000000e+00,0.000000000000000000e+00,4.754879870364584384e-15
1.646137267716918373e-02,1.362095911394689551e-06,0.000000000000000000e+00,-0.000000000000000000e+00,0.000000000000000000e+00,2.000000007028566312e-02
3.155807310186942161e-03,8.931731332317838223e-08,0.000000000000000000e+00,-0.000000000000000000e+00,0.000000000000000000e+00,1.099999999842693338e-01
-7.676287922466773495e-04,-5.017097848281082406e-13,0.000000000000000000e+00,-0.000000000000000000e+00,0.000000000000000000e+00,2.999999996517365569e-02
2.644054603572976170e-03,8.187449530572266099e-07,0.000000000000000000e+00,-0.000000000000000000e+00,0.000000000000000000e+00,-1.000000001372779515e-02
1.863632086762356810e-02,3.706684029269879943e-06,0.000000000000000000e+00,-0.000000000000000000e+00,0.000000000000000000e+00,1.000000001372075044e-02
2.759199032705439425e-02,-7.219850600703736632e-07,0.000000000000000000e+00,-0.000000000000000000e+00,0.000000000000000000e+00,3.000000005448735796e-02
1.663196270405120636e-03,-6.996556789484742467e-07,0.000000000000000000e+00,-0.000000000000000000e+00,0.000000000000000000e+00,4.999999996134781716e-02
-1.023505054753237609e-03,5.210147802081621649e-08,0.000000000000000000e+00,-0.000000000000000000e+00,0.000000000000000000e+00,-2.000000005291019400e-02
2.220446049250313081e-16,-1.110223024625156540e-16,0.000000000000000000e+00,-0.000000000000000000e+00,0.000000000000000000e+00,1.000000003618566405e-02
1.110223024625156540e-16,-3.330669073875469621e-16,0.000000000000000000e+00,-0.000000000000000000e+00,0.000000000000000000e+00,-1.000000003622269866e-02
2.220446049250313081e-16,-1.110223024625156540e-16,0.000000000000000000e+00,-0.000000000000000000e+00,0.000000000000000000e+00,-2.809547599747485808e-14
2.220446049250313081e-16,-1.110223024625156540e-16,0.000000000000000000e+00,-0.000000000000000000e+00,0.000000000000000000e+00,-2.809547599747485808e-14
2.220446049250313081e-16,-1.110223024625156540e-16,0.000000000000000000e+00,-0.000000000000000000e+00,0.000000000000000000e+00,-2.809547599747485808e-14
2.220446049250313081e-16,-1.110223024625156540e-16,0.000000000000000000e+00,-0.000000000000000000e+00,0.000000000000000000e+00,-2.809547599747485808e-14
2.220446049250313081e-16,-1.110223024625156540e-16,0.000000000000000000e+00,-0.000000000000000000e+00,0.000000000000000000e+00,-2.809547599747485808e-14
2.220446049250313081e-16,-1.110223024625156540e-16,0.000000000000000000e+00,-0.000000000000000000e+00,0.000000000000000000e+00,-2.809547599747485808e-14
2.220446049250313081e-16,-1.110223024625156540e-16,0.000000000000000000e+00,-0.000000000000000000e+00,0.000000000000000000e+00,-2.809547599747485808e-14
2.220446049250313081e-16,-1.110223024625156540e-16,0.000000000000000000e+00,-0.000000000000000000e+00,0.000000000000000000e+00,-2.809547599747485808e-14
2.220446049250313081e-16,-1.110223024625156540e-16,0.000000000000000000e+00,-0.000000000000000000e+00,0.000000000000000000e+00,-2.809547599747485808e-14
1.300704342912761824e-02,-4.019262752619212620e-07,0.000000000000000000e+00,-0.000000000000000000e+00,0.000000000000000000e+00,-9.999999945811910429e-03
6.354260298862879353e-03,-4.168177757390978400e-07,-7.939549119006421372e-23,-0.000000000000000000e+00,0.000000000000000000e+00,8.999999993237108031e-02
-1.194089075541193701e-03,6.252246717020071287e-07,0.000000000000000000e+00,-0.000000000000000000e+00,0.000000000000000000e+00,-4.999999995335981107e-02
-1.110223024625156540e-16,0.000000000000000000e+00,-2.465190328815661892e-32,-0.000000000000000000e+00,0.000000000000000000e+00,-9.999999980316453749e-03
2.220446049250313081e-16,-3.330669073875469621e-16,0.000000000000000000e+00,-0.000000000000000000e+00,0.000000000000000000e+00,9.999999980294474802e-03
1.774075319278267671e-02,-4.510542027880148908e-06,-8.589420488709303417e-22,-0.000000000000000000e+00,0.000000000000000000e+00,-3.999999997900145071e-02
3.748586135677456355e-02,2.572348390927903239e-05,4.899798353525389373e-21,-0.000000000000000000e+00,0.000000000000000000e+00,6.000000000120101623e-02
3.833879151330443769e-02,-8.373531274363799071e-06,-1.594377004430374025e-21,-0.000000000000000000e+00,0.000000000000000000e+00,5.999999994230003492e-02
4.384012619466381988e-02,1.952335198296406560e-05,0.000000000000000000e+00,-0.000000000000000000e+00,0.000000000000000000e+00,1.100000000575455245e-01
3.044920339521073327e-02,-4.928094472655963898e-05,-9.374343272791808126e-21,-0.000000000000000000e+00,0.000000000000000000e+00,-3.899999999966387021e-01
4.392286478259632698e-02,-3.765581835771802943e-04,0.000000000000000000e+00,-0.000000000000000000e+00,0.000000000000000000e+00,-1.380000000010549899e+00
3.049054515713445213e-02,-2.179441419962735438e-04,0.000000000000000000e+00,-0.000000000000000000e+00,0.000000000000000000e+00,-1.280000000021427553e+00
3.552132499063564985e-02,-3.481064028287850221e-04,0.000000000000000000e+00,-0.000000000000000000e+00,0.000000000000000000e+00,-1.609999999972235418e+00
4.033978006662086724e-02,-4.034944752686620006e-04,0.000000000000000000e+00,-0.000000000000000000e+00,0.000000000000000000e+00,-1.610000000009169652e+00
4.494480549268575764e-02,-4.648418830561773518e-04,0.000000000000000000e+00,-0.000000000000000000e+00,0.000000000000000000e+00,-1.840000000012049997e+00
3.185369190281794882e-02,-3.233198502438083821e-04,-6.386657952487707873e-20,1.272221872585407023e-14,0.000000000000000000e+00,-1.799999999993950439e+00
4.106310072977914505e-02,-4.914625051936072353e-04,0.000000000000000000e+00,-0.000000000000000000e+00,0.000000000000000000e+00,-2.140000000044928186e+00
3.215223646287945769e-02,-2.986789784248378155e-04,-5.988748914236800676e-20,-0.000000000000000000e+00,0.000000000000000000e+00,-1.859999999951809535e+00
5.030797417383936487e-02,-8.963752450931727900e-04,0.000000000000000000e+00,-0.000000000000000000e+00,0.000000000000000000e+00,-3.270000000074683388e+00
4.119019458029826719e-02,-5.275589346511178057e-04,-1.075853020495101299e-19,-0.000000000000000000e+00,0.000000000000000000e+00,-2.319999999910524746e+00
3.014726581289278728e-02,-3.407224776545425549e-04,0.000000000000000000e+00,-1.272221872585407023e-14,0.000000000000000000e+00,-2.760000000031303635e+00
3.546458088926934815e-02,-7.930081089178031561e-04,0.000000000000000000e+00,-1.272221872585407023e-14,0.000000000000000000e+00,-3.840000000025856064e+00
5.125263565939963684e-02,-6.853195903982478576e-04,1.431789710317213782e-19,-0.000000000000000000e+00,0.000000000000000000e+00,-2.829999999986476666e+00
5.085843848914861631e-02,-1.057562113298826656e-03,0.000000000000000000e+00,-0.000000000000000000e+00,0.000000000000000000e+00,-3.669999999947562319e+00
6.775923998190863662e-02,-1.986532992671374842e-03,4.207832811575153347e-19,-1.272221872585407023e-14,0.000000000000000000e+00,-5.020000000045297561e+00
3.462474378783275686e-02,-3.670687705679687163e-04,0.000000000000000000e+00,-0.000000000000000000e+00,0.000000000000000000e+00,-2.389999999996617941e+00
4.685563421100452652e-02,-8.262339383067196508e-04,1.770991607906534060e-19,-0.000000000000000000e+00,0.000000000000000000e+00,-3.050000000012340617e+00
6.100693971221535228e-02,-1.244207612161485343e-03,0.000000000000000000e+00,-1.272221872585407023e-14,0.000000000000000000e+00,-2.619999999963756210e+00
5.893675836450323891e-02,-7.551059272073445960e-05,0.000000000000000000e+00,-0.000000000000000000e+00,0.000000000000000000e+00,-1.399999999798889894e-01
3.185659460889572747e-02,4.398894612678283522e-06,0.000000000000000000e+00,-1.272221872585407023e-14,0.000000000000000000e+00,2.000000001399144731e-02
6.303055176369633250e-02,1.529932863412186705e-04,0.000000000000000000e+00,-0.000000000000000000e+00,0.000000000000000000e+00,4.299999999262837935e-01
5.514050297478624574e-02,2.370618918387523699e-04,0.000000000000000000e+00,-0.000000000000000000e+00,0.000000000000000000e+00,6.200000000031148373e-01
4.256056962656398074e-02,9.271149310882687011e-05,0.000000000000000000e+00,-0.000000000000000000e+00,0.000000000000000000e+00,4.599999999734993295e-01
6.068470989104393642e-02,2.204422556549012757e-04,-4.755481294509112448e-20,-0.000000000000000000e+00,0.000000000000000000e+00,5.800000000563581004e-01
5.292294598504920788e-02,2.292765042679889564e-04,-4.946781302702613058e-20,-0.000000000000000000e+00,0.000000000000000000e+00,1.039999999936727093e+00
4.072378577545812672e-02,3.999901293222918319e-04,0.000000000000000000e+00,-0.000000000000000000e+00,0.000000000000000000e+00,2.100000000062120176e+00
4.058815419951372627e-02,7.032037928249579295e-04,-1.520235033034541551e-19,-0.000000000000000000e+00,0.000000000000000000e+00,3.210000000036326018e+00
5.687185725996204977e-02,1.132404985106083561e-03,0.000000000000000000e+00,-0.000000000000000000e+00,0.000000000000000000e+00,2.989999999934259911e+00
6.221387753529650233e-02,7.638838193639030383e-04,0.000000000000000000e+00,-1.272221872585407023e-14,0.000000000000000000e+00,1.230000000003105942e+00
7.855400766987302719e-02,2.448048267442159975e-05,0.000000000000000000e+00,-0.000000000000000000e+00,0.000000000000000000e+00,-4.999999994882691617e-02
6.883013298437812288e-02,-2.046701903346270779e-04,0.000000000000000000e+00,-0.000000000000000000e+00,0.000000000000000000e+00,-7.700000000862536886e-01
5.262206257751467220e-02,-4.294236756123004373e-04,9.337915584192398414e-20,-0.000000000000000000e+00,0.000000000000000000e+00,-1.749999999977319698e+00
4.575042597897094332e-02,-5.993305351505162637e-04,0.000000000000000000e+00,-0.000000000000000000e+00,0.000000000000000000e+00,-3.079999999968953350e+00
4.805925462408744409e-02,-1.590008335802806094e-03,0.000000000000000000e+00,-0.000000000000000000e+00,0.000000000000000000e+00,-6.560000000012807142e+00
4.800621726713150128e-02,-1.880538886950611221e-03,3.968603819339614698e-19,-0.000000000000000000e+00,0.000000000000000000e+00,-6.430000000015656525e+00
7.009553032876203460e-02,-2.352529251754220674e-03,0.000000000000000000e+00,-0.000000000000000000e+00,0.000000000000000000e+00,-5.269999999926596956e+00
6.008989987902568775e-02,-1.674381163558613661e-03,0.000000000000000000e+00,-0.000000000000000000e+00,0.000000000000000000e+00,-4.940000000094289412e+00
4.045576334382872119e-02,-8.618295185434110550e-04,0.000000000000000000e+00,-0.000000000000000000e+00,0.000000000000000000e+00,-5.000000000012701840e+00
3.430629685841957155e-02,-1.009979457321397156e-03,1.943455493923199394e-19,-0.000000000000000000e+00,0.000000000000000000e+00,-5.819999999894283071e+00
5.235102336529684486e-02,-3.595187835503721452e-03,0.000000000000000000e+00,-0.000000000000000000e+00,0.000000000000000000e+00,-9.990000000093608890e+00
4.270109625706597356e-02,-1.217116311344912383e-03,0.000000000000000000e+00,-0.000000000000000000e+00,0.000000000000000000e+00,-5.279999999910861774e+00
6.953855602961311888e-02,-3.084646484328601446e-03,0.000000000000000000e+00,-0.000000000000000000e+00,0.000000000000000000e+00,-6.070000000010148611e+00
6.668068298060636501e-02,-1.209512400891621375e-03,0.000000000000000000e+00,-0.000000000000000000e+00,0.000000000000000000e+00,-2.959999999985935215e+00
5.176768495992034591e-02,-5.196151523223502267e-04,0.000000000000000000e+00,-0.000000000000000000e+00,0.000000000000000000e+00,-1.880000000046172071e+00
5.197987839907891594e-02,-5.758830141149307025e-04,0.000000000000000000e+00,-0.000000000000000000e+00,0.000000000000000000e+00,-2.019999999994802842e+00
7.457191688083364411e-02,-1.209490642948174433e-03,0.000000000000000000e+00,-0.000000000000000000e+00,0.000000000000000000e+00,-2.559999999999527986e+00
3.761164547349049592e-02,-2.770486465418775524e-04,4.450862618135219822e-20,-0.000000000000000000e+00,0.000000000000000000e+00,-1.559999999998884945e+00
9.115633041659398916e-02,-1.583697725893618014e-03,0.000000000000000000e+00,-1.272221872585407023e-14,0.000000000000000000e+00,-2.760000000005523813e+00
7.601311262206711383e-02,-1.500551862603671793e-03,0.000000000000000000e+00,-0.000000000000000000e+00,0.000000000000000000e+00,-3.129999999996328164e+00
5.300105249776265737e-02,-6.910259398600349101e-04,1.062693806215677276e-19,-0.000000000000000000e+00,0.000000000000000000e+00,-2.400000000000526157e+00
6.881633102321371709e-02,-1.089061951029313136e-03,0.000000000000000000e+00,-0.000000000000000000e+00,0.000000000000000000e+00,-2.619999999997181028e+00
6.297837810206741160e-02,-8.862047219908575357e-04,1.320781680152881865e-19,-0.000000000000000000e+00,0.000000000000000000e+00,-2.239999999999264357e+00
5.534873736890189022e-02,-5.581283277640292084e-04,0.000000000000000000e+00,-0.000000000000000000e+00,0.000000000000000000e+00,-2.069999999969520221e+00
7.094300468201897303e-02,-1.297718644257539466e-03,0.000000000000000000e+00,-1.272221872585407023e-14,0.000000000000000000e+00,-3.250000000032248870e+00
7.209848718426659087e-02,-1.200143919513285695e-03,0.000000000000000000e+00,-1.272221872585407023e-14,0.000000000000000000e+00,-2.719999999990581507e+00
7.239796320846569877e-02,-1.132879649969442681e-03,0.000000000000000000e+00,-0.000000000000000000e+00,0.000000000000000000e+00,-2.670000000015485320e+00
7.231013070483283123e-02,-1.209263654020409362e-03,0.000000000000000000e+00,-0.000000000000000000e+00,0.000000000000000000e+00,-3.219999999973958360e+00
5.572823079523281375e-02,-8.555804154528612315e-04,0.000000000000000000e+00,-0.000000000000000000e+00,0.000000000000000000e+00,-2.949999999976779641e+00
5.368042305562104044e-02,-8.497666834508255107e-04,0.000000000000000000e+00,-1.272221872585407023e-14,0.000000000000000000e+00,-3.690000000050167372e+00
5.932312809691941968e-02,-2.378870605295180241e-03,0.000000000000000000e+00,-1.272221872585407023e-14,0.000000000000000000e+00,-6.429999999949094658e+00
7.516238490059468091e-02,-3.821688016434343638e-03,0.000000000000000000e+00,-0.000000000000000000e+00,0.000000000000000000e+00,-8.320000000024732500e+00
7.611999755171039439e-02,-2.942597062698615318e-03,0.000000000000000000e+00,-0.000000000000000000e+00,0.000000000000000000e+00,-5.849999999954632379e+00
6.228887012273626178e-02,-1.096405123754751187e-03,0.000000000000000000e+00,-0.000000000000000000e+00,0.000000000000000000e+00,-3.410000000024253630e+00
8.960529082643675647e-02,-3.023358007477883191e-03,0.000000000000000000e+00,-0.000000000000000000e+00,0.000000000000000000e+00,-5.160000000038345469e+00
5.124799125302187397e-02,-7.947205930416423314e-04,0.000000000000000000e+00,-0.000000000000000000e+00,0.000000000000000000e+00,-3.400000000010988455e+00
7.489745798645131014e-02,-2.562901823037311289e-03,0.000000000000000000e+00,-0.000000000000000000e+00,0.000000000000000000e+00,-5.710000000018938593e+00
6.246664679697155886e-02,-1.995434484632019334e-03,0.000000000000000000e+00,-1.272221872585407023e-14,0.000000000000000000e+00,-5.259999999971013196e+00
4.846514499714171809e-02,-1.132572666115327920e-03,0.000000000000000000e+00,-0.000000000000000000e+00,0.000000000000000000e+00,-3.950000000000474909e+00
5.532924387994139770e-02,-1.324435451206085190e-03,0.000000000000000000e+00,-0.000000000000000000e+00,0.000000000000000000e+00,-4.119999999993881445e+00
4.782394144921370271e-02,-1.085425211184709582e-03,0.000000000000000000e+00,-0.000000000000000000e+00,0.000000000000000000e+00,-4.390000000057593610e+00
6.213460928632290325e-02,-1.842775785149353140e-03,0.000000000000000000e+00,-0.000000000000000000e+00,0.000000000000000000e+00,-4.989999999935980313e+00
6.211170112144975830e-02,-1.440297203871399034e-03,0.000000000000000000e+00,-1.272221872585407023e-14,0.000000000000000000e+00,-4.940000000039558969e+00
8.247354835528436512e-02,-3.704605423442419720e-03,0.000000000000000000e+00,-0.000000000000000000e+00,0.000000000000000000e+00,-6.960000000016389521e+00
4.833391844667145332e-02,-1.205167437746013093e-03,0.000000000000000000e+00,-0.000000000000000000e+00,0.000000000000000000e+00,-4.389999999977094447e+00
5.506648691332571843e-02,-1.489953541217392541e-03,0.000000000000000000e+00,-0.000000000000000000e+00,0.000000000000000000e+00,-4.540000000013169945e+00
6.221894472448374902e-02,-1.793416797400526619e-03,0.000000000000000000e+00,-0.000000000000000000e+00,0.000000000000000000e+00,-4.929999999989991721e+00
6.961365297821564546e-02,-2.421219544609609642e-03,0.000000000000000000e+00,-0.000000000000000000e+00,0.000000000000000000e+00,-5.569999999960169923e+00
4.842804914842691044e-02,-9.294018165528772357e-04,0.000000000000000000e+00,-1.272221872585406707e-14,0.000000000000000000e+00,-3.659999999988817532e+00
6.213486529505862777e-02,-1.785387812676120234e-03,0.000000000000000000e+00,-1.272221872585406707e-14,0.000000000000000000e+00,-5.250000000025925928e+00
5.519741882477424699e-02,-1.453572382462464674e-03,0.000000000000000000e+00,-0.000000000000000000e+00,0.000000000000000000e+00,-4.559999999972273343e+00
6.945162947921224017e-02,-2.346821712279734129e-03,0.000000000000000000e+00,-0.000000000000000000e+00,0.000000000000000000e+00,-5.510000000067515558e+00
4.127325603191145387e-02,-5.775264521115097693e-04,0.000000000000000000e+00,-0.000000000000000000e+00,0.000000000000000000e+00,-3.509999999960669914e+00
6.928148886750762347e-02,-2.290884145525140525e-03,0.000000000000000000e+00,-0.000000000000000000e+00,0.000000000000000000e+00,-5.790000000017782256e+00
6.893612172028695806e-02,-2.449310972784113360e-03,0.000000000000000000e+00,-0.000000000000000000e+00,0.000000000000000000e+00,-5.710000000022473543e+00
4.830089332749287756e-02,-9.160413872518757827e-04,0.000000000000000000e+00,-0.000000000000000000e+00,0.000000000000000000e+00,-3.810000000016211086e+00
6.230742614645068400e-02,-1.750087133212008261e-03,0.000000000000000000e+00,-0.000000000000000000e+00,0.000000000000000000e+00,-5.129999999969260038e+00
6.906930863497040551e-02,-2.334461438276536072e-03,0.000000000000000000e+00,-0.000000000000000000e+00,0.000000000000000000e+00,-5.359999999988357189e+00
3.436825357135830927e-02,-3.925074006499995605e-04,0.000000000000000000e+00,-0.000000000000000000e+00,0.000000000000000000e+00,-2.399999999997396216e+00
6.990373412658434926e-02,-2.672868435678599219e-03,0.000000000000000000e+00,-0.000000000000000000e+00,0.000000000000000000e+00,-5.699999999992141575e+00
6.533145021533204311e-02,-1.903871723906491731e-03,-3.774224672566408253e-19,-0.000000000000000000e+00,0.000000000000000000e+00,-4.540000000007538894e+00
5.073362559552496709e-02,-9.348192223510576326e-04,0.000000000000000000e+00,-0.000000000000000000e+00,0.000000000000000000e+00,-3.279999999995554916e+00
5.753979431649203224e-02,-1.523434674378210119e-03,0.000000000000000000e+00,-0.000000000000000000e+00,0.000000000000000000e+00,-4.589999999991547064e+00
6.502499746456513741e-02,-2.046983743801855660e-03,0.000000000000000000e+00,-0.000000000000000000e+00,0.000000000000000000e+00,-5.130000000056218035e+00
5.081046244133524681e-02,-1.126740812160631489e-03,-2.445272404881662634e-19,1.272221872585407023e-14,0.000000000000000000e+00,-3.780000000007364136e+00
7.253202283602955269e-02,-2.136978324122823514e-03,0.000000000000000000e+00,-0.000000000000000000e+00,0.000000000000000000e+00,-4.619999999912123734e+00
6.496263288931203306e-02,-1.516251882693581132e-03,-3.351628201316546651e-19,1.272221872585407023e-14,0.000000000000000000e+00,-4.060000000059353908e+00
5.678519934999681773e-02,-1.179698417923515097e-03,0.000000000000000000e+00,-0.000000000000000000e+00,0.000000000000000000e+00,-2.759999999975017992e+00
5.137427455708243329e-02,-8.037209974650523503e-04,-1.784541403228089073e-19,-0.000000000000000000e+00,0.000000000000000000e+00,-3.599999999943003015e+00
6.455448385463791183e-02,-2.033933281367972246e-03,0.000000000000000000e+00,1.272221872585407023e-14,0.000000000000000000e+00,-5.300000000043936232e+00
6.472565935462110120e-02,-2.121750807857050725e-03,0.000000000000000000e+00,-0.000000000000000000e+00,0.000000000000000000e+00,-5.139999999953110077e+00
6.403612457879997999e-02,-1.167932400779114754e-03,0.000000000000000000e+00,-0.000000000000000000e+00,0.000000000000000000e+00,-3.830000000100063140e+00
4.285511421281296141e-02,-4.109522776394869403e-04,0.000000000000000000e+00,1.272221872585406707e-14,0.000000000000000000e+00,-2.689999999902664474e+00
6.915858701893506932e-02,-2.201142568841102376e-03,0.000000000000000000e+00,-0.000000000000000000e+00,0.000000000000000000e+00,-5.270000000070298007e+00
4.779431955548377187e-02,-8.437773106410861867e-04,0.000000000000000000e+00,-0.000000000000000000e+00,0.000000000000000000e+00,-3.239999999988762536e+00
6.275768595745959133e-02,-1.199812247472620275e-03,0.000000000000000000e+00,-0.000000000000000000e+00,0.000000000000000000e+00,-2.640000000018028370e+00
5.418367872482530989e-02,-1.149323319139694544e-03,-2.492864910100074053e-19,-0.000000000000000000e+00,0.000000000000000000e+00,-3.760000000028902445e+00
6.843434608878040670e-02,-2.307354803764483098e-03,0.000000000000000000e+00,-0.000000000000000000e+00,0.000000000000000000e+00,-5.019999999956512582e+00
4.766796123893533854e-02,-7.447906921799196667e-04,0.000000000000000000e+00,1.272221872585407023e-14,0.000000000000000000e+00,-2.939999999981561363e+00
5.396796687507118828e-02,-1.296787368078672342e-03,0.000000000000000000e+00,1.272221872585407023e-14,0.000000000000000000e+00,-3.809999999976791507e+00
5.447438721328781708e-02,-1.325160297299898815e-03,0.000000000000000000e+00,1.272221872585407023e-14,0.000000000000000000e+00,-3.450000000103727427e+00
6.750847677514121292e-02,-1.392311360143005938e-04,0.000000000000000000e+00,-0.000000000000000000e+00,0.000000000000000000e+00,-2.599999999224048008e-01
4.673995219059451367e-02,-7.614319861112828214e-05,0.000000000000000000e+00,-0.000000000000000000e+00,0.000000000000000000e+00,-3.799999999973715514e-01
4.644120005743251900e-02,-1.270685772265800484e-04,0.000000000000000000e+00,-0.000000000000000000e+00,0.000000000000000000e+00,-4.699999999610995904e-01
6.064267480521939868e-02,1.284805595247462406e-13,0.000000000000000000e+00,-0.000000000000000000e+00,0.000000000000000000e+00,-5.000000004816792382e-02
7.258339411492864546e-02,-1.152791445848677654e-04,0.000000000000000000e+00,-0.000000000000000000e+00,0.000000000000000000e+00,-3.800000000723735560e-01
3.855158545248793533e-02,-1.129556363033412669e-04,0.000000000000000000e+00,-0.000000000000000000e+00,0.000000000000000000e+00,-7.899999998881788166e-01
7.304975904865640413e-02,-1.834246677874268316e-03,0.000000000000000000e+00,1.272221872585407023e-14,0.000000000000000000e+00,-5.480000000108200098e+00
6.184792413612938411e-02,-2.360992281191340303e-03,0.000000000000000000e+00,-0.000000000000000000e+00,0.000000000000000000e+00,-6.589999999946368980e+00
6.633748939085049035e-02,-2.953014499310339935e-03,0.000000000000000000e+00,-0.000000000000000000e+00,0.000000000000000000e+00,-7.389999999998387636e+00
4.444372932681062149e-02,-1.261623680900103572e-03,2.796993091912298135e-19,-0.000000000000000000e+00,0.000000000000000000e+00,-5.559999999970679951e+00
4.953526934527596737e-02,-1.871710327505993199e-03,4.118544179794615430e-19,-0.000000000000000000e+00,0.000000000000000000e+00,-7.740000000000035740e+00
2.760529871195516183e-02,-9.816066066910267285e-04,2.114582691828353616e-19,-1.272221872585407023e-14,0.000000000000000000e+00,-8.050000000029312375e+00
3.254459358366768029e-02,-2.195669923982734861e-03,0.000000000000000000e+00,-0.000000000000000000e+00,0.000000000000000000e+00,-1.165999999998258652e+01
3.867002698239596636e-02,-2.114292110883986275e-03,0.000000000000000000e+00,-0.000000000000000000e+00,0.000000000000000000e+00,-8.130000000030316087e+00
6.762963509660457895e-02,-4.650528358702277210e-03,8.691593024754128169e-19,-0.000000000000000000e+00,0.000000000000000000e+00,-8.469999999960551307e+00
5.277997614743601407e-02,-1.016102492561121728e-03,0.000000000000000000e+00,-0.000000000000000000e+00,0.000000000000000000e+00,-3.759999999968540951e+00
5.297794237973407760e-02,-1.366799308891386566e-03,0.000000000000000000e+00,-0.000000000000000000e+00,0.000000000000000000e+00,-4.490000000032184246e+00
7.623746723260471647e-02,-2.729019326786819022e-03,0.000000000000000000e+00,-0.000000000000000000e+00,0.000000000000000000e+00,-7.080000000010206129e+00
4.245385834283099680e-02,-1.667844975825727438e-03,0.000000000000000000e+00,-0.000000000000000000e+00,0.000000000000000000e+00,-7.330000000000127969e+00
7.202357960864436137e-02,-4.595023092963668176e-03,0.000000000000000000e+00,-1.272221872585407023e-14,0.000000000000000000e+00,-8.170000000006043095e+00
5.771632907295054515e-02,-1.393130216613691630e-03,2.093120750436704171e-19,-0.000000000000000000e+00,0.000000000000000000e+00,-4.019999999991993533e+00
8.627488601709315530e-02,-2.095269786140274704e-03,0.000000000000000000e+00,-0.000000000000000000e+00,0.000000000000000000e+00,-3.850000000006680523e+00
4.319570167586522791e-02,-4.467976008879492866e-04,0.000000000000000000e+00,-0.000000000000000000e+00,0.000000000000000000e+00,-2.169999999992466844e+00
1.037351952709520408e-01,-2.972187120768188251e-03,0.000000000000000000e+00,-0.000000000000000000e+00,0.000000000000000000e+00,-3.969999999965024617e+00
6.097601324062484895e-02,-7.102583779186044666e-04,0.000000000000000000e+00,-0.000000000000000000e+00,0.000000000000000000e+00,-2.020000000064558598e+00
6.089091788700251584e-02,-6.691222975105937110e-04,0.000000000000000000e+00,-1.272221872585406707e-14,0.000000000000000000e+00,-2.249999999952977170e+00
8.661615367108654873e-02,-2.056594663057076389e-03,0.000000000000000000e+00,-0.000000000000000000e+00,0.000000000000000000e+00,-3.510000000063810521e+00
6.119037783158809418e-02,-6.388578473217609854e-04,0.000000000000000000e+00,-1.272221872585407023e-14,0.000000000000000000e+00,-2.019999999950820690e+00
8.791372983527290241e-02,-1.541058120453353553e-03,0.000000000000000000e+00,-1.272221872585407023e-14,0.000000000000000000e+00,-2.969999999976359550e+00
7.801443735675250846e-02,-1.600146069837160567e-03,0.000000000000000000e+00,-0.000000000000000000e+00,0.000000000000000000e+00,-3.310000000016307897e+00
7.018493674977710484e-02,-9.728773041282057221e-04,0.000000000000000000e+00,-1.272221872585407023e-14,0.000000000000000000e+00,-2.429999999999441940e+00
6.136193640528342375e-02,-6.681189001747078748e-04,0.000000000000000000e+00,-1.272221872585407023e-14,0.000000000000000000e+00,-2.270000000060949041e+00
8.729752824144820789e-02,-2.021626447721969200e-03,0.000000000000000000e+00,-1.272221872585407023e-14,0.000000000000000000e+00,-4.089999999909593953e+00
6.148777079392309108e-02,-7.371124838602138851e-04,0.000000000000000000e+00,-0.000000000000000000e+00,0.000000000000000000e+00,-2.390000000103439604e+00
8.812359156234417235e-02,-1.723117472888890944e-03,0.000000000000000000e+00,-0.000000000000000000e+00,0.000000000000000000e+00,-3.309999999943094906e+00
6.140203440381253319e-02,-7.956070605916742977e-04,0.000000000000000000e+00,-0.000000000000000000e+00,0.000000000000000000e+00,-2.659999999977882279e+00
7.050835274385314211e-02,-1.537187527532513087e-03,0.000000000000000000e+00,-0.000000000000000000e+00,0.000000000000000000e+00,-3.169999999968502014e+00
6.033435036255740958e-02,-8.086542870007207284e-04,0.000000000000000000e+00,-0.000000000000000000e+00,0.000000000000000000e+00,-2.390000000024774973e+00
5.649624437848632663e-02,-7.651676310636013056e-04,0.000000000000000000e+00,-0.000000000000000000e+00,0.000000000000000000e+00,-2.310000000017213395e+00
1.526721346785053779e-02,-2.488227992580860359e-05,0.000000000000000000e+00,-0.000000000000000000e+00,0.000000000000000000e+00,-6.100000000474850026e-01
1.322025958541250823e-03,-1.406756710897738571e-06,0.000000000000000000e+00,-1.272221872585407023e-14,0.000000000000000000e+00,-1.099999999356234548e-01
1.953186730096689860e-02,-2.259735528542528016e-05,0.000000000000000000e+00,-0.000000000000000000e+00,0.000000000000000000e+00,-3.800000000345181150e-01
3.262140395264689907e-02,-3.124585088563058832e-04,0.000000000000000000e+00,-1.272221872585407023e-14,0.000000000000000000e+00,-1.719999999951403291e+00
4.673258630544141479e-02,-5.783001538790522034e-04,0.000000000000000000e+00,-0.000000000000000000e+00,0.000000000000000000e+00,-2.540000000054311258e+00
6.376912953824132035e-02,-1.469323154356994010e-03,0.000000000000000000e+00,-0.000000000000000000e+00,0.000000000000000000e+00,-4.520000000017187602e+00
6.235191563792957803e-02,-1.712823381884609475e-03,0.000000000000000000e+00,-0.000000000000000000e+00,0.000000000000000000e+00,-5.099999999927568695e+00
5.454775102313091928e-02,-1.587962957789734730e-03,0.000000000000000000e+00,-1.272221872585406707e-14,0.000000000000000000e+00,-5.030000000030399043e+00
6.657600109683994849e-02,-1.778529016464469592e-03,1.941575434323642020e-19,-0.000000000000000000e+00,0.000000000000000000e+00,-3.739999999979551681e+00
5.748652352999342185e-02,-1.509463296187618653e-04,0.000000000000000000e+00,-0.000000000000000000e+00,0.000000000000000000e+00,-2.299999999686501151e-01
8.350053759181463864e-02,1.999071746066061195e-04,-2.168052519920167017e-20,-1.272221872585406707e-14,0.000000000000000000e+00,6.399999999193483058e-01
6.797675465239294557e-02,3.074957435953429297e-04,0.000000000000000000e+00,-0.000000000000000000e+00,0.000000000000000000e+00,7.999999999986957544e-01
1.688780777999931981e-02,2.209121705720740181e-05,-2.405272701657535642e-21,-0.000000000000000000e+00,0.000000000000000000e+00,2.400000000255043398e-01
2.686704261124384097e-03,-1.317435756265084024e-06,1.435578628919797576e-22,-0.000000000000000000e+00,0.000000000000000000e+00,2.800000000193923477e-01
-1.705841908072325275e-04,-9.676282153314730294e-08,1.055438102194025699e-23,-0.000000000000000000e+00,0.000000000000000000e+00,-4.000000001949977069e-02
2.473470411942624292e-03,-8.634018799913434350e-07,0.000000000000000000e+00,-0.000000000000000000e+00,0.000000000000000000e+00,-3.999999999558395691e-02
2.763463659355636093e-02,3.051698886924469889e-07,0.000000000000000000e+00,-0.000000000000000000e+00,0.000000000000000000e+00,-1.000000000130402654e-02
5.381930455233219224e-02,1.417918200674606055e-05,0.000000000000000000e+00,-0.000000000000000000e+00,0.000000000000000000e+00,4.000000002375973113e-02
5.595159623809342619e-02,2.142134224891734107e-05,-2.336152966064206657e-21,-0.000000000000000000e+00,0.000000000000000000e+00,8.999999995097930638e-02
8.132560339598993160e-02,-2.104765505892558508e-04,0.000000000000000000e+00,-0.000000000000000000e+00,0.000000000000000000e+00,-3.199999999777045079e-01
5.740157507758114619e-02,4.250034287833770463e-06,0.000000000000000000e+00,-1.272221872585407023e-14,0.000000000000000000e+00,9.999999999784103463e-03
6.635724270911613765e-02,-5.686561163731340685e-06,0.000000000000000000e+00,-0.000000000000000000e+00,0.000000000000000000e+00,1.179355926296091449e-14
7.411871866833763534e-02,-9.092529271703675420e-05,0.000000000000000000e+00,-0.000000000000000000e+00,0.000000000000000000e+00,-2.400000000727057214e-01
5.855301825513925529e-02,-4.421222693284931893e-06,0.000000000000000000e+00,-0.000000000000000000e+00,0.000000000000000000e+00,1.000000002780183049e-02
6.733807961104065765e-02,4.413780838419256725e-05,-4.801201109357716349e-21,-1.272221872585406707e-14,0.000000000000000000e+00,8.999999997990484890e-02
7.143211665535886823e-02,2.496428887943658026e-05,-2.717333597166738673e-21,-0.000000000000000000e+00,0.000000000000000000e+00,-1.699999999442120269e-01
7.316742525739350356e-02,-1.001778607814252098e-03,0.000000000000000000e+00,-0.000000000000000000e+00,0.000000000000000000e+00,-2.599999999972615772e+00
4.605207698057700583e-02,-4.968463340990769694e-04,0.000000000000000000e+00,-0.000000000000000000e+00,0.000000000000000000e+00,-2.280000000045882658e+00
5.682630665549859295e-02,-1.180689755481800773e-03,0.000000000000000000e+00,-0.000000000000000000e+00,0.000000000000000000e+00,-3.999999999959145125e+00
5.055545861125099183e-02,-1.137313280462404208e-03,0.000000000000000000e+00,-0.000000000000000000e+00,0.000000000000000000e+00,-3.899999999988573052e+00
5.729309764895085255e-02,-1.291582051871298376e-03,0.000000000000000000e+00,-0.000000000000000000e+00,0.000000000000000000e+00,-3.799999999963534769e+00
4.749653480256832427e-02,-8.246772093367660261e-04,0.000000000000000000e+00,-0.000000000000000000e+00,0.000000000000000000e+00,-3.190000000077237274e+00
6.271239387815108479e-02,-1.251491649696401254e-03,0.000000000000000000e+00,-0.000000000000000000e+00,0.000000000000000000e+00,-2.250000000008250289e+00
7.976833450342180054e-02,-1.506117974772624990e-03,0.000000000000000000e+00,-0.000000000000000000e+00,0.000000000000000000e+00,-2.839999999947735887e+00
6.494563466974367927e-02,-5.628635189447450671e-04,0.000000000000000000e+00,-0.000000000000000000e+00,0.000000000000000000e+00,-1.899999999966928810e+00
3.799357384490953393e-02,-4.043136009639347606e-04,-3.726871125817353326e-20,1.272221872585406707e-14,0.000000000000000000e+00,-2.840000000048716000e+00
4.617337704816926180e-02,-2.408565193654066405e-03,0.000000000000000000e+00,-0.000000000000000000e+00,0.000000000000000000e+00,-7.880000000019677486e+00
2.970916283358410181e-02,-6.718883254581697884e-04,0.000000000000000000e+00,1.272221872585406707e-14,0.000000000000000000e+00,-4.699999999986642862e+00
4.958240265108337930e-02,-1.846404744754170935e-03,0.000000000000000000e+00,-0.000000000000000000e+00,0.000000000000000000e+00,-6.070000000050621125e+00
6.257832599134609264e-02,-2.402116949939969714e-03,0.000000000000000000e+00,-0.000000000000000000e+00,0.000000000000000000e+00,-5.419999999952467284e+00
5.180194501633890447e-02,-8.793375859994512211e-04,0.000000000000000000e+00,-0.000000000000000000e+00,0.000000000000000000e+00,-2.460000000024519906e+00
5.420227985583456198e-02,-2.116281738593350781e-04,0.000000000000000000e+00,-0.000000000000000000e+00,0.000000000000000000e+00,-7.599999999910410642e-01
7.769708679730080725e-02,-6.021081214369061740e-04,0.000000000000000000e+00,-0.000000000000000000e+00,0.000000000000000000e+00,-1.269999999981881178e+00
5.403106593738832286e-02,-2.817020232317446471e-04,0.000000000000000000e+00,-1.272221872585406707e-14,0.000000000000000000e+00,-1.040000000046662709e+00
6.588497931521468398e-02,-5.063353633354417127e-04,0.000000000000000000e+00,-0.000000000000000000e+00,0.000000000000000000e+00,-1.540000000010346204e+00
5.547157990752640822e-02,-8.505719853983961798e-04,0.000000000000000000e+00,-0.000000000000000000e+00,0.000000000000000000e+00,-3.310000000010891785e+00
4.038703843673513427e-02,-1.337915001324851971e-03,1.192850407017916818e-19,-1.272221872585406707e-14,0.000000000000000000e+00,-6.869999999979509830e+00
1.875392050926055765e-02,-4.260864506120398687e-04,0.000000000000000000e+00,-1.272221872585407023e-14,0.000000000000000000e+00,-6.439999999960772215e+00
3.316836583987647913e-02,-2.511309446953990943e-03,0.000000000000000000e+00,-0.000000000000000000e+00,0.000000000000000000e+00,-1.092000000000628113e+01
3.881902152390082072e-02,-1.297130051254313798e-03,1.282875209911220930e-19,-0.000000000000000000e+00,0.000000000000000000e+00,-5.159999999999191012e+00
6.406363530867253964e-02,-1.668105149118304098e-03,1.718641410900166812e-19,-1.272221872585406707e-14,0.000000000000000000e+00,-3.609999999999323972e+00
7.314279097202947000e-02,-1.957830644062852343e-03,0.000000000000000000e+00,-0.000000000000000000e+00,0.000000000000000000e+00,-4.070000000004162288e+00
5.163696888243074490e-02,-6.948624104432532533e-04,-7.679843357292998518e-20,-0.000000000000000000e+00,0.000000000000000000e+00,-2.389999999993656310e+00
5.120908461148654389e-02,-7.164335461919968395e-04,0.000000000000000000e+00,-0.000000000000000000e+00,0.000000000000000000e+00,-2.240000000005516689e+00
5.282770273641101966e-02,-8.190059865194054822e-04,0.000000000000000000e+00,-0.000000000000000000e+00,0.000000000000000000e+00,-2.999999999995262456e+00
4.419504853707789671e-02,-1.149446217151739447e-03,0.000000000000000000e+00,-0.000000000000000000e+00,0.000000000000000000e+00,-5.639999999988210000e+00
3.642351845808211586e-02,-1.351416743832656309e-03,0.000000000000000000e+00,-0.000000000000000000e+00,0.000000000000000000e+00,-5.310000000004361453e+00
1.279232528009588421e-02,-1.416889745868843420e-04,0.000000000000000000e+00,-0.000000000000000000e+00,0.000000000000000000e+00,-2.060000000017272459e+00
2.558772064120695688e-04,8.038667511645058994e-07,0.000000000000000000e+00,-0.000000000000000000e+00,0.000000000000000000e+00,-4.999999997334235446e-02
4.440892098500626162e-16,6.661338147750939243e-16,0.000000000000000000e+00,-0.000000000000000000e+00,0.000000000000000000e+00,4.999999997340220936e-02
2.220446049250313081e-16,8.881784197001252323e-16,0.000000000000000000e+00,-0.000000000000000000e+00,0.000000000000000000e+00,4.664533421404994349e-14
2.220446049250313081e-16,8.881784197001252323e-16,0.000000000000000000e+00,-0.000000000000000000e+00,0.000000000000000000e+00,4.664533421404994349e-14
2.220446049250313081e-16,8.881784197001252323e-16,0.000000000000000000e+00,-0.000000000000000000e+00,0.000000000000000000e+00,4.664533421404994349e-14
-1.663195708825648822e-02,1.533279917698138206e-06,0.000000000000000000e+00,-0.000000000000000000e+00,0.000000000000000000e+00,-2.000000000886155774e-02
-3.484181661818119835e-02,4.197932073513044315e-06,0.000000000000000000e+00,1.272221872585406707e-14,0.000000000000000000e+00,-1.999999999655733413e-02
-3.347714448221150718e-02,2.188282960613463501e-06,0.000000000000000000e+00,-0.000000000000000000e+00,0.000000000000000000e+00,-9.999999967872385404e-03
-8.017455060514322440e-03,2.277602999534167338e-06,3.191342630874897059e-22,1.272221872585406707e-14,0.000000000000000000e+00,-8.000000003100503354e-02
6.823367033070848464e-04,-5.210773057484630044e-08,0.000000000000000000e+00,-0.000000000000000000e+00,0.000000000000000000e+00,-2.000000002167428778e-02
8.881784197001252323e-16,0.000000000000000000e+00,0.000000000000000000e+00,-0.000000000000000000e+00,0.000000000000000000e+00,-6.362420907684241607e-15
8.881784197001252323e-16,0.000000000000000000e+00,0.000000000000000000e+00,-0.000000000000000000e+00,0.000000000000000000e+00,-6.362420907684241607e-15
