7.322323491551957497e-02,-2.320769676156242411e-05,0.000000000000000000e+00,-0.000000000000000000e+00,0.000000000000000000e+00,-9.999999979921778137e-03
4.976793197753903719e-02,-3.096344914799153969e-06,0.000000000000000000e+00,-1.272221872585407023e-14,0.000000000000000000e+00,4.999999995876944908e-02
5.326485353516624555e-02,6.127188380744552632e-05,-1.192374332731937428e-20,-0.000000000000000000e+00,0.000000000000000000e+00,9.999999994881642040e-02
5.693244598266206102e-02,-4.194952112224203944e-05,0.000000000000000000e+00,-0.000000000000000000e+00,0.000000000000000000e+00,-9.999999994879538168e-02
4.725179891993736003e-02,-2.847744087319803441e-05,5.542096681106967165e-21,-0.000000000000000000e+00,0.000000000000000000e+00,-1.000000000062547939e-01
7.463056547347327041e-02,-3.204270979595413849e-05,0.000000000000000000e+00,-0.000000000000000000e+00,0.000000000000000000e+00,3.146460921227977257e-15
5.548243282421365385e-02,6.166634823734362669e-05,0.000000000000000000e+00,-0.000000000000000000e+00,0.000000000000000000e+00,1.600000000342745310e-01
7.087772468904349199e-02,2.761403959272712427e-06,0.000000000000000000e+00,-0.000000000000000000e+00,0.000000000000000000e+00,-3.000000008310991020e-02
7.147476965788432390e-02,4.190487429611700065e-06,0.000000000000000000e+00,-0.000000000000000000e+00,0.000000000000000000e+00,5.000000000554547658e-02
7.198645679908437234e-02,7.538406891582916103e-05,-1.466979849733587526e-20,-0.000000000000000000e+00,0.000000000000000000e+00,1.700000000100629627e-01
5.599425550506831328e-02,5.567467759814981321e-06,0.000000000000000000e+00,-0.000000000000000000e+00,0.000000000000000000e+00,5.000000000643563952e-02
5.586631448174814163e-02,-1.382190897913915251e-05,0.000000000000000000e+00,-1.272221872585407023e-14,0.000000000000000000e+00,1.000000004302131762e-02
7.271149021212378050e-02,3.798977712343720725e-05,0.000000000000000000e+00,-0.000000000000000000e+00,0.000000000000000000e+00,7.999999991612820327e-02
8.107004720788396623e-02,9.620252142483742830e-05,0.000000000000000000e+00,-1.272221872585407023e-14,0.000000000000000000e+00,1.099999999952498142e-01
5.676188391387881893e-02,7.115640458188465800e-06,0.000000000000000000e+00,-0.000000000000000000e+00,0.000000000000000000e+00,-3.999999993783006497e-02
8.170978115106897199e-02,6.586431948274462655e-05,0.000000000000000000e+00,-0.000000000000000000e+00,0.000000000000000000e+00,1.300000000378331855e-01
6.563225861134980299e-02,1.283941357854700982e-05,0.000000000000000000e+00,-0.000000000000000000e+00,0.000000000000000000e+00,5.000000000531909516e-02
9.898146661044071593e-02,4.436110409344884431e-06,0.000000000000000000e+00,-0.000000000000000000e+00,0.000000000000000000e+00,2.999999996814033121e-02
5.718832646047611323e-02,3.436496489117590869e-05,0.000000000000000000e+00,-0.000000000000000000e+00,0.000000000000000000e+00,1.399999999629932546e-01
8.269055761062427123e-02,1.183086067606531344e-04,0.000000000000000000e+00,-0.000000000000000000e+00,0.000000000000000000e+00,1.900000000749861861e-01
5.812655165380720135e-02,-2.018579193008296357e-05,0.000000000000000000e+00,-0.000000000000000000e+00,0.000000000000000000e+00,2.297533197881762430e-15
6.686892308234682059e-02,8.193402438971819635e-05,0.000000000000000000e+00,-0.000000000000000000e+00,0.000000000000000000e+00,1.799999999679729179e-01
7.505684584602079212e-02,1.353086315842855214e-04,0.000000000000000000e+00,-0.000000000000000000e+00,0.000000000000000000e+00,2.300000000246853471e-01
5.846772300762692609e-02,1.450667665037208565e-05,0.000000000000000000e+00,-0.000000000000000000e+00,0.000000000000000000e+00,-1.000000005682322515e-02
8.414061438734043996e-02,5.284627319246393284e-05,-1.022354434972642429e-20,-0.000000000000000000e+00,0.000000000000000000e+00,1.199999999859764771e-01
7.590984075154483257e-02,1.059306607388288413e-04,0.000000000000000000e+00,-0.000000000000000000e+00,0.000000000000000000e+00,1.600000000323286986e-01
5.910741516327844280e-02,1.177504399318962669e-05,0.000000000000000000e+00,-0.000000000000000000e+00,0.000000000000000000e+00,-3.999999999364346054e-02
7.612318224594250005e-02,2.224009631590639913e-05,0.000000000000000000e+00,-0.000000000000000000e+00,0.000000000000000000e+00,7.000000004471959580e-02
7.633635370895031080e-02,7.549571505838237329e-05,0.000000000000000000e+00,-0.000000000000000000e+00,0.000000000000000000e+00,1.399999999892534985e-01
6.797779194409381276e-02,7.286835729702900721e-06,0.000000000000000000e+00,-1.272221872585407023e-14,0.000000000000000000e+00,9.999999989996836980e-03
7.701871595192311126e-02,4.963826875792332061e-05,0.000000000000000000e+00,-0.000000000000000000e+00,0.000000000000000000e+00,1.299999999625902070e-01
7.804211343190936567e-02,1.188370220658319099e-04,0.000000000000000000e+00,-0.000000000000000000e+00,0.000000000000000000e+00,2.100000000171897696e-01
6.102648760169193665e-02,9.140177532951376804e-06,0.000000000000000000e+00,-0.000000000000000000e+00,0.000000000000000000e+00,2.000000000270750131e-02
6.115442332406528791e-02,9.281591557663837477e-06,0.000000000000000000e+00,-0.000000000000000000e+00,0.000000000000000000e+00,7.999999993789716490e-02
8.772275821454811329e-02,1.299719542534605310e-04,-2.490066984087881552e-20,-0.000000000000000000e+00,0.000000000000000000e+00,2.300000000318951632e-01
5.893680230477493787e-02,3.912112538306811160e-05,0.000000000000000000e+00,-0.000000000000000000e+00,0.000000000000000000e+00,2.899999999717637333e-01
7.193027749481850641e-02,1.038513503013982486e-03,-1.974877804923552926e-19,-0.000000000000000000e+00,0.000000000000000000e+00,3.190000000048912376e+00
5.651605193525877091e-02,2.200436386215698370e-03,0.000000000000000000e+00,-0.000000000000000000e+00,0.000000000000000000e+00,7.169999999998956319e+00
2.417303944545579064e-02,4.535116286029650112e-04,0.000000000000000000e+00,-0.000000000000000000e+00,0.000000000000000000e+00,4.159999999944083982e+00
1.508501872666667687e-02,4.218974123211260974e-04,0.000000000000000000e+00,-1.272221872585407023e-14,0.000000000000000000e+00,6.149999999978427390e+00
7.530164606901479374e-03,3.729049056349076352e-04,0.000000000000000000e+00,-0.000000000000000000e+00,0.000000000000000000e+00,1.078000000011007131e+01
9.839003518158584427e-03,1.222002056871618336e-03,0.000000000000000000e+00,-0.000000000000000000e+00,0.000000000000000000e+00,1.496999999994643105e+01
3.003897097644214753e-02,2.894302901848444520e-03,0.000000000000000000e+00,-0.000000000000000000e+00,0.000000000000000000e+00,1.302000000004456659e+01
4.007790699437097093e-02,2.152887783643642194e-03,-2.056492900435526443e-19,-0.000000000000000000e+00,0.000000000000000000e+00,8.469999999941034474e+00
7.839490666799087126e-02,4.109589085302900457e-03,3.823520719615472240e-19,-0.000000000000000000e+00,0.000000000000000000e+00,6.639999999981204049e+00
6.045674310378806871e-02,9.499830099315431653e-04,0.000000000000000000e+00,-0.000000000000000000e+00,0.000000000000000000e+00,3.180000000035920760e+00
6.922946760910135555e-02,1.440933317796044832e-03,0.000000000000000000e+00,1.272221872585407023e-14,0.000000000000000000e+00,3.750000000026322944e+00
7.800655159111516412e-02,1.795898137930240779e-03,0.000000000000000000e+00,-0.000000000000000000e+00,0.000000000000000000e+00,4.129999999979122371e+00
6.100843120497180527e-02,1.043153489121095845e-03,0.000000000000000000e+00,-0.000000000000000000e+00,0.000000000000000000e+00,3.400000000002715517e+00
7.890168618300642811e-02,2.665050437144156348e-03,0.000000000000000000e+00,1.272221872585407023e-14,0.000000000000000000e+00,7.020000000068587376e+00
8.719502702455347865e-02,4.633438944112278080e-03,0.000000000000000000e+00,-0.000000000000000000e+00,0.000000000000000000e+00,8.819999999900712595e+00
7.041159395933804799e-02,2.738553564547441255e-03,2.610368971167399796e-19,-0.000000000000000000e+00,0.000000000000000000e+00,6.719999999998114149e+00
6.198105449695545666e-02,1.473047396261861763e-03,0.000000000000000000e+00,1.272221872585407023e-14,0.000000000000000000e+00,3.780000000069622779e+00
7.176685340581590022e-02,7.427265716171138621e-04,0.000000000000000000e+00,-0.000000000000000000e+00,0.000000000000000000e+00,1.469999999968119475e+00
6.324147789100098560e-02,4.303069997872999153e-04,4.348438922620462916e-20,-0.000000000000000000e+00,0.000000000000000000e+00,1.230000000037061003e+00
1.081309984644094335e-01,1.666601288081048793e-03,1.695545813857266027e-19,-0.000000000000000000e+00,0.000000000000000000e+00,2.169999999917526345e+00
6.358343564722179764e-02,3.599812327199636286e-04,0.000000000000000000e+00,-0.000000000000000000e+00,0.000000000000000000e+00,1.070000000073134006e+00
7.253699348672637548e-02,5.961318992635522562e-04,0.000000000000000000e+00,-0.000000000000000000e+00,0.000000000000000000e+00,1.280000000023852946e+00
7.897138870790643139e-02,9.226167536926510593e-04,0.000000000000000000e+00,-0.000000000000000000e+00,0.000000000000000000e+00,2.689999999914880924e+00
6.408358438250605360e-02,1.998118594245035240e-03,0.000000000000000000e+00,1.272221872585406707e-14,0.000000000000000000e+00,5.480000000009075833e+00
6.888100104963879033e-02,4.184271446659337812e-03,0.000000000000000000e+00,1.272221872585406707e-14,0.000000000000000000e+00,1.034999999998172626e+01
4.474864008078460742e-02,2.434093492040823037e-03,0.000000000000000000e+00,-0.000000000000000000e+00,0.000000000000000000e+00,9.700000000038262016e+00
6.008517680388791860e-02,4.453785698371959256e-03,0.000000000000000000e+00,-0.000000000000000000e+00,0.000000000000000000e+00,1.075000000000781775e+01
8.591583699446947442e-02,4.997717105897470091e-03,0.000000000000000000e+00,-0.000000000000000000e+00,0.000000000000000000e+00,8.489999999973674605e+00
8.243417366128280577e-02,2.127223268033717751e-03,3.411733591634816080e-19,-0.000000000000000000e+00,0.000000000000000000e+00,3.440000000078613507e+00
6.464694453234098859e-02,5.556941638426016183e-04,0.000000000000000000e+00,-0.000000000000000000e+00,0.000000000000000000e+00,1.399999999934202766e+00
6.396436803725924491e-02,5.290917154294749736e-04,9.027245365185085065e-20,-0.000000000000000000e+00,0.000000000000000000e+00,1.809999999992559117e+00
1.102875289622644583e-01,2.313653279293670373e-03,0.000000000000000000e+00,-0.000000000000000000e+00,0.000000000000000000e+00,3.240000000043953499e+00
4.575731509203140313e-02,2.996504276656652976e-04,0.000000000000000000e+00,-0.000000000000000000e+00,0.000000000000000000e+00,1.260000000003489662e+00
8.430039318553195216e-02,1.014846095890420408e-03,1.860119969953296620e-19,-0.000000000000000000e+00,0.000000000000000000e+00,2.589999999914957662e+00
7.214369018487376550e-02,1.091983686582032043e-03,0.000000000000000000e+00,-0.000000000000000000e+00,0.000000000000000000e+00,2.580000000102637525e+00
5.488329524621859967e-02,3.655670490394502536e-04,7.043383134668569464e-20,-0.000000000000000000e+00,0.000000000000000000e+00,1.229999999962578361e+00
8.327345519241102778e-02,1.169621177597224282e-03,0.000000000000000000e+00,-0.000000000000000000e+00,0.000000000000000000e+00,2.910000000027010092e+00
8.280170807715681036e-02,1.311028214564025074e-03,0.000000000000000000e+00,-0.000000000000000000e+00,0.000000000000000000e+00,2.489999999974927380e+00
6.490488479883083084e-02,4.418745379385358163e-04,0.000000000000000000e+00,-0.000000000000000000e+00,0.000000000000000000e+00,1.379999999958151591e+00
8.620734376331840032e-02,1.565683202300438559e-03,0.000000000000000000e+00,-0.000000000000000000e+00,0.000000000000000000e+00,2.960000000080530214e+00
6.293832262242771147e-02,7.400976530487213267e-04,0.000000000000000000e+00,-0.000000000000000000e+00,0.000000000000000000e+00,1.349999999981705834e+00
7.138946948353974697e-02,2.524712466139833467e-05,0.000000000000000000e+00,-0.000000000000000000e+00,0.000000000000000000e+00,1.999999999281271423e-01
3.492687142063499728e-02,8.828258955817513964e-05,0.000000000000000000e+00,-0.000000000000000000e+00,0.000000000000000000e+00,5.800000000327656391e-01
2.375381517379793195e-02,3.001071318464720861e-05,6.305174440625909703e-21,1.272221872585407023e-14,0.000000000000000000e+00,2.500000000033299474e-01
5.219486114187132930e-02,4.494227202518352726e-04,9.451597904908738234e-20,-0.000000000000000000e+00,0.000000000000000000e+00,1.730000000017815287e+00
5.445615984563734191e-02,4.651545162405734679e-04,0.000000000000000000e+00,-0.000000000000000000e+00,0.000000000000000000e+00,1.049999999933690864e+00
8.972527880784386678e-02,5.044230525897974715e-04,0.000000000000000000e+00,-0.000000000000000000e+00,0.000000000000000000e+00,9.700000000438495640e-01
6.439412325739035659e-02,3.407202225457206524e-04,0.000000000000000000e+00,-0.000000000000000000e+00,0.000000000000000000e+00,1.060000000011102506e+00
9.164285666644345074e-02,6.417488487570621736e-04,0.000000000000000000e+00,-0.000000000000000000e+00,0.000000000000000000e+00,9.799999999942985429e-01
6.511934985279088650e-02,3.024783980379308623e-04,0.000000000000000000e+00,-0.000000000000000000e+00,0.000000000000000000e+00,8.599999999922351979e-01
9.300533845837188895e-02,8.337383557813771162e-04,0.000000000000000000e+00,-0.000000000000000000e+00,0.000000000000000000e+00,1.220000000052933853e+00
6.494837158681071587e-02,3.367227532010685920e-04,7.225578646633759342e-20,-0.000000000000000000e+00,0.000000000000000000e+00,1.029999999885914619e+00
6.524766450032529197e-02,2.405456478606349258e-04,0.000000000000000000e+00,-0.000000000000000000e+00,0.000000000000000000e+00,6.400000000798745647e-01
8.409705481077495159e-02,2.968599258522108819e-04,-6.379351788362202771e-20,-0.000000000000000000e+00,0.000000000000000000e+00,8.399999999545979534e-01
6.486293607149437590e-02,3.433162162997382971e-04,0.000000000000000000e+00,-0.000000000000000000e+00,0.000000000000000000e+00,8.400000000515955856e-01
8.571169286675260623e-02,6.955723840880168041e-04,0.000000000000000000e+00,-0.000000000000000000e+00,0.000000000000000000e+00,2.400000000039530956e+00
2.319907350076172436e-02,8.997901617241454986e-05,1.933140017114426571e-20,-0.000000000000000000e+00,0.000000000000000000e+00,7.599999999290359964e-01
-2.558719213088950228e-04,-2.433901661991200172e-06,-5.227609006496471445e-22,-0.000000000000000000e+00,0.000000000000000000e+00,2.399999999874203316e-01
3.539621665601552780e-03,4.715117185583039827e-13,0.000000000000000000e+00,-0.000000000000000000e+00,0.000000000000000000e+00,-7.048681342727292265e-15
1.428642464151046176e-02,-1.771467523392633581e-06,0.000000000000000000e+00,-0.000000000000000000e+00,0.000000000000000000e+00,-9.999999951878201995e-03
4.072696733701658411e-02,1.526587654587796550e-05,0.000000000000000000e+00,-0.000000000000000000e+00,0.000000000000000000e+00,4.999999999581530852e-02
6.831896090816388933e-02,1.255657550464084338e-05,0.000000000000000000e+00,-0.000000000000000000e+00,0.000000000000000000e+00,3.000000001735048799e-02
7.352175237477409642e-02,5.170003249826971015e-05,0.000000000000000000e+00,-0.000000000000000000e+00,0.000000000000000000e+00,6.999999995002315067e-02
5.812655345502221182e-02,-1.378469162277573545e-05,0.000000000000000000e+00,-0.000000000000000000e+00,0.000000000000000000e+00,-5.999999997025666498e-02
2.686700461930113804e-02,9.266705892518878329e-06,0.000000000000000000e+00,-0.000000000000000000e+00,0.000000000000000000e+00,6.999999994235148182e-02
1.236735270851663238e-03,6.698880966604647824e-08,1.438459268160486259e-23,-0.000000000000000000e+00,0.000000000000000000e+00,-9.999999972080514041e-03
2.220446049250313081e-16,2.775557561562891351e-16,1.232595164407830946e-32,-0.000000000000000000e+00,0.000000000000000000e+00,9.999999972064247539e-03
2.345532393770999313e-03,4.093729214504904235e-07,0.000000000000000000e+00,-0.000000000000000000e+00,0.000000000000000000e+00,2.000000007920423734e-02
1.675987694686514873e-02,2.096731050754696568e-05,0.000000000000000000e+00,-0.000000000000000000e+00,0.000000000000000000e+00,1.899999999767008063e-01
3.386079442081740831e-02,8.201572066018902873e-05,0.000000000000000000e+00,-0.000000000000000000e+00,0.000000000000000000e+00,3.899999999808834716e-01
2.558762659641444781e-03,-5.954467602320434594e-08,0.000000000000000000e+00,1.272221872585407023e-14,0.000000000000000000e+00,1.999999996844808656e-02
8.486562641651373973e-03,1.295105901411020000e-06,0.000000000000000000e+00,-0.000000000000000000e+00,0.000000000000000000e+00,-9.999999914537255688e-03
2.806109666460654406e-02,2.753962674018062273e-07,5.907293115874580920e-23,-0.000000000000000000e+00,0.000000000000000000e+00,-1.000000005397422113e-02
5.915006261618399597e-02,6.252239551640670356e-07,1.341142470818782286e-22,-0.000000000000000000e+00,0.000000000000000000e+00,2.999999997604625365e-02
6.060002462972591264e-02,1.228862042151890321e-05,0.000000000000000000e+00,-0.000000000000000000e+00,0.000000000000000000e+00,7.000000005877396458e-02
3.646207639730369987e-02,9.634331714547528236e-05,0.000000000000000000e+00,-0.000000000000000000e+00,0.000000000000000000e+00,5.799999999827136765e-01
5.629271279210645851e-03,5.463257911397789712e-06,0.000000000000000000e+00,-0.000000000000000000e+00,0.000000000000000000e+00,1.499999999259366001e-01
3.155787186357672525e-03,9.177359085121850057e-06,0.000000000000000000e+00,-0.000000000000000000e+00,0.000000000000000000e+00,8.200000000407547951e-01
4.348311588536435401e-03,8.786741115707208394e-05,0.000000000000000000e+00,-0.000000000000000000e+00,0.000000000000000000e+00,3.960000000041748791e+00
3.623612603932069298e-03,6.851084602549351033e-05,1.445619699788829494e-20,-0.000000000000000000e+00,0.000000000000000000e+00,3.519999999985507166e+00
6.095070190470730509e-03,1.396719164057924623e-04,0.000000000000000000e+00,-0.000000000000000000e+00,0.000000000000000000e+00,5.350000000043271697e+00
1.918756935824328380e-03,1.983254425141911526e-05,0.000000000000000000e+00,-0.000000000000000000e+00,0.000000000000000000e+00,2.319999999985668637e+00
1.110223024625156540e-16,-1.665334536937734811e-16,1.232595164407830946e-32,-0.000000000000000000e+00,0.000000000000000000e+00,9.999999976953699229e-03
1.110223024625156540e-16,-1.665334536937734811e-16,0.000000000000000000e+00,-0.000000000000000000e+00,0.000000000000000000e+00,4.991644877572117370e-16
1.110223024625156540e-16,-1.665334536937734811e-16,0.000000000000000000e+00,-0.000000000000000000e+00,0.000000000000000000e+00,4.991644877572117370e-16
5.543985741443546722e-03,-2.491340467258851277e-13,0.000000000000000000e+00,-0.000000000000000000e+00,0.000000000000000000e+00,4.991644877572117370e-16
9.893876207804463974e-03,7.338931133860082667e-06,0.000000000000000000e+00,-0.000000000000000000e+00,0.000000000000000000e+00,2.399999999924436189e-01
7.759053446882435701e-03,1.451968459991737070e-04,0.000000000000000000e+00,-0.000000000000000000e+00,0.000000000000000000e+00,3.410000000014501875e+00
1.405809238442812248e-02,5.240343065165964376e-04,1.050909982789960178e-19,-0.000000000000000000e+00,0.000000000000000000e+00,5.970000000017900099e+00
1.537747689597401823e-02,5.216344333743849759e-04,1.023644385336961545e-19,1.272221872585407023e-14,0.000000000000000000e+00,6.689999999941147024e+00
2.513534864680383452e-02,1.434475965422898902e-03,0.000000000000000000e+00,-0.000000000000000000e+00,0.000000000000000000e+00,9.360000000019189415e+00
4.547594931909504368e-02,3.005868339163941805e-03,0.000000000000000000e+00,-0.000000000000000000e+00,0.000000000000000000e+00,9.329999999988668691e+00
6.259413590868906363e-02,2.070700718751372627e-03,-3.751001964377180168e-19,-0.000000000000000000e+00,0.000000000000000000e+00,4.389999999999123936e+00
5.569532680593314300e-02,1.819766318589266518e-04,0.000000000000000000e+00,-0.000000000000000000e+00,0.000000000000000000e+00,5.999999999514292748e-01
6.215498160259236293e-02,1.203401988902452757e-03,-2.151387108370932580e-19,-0.000000000000000000e+00,0.000000000000000000e+00,5.400000000072070705e+00
1.611618057455377340e-02,2.322611093464876930e-04,0.000000000000000000e+00,-0.000000000000000000e+00,0.000000000000000000e+00,2.320000000021064324e+00
7.249820964703168613e-04,6.252233339942847579e-07,0.000000000000000000e+00,-0.000000000000000000e+00,0.000000000000000000e+00,7.399999999877745482e-01
5.543985617798563581e-04,5.210203646299760294e-08,0.000000000000000000e+00,-0.000000000000000000e+00,0.000000000000000000e+00,1.331890961644056590e-14
1.287903652524818865e-02,3.189374299628067178e-05,0.000000000000000000e+00,-0.000000000000000000e+00,0.000000000000000000e+00,3.199999999866774414e-01
1.876425736453396498e-02,-5.924737669804613915e-06,1.031127989656350319e-21,-0.000000000000000000e+00,0.000000000000000000e+00,-1.300000000002443368e-01
2.929513801730371236e-02,-3.006254953242804007e-04,0.000000000000000000e+00,-0.000000000000000000e+00,0.000000000000000000e+00,-2.260000000021684219e+00
2.783711494670632058e-02,-5.860886096621387154e-04,0.000000000000000000e+00,-0.000000000000000000e+00,0.000000000000000000e+00,-4.049999999998965095e+00
3.654834959570807396e-02,-1.398084309392033653e-03,0.000000000000000000e+00,-0.000000000000000000e+00,0.000000000000000000e+00,-6.669999999943418523e+00
4.992903862558872863e-02,-2.939056335251155616e-03,0.000000000000000000e+00,-0.000000000000000000e+00,0.000000000000000000e+00,-8.870000000000606732e+00
3.000416015304796513e-02,-7.148834737382703253e-04,0.000000000000000000e+00,-0.000000000000000000e+00,0.000000000000000000e+00,-5.010000000024402489e+00
6.609974692137865482e-03,-3.456540888957526647e-05,6.870375328896407536e-21,-0.000000000000000000e+00,0.000000000000000000e+00,-1.270000000067765367e+00
-7.676280877458863117e-04,-1.049482884318830855e-06,0.000000000000000000e+00,-0.000000000000000000e+00,0.000000000000000000e+00,7.000000004077060189e-02
1.535256923950845120e-03,-1.369537196926895462e-06,2.741400346238412887e-22,-1.272221872585407023e-14,0.000000000000000000e+00,-2.999999994920836410e-02
1.637606252902601423e-02,2.141389920012892745e-05,-4.287167388624509272e-21,-0.000000000000000000e+00,0.000000000000000000e+00,2.399999999890783664e-01
5.202707176155429991e-02,2.873989546990918242e-04,0.000000000000000000e+00,-0.000000000000000000e+00,0.000000000000000000e+00,9.199999999080822333e-01
5.458639763293382519e-02,1.829661405017279918e-04,-3.636902976171491427e-20,-0.000000000000000000e+00,0.000000000000000000e+00,4.900000000202964223e-01
5.961840263346107616e-02,2.218184791665800404e-04,-4.394854396758974840e-20,-0.000000000000000000e+00,0.000000000000000000e+00,7.900000000412454870e-01
2.038476648895892751e-02,3.120159191993820968e-05,0.000000000000000000e+00,-0.000000000000000000e+00,0.000000000000000000e+00,2.899999999703549713e-01
9.808590040354392414e-04,-7.443155880526575174e-08,1.463244983212286156e-23,-0.000000000000000000e+00,0.000000000000000000e+00,-1.869044735856507967e-14
7.292455826528820850e-03,7.353790422159889317e-06,0.000000000000000000e+00,-1.272221872585407023e-14,0.000000000000000000e+00,5.000000000651625420e-01
7.931679176358841232e-03,5.762182250268477191e-05,0.000000000000000000e+00,-0.000000000000000000e+00,0.000000000000000000e+00,1.309999999985483887e+00
1.846573466608103509e-02,5.887521742575785311e-06,0.000000000000000000e+00,-1.272221872585407023e-14,0.000000000000000000e+00,9.999999999036872367e-02
2.149359337115197555e-02,1.530308468844499004e-05,0.000000000000000000e+00,-1.272221872585407023e-14,0.000000000000000000e+00,2.299999999657701411e-01
5.253181000580653404e-02,7.255647836261758243e-04,0.000000000000000000e+00,-0.000000000000000000e+00,0.000000000000000000e+00,2.860000000007246967e+00
3.941019430139114377e-02,1.285236201358674890e-03,0.000000000000000000e+00,-0.000000000000000000e+00,0.000000000000000000e+00,6.690000000018545556e+00
2.184091523380193856e-02,9.008789214220991326e-04,-1.603310720153794629e-19,-0.000000000000000000e+00,0.000000000000000000e+00,9.949999999978260234e+00
1.350561887182732956e-02,4.533221266076470357e-04,0.000000000000000000e+00,-0.000000000000000000e+00,0.000000000000000000e+00,6.700000000032828140e+00
4.707789724313837798e-02,4.154677391279504306e-03,0.000000000000000000e+00,-0.000000000000000000e+00,0.000000000000000000e+00,1.078999999997230930e+01
5.395522048121714764e-02,2.529738480854248905e-03,0.000000000000000000e+00,-0.000000000000000000e+00,0.000000000000000000e+00,5.849999999997246292e+00
7.074127786736095214e-02,8.941039606438216936e-04,0.000000000000000000e+00,-0.000000000000000000e+00,0.000000000000000000e+00,2.019999999998006501e+00
5.410629081628759440e-02,8.289678092565644363e-04,0.000000000000000000e+00,-0.000000000000000000e+00,0.000000000000000000e+00,3.410000000050047664e+00
5.819351125008098702e-02,2.082061792605172101e-03,0.000000000000000000e+00,-0.000000000000000000e+00,0.000000000000000000e+00,6.220000000020791120e+00
6.931891450844696045e-02,3.530098367052536545e-03,0.000000000000000000e+00,-1.272221872585407023e-14,0.000000000000000000e+00,8.559999999934762016e+00
4.918951020308076627e-02,1.819632881998156648e-03,0.000000000000000000e+00,-0.000000000000000000e+00,0.000000000000000000e+00,7.010000000013095089e+00
8.432144476581221459e-02,3.576077600790927846e-03,0.000000000000000000e+00,-0.000000000000000000e+00,0.000000000000000000e+00,5.849999999998957811e+00
6.796817974186158962e-02,8.969745670022177819e-04,0.000000000000000000e+00,-0.000000000000000000e+00,0.000000000000000000e+00,1.510000000004197096e+00
3.573732272140381361e-02,-3.660527001247970702e-05,0.000000000000000000e+00,-0.000000000000000000e+00,0.000000000000000000e+00,-3.300000000015304025e-01
5.935996548116911908e-02,-4.579879533361808086e-04,0.000000000000000000e+00,-0.000000000000000000e+00,0.000000000000000000e+00,-2.410000000001749410e+00
5.203256220930368992e-02,-1.476680538314401048e-03,0.000000000000000000e+00,-1.272221872585407023e-14,0.000000000000000000e+00,-6.330000000004452509e+00
5.871297574605904845e-02,-3.591012047261532558e-03,0.000000000000000000e+00,-0.000000000000000000e+00,0.000000000000000000e+00,-1.118000000005608108e+01
3.353906617320845385e-02,-1.488718659493404317e-03,0.000000000000000000e+00,-1.272221872585407023e-14,0.000000000000000000e+00,-8.659999999900840351e+00
3.738093835910505369e-02,-1.629174689971257806e-03,0.000000000000000000e+00,-0.000000000000000000e+00,0.000000000000000000e+00,-8.010000000089728900e+00
5.812550163773999579e-02,-3.163758138767458483e-03,0.000000000000000000e+00,-0.000000000000000000e+00,0.000000000000000000e+00,-8.209999999983553565e+00
5.338863153299411302e-02,-1.763007376897718359e-03,0.000000000000000000e+00,-0.000000000000000000e+00,0.000000000000000000e+00,-4.639999999935171537e+00
4.149098954785501725e-02,-4.397406753234855969e-04,0.000000000000000000e+00,-0.000000000000000000e+00,0.000000000000000000e+00,-1.709999999974459950e+00
4.981050762342698057e-02,-7.729695097691280381e-05,1.494992614209200256e-20,-1.272221872585407023e-14,0.000000000000000000e+00,1.999999999214609747e-01
1.343333691849046829e-02,3.905366730960757593e-05,0.000000000000000000e+00,-1.272221872585407023e-14,0.000000000000000000e+00,6.200000000022914959e-01
-9.382129195467658889e-04,2.530664426902973219e-07,0.000000000000000000e+00,-0.000000000000000000e+00,0.000000000000000000e+00,-3.999999995267163738e-02
4.440892098500626162e-16,0.000000000000000000e+00,-1.479114197289397135e-31,-0.000000000000000000e+00,0.000000000000000000e+00,1.000000001660862267e-02
3.582267697050722788e-03,1.637477820004562545e-07,0.000000000000000000e+00,-0.000000000000000000e+00,0.000000000000000000e+00,1.999999995175558154e-02
3.147237803758473618e-02,1.194241443412957793e-04,-2.285543221257791255e-20,-0.000000000000000000e+00,0.000000000000000000e+00,9.099999999818583207e-01
3.986730332984045333e-02,5.619022933889272764e-04,0.000000000000000000e+00,-0.000000000000000000e+00,0.000000000000000000e+00,2.390000000081847098e+00
4.502159852078935209e-02,7.917874630740673325e-04,0.000000000000000000e+00,-0.000000000000000000e+00,0.000000000000000000e+00,4.319999999952803371e+00
2.614324844574311690e-02,1.034180001079354483e-03,-1.773570438714959454e-19,-0.000000000000000000e+00,0.000000000000000000e+00,8.640000000041364814e+00
4.640886142533329206e-03,1.661362879861183472e-04,0.000000000000000000e+00,-0.000000000000000000e+00,0.000000000000000000e+00,1.010999999993525478e+01
8.229919424641130021e-03,7.462641656446056260e-04,0.000000000000000000e+00,-0.000000000000000000e+00,0.000000000000000000e+00,1.126000000005170953e+01
1.072363471723791761e-02,5.074997629290756151e-04,0.000000000000000000e+00,-0.000000000000000000e+00,0.000000000000000000e+00,8.659999999960311001e+00
1.012785228615986632e-02,4.956437401348878780e-04,0.000000000000000000e+00,-0.000000000000000000e+00,0.000000000000000000e+00,9.030000000006259242e+00
1.681207007954266253e-02,1.289156832455118362e-03,0.000000000000000000e+00,-0.000000000000000000e+00,0.000000000000000000e+00,1.146999999997098385e+01
4.175591536207862164e-02,3.111445861755379738e-03,0.000000000000000000e+00,-0.000000000000000000e+00,0.000000000000000000e+00,9.029999999983264303e+00
4.480147459924539721e-02,9.764624334891447432e-04,0.000000000000000000e+00,-1.272221872585407023e-14,0.000000000000000000e+00,3.370000000020735964e+00
6.482031443945010518e-02,3.603464902444120099e-04,-3.612580889662047117e-20,-0.000000000000000000e+00,0.000000000000000000e+00,9.200000000542948309e-01
6.597322533641078457e-02,-1.300537255486400312e-04,0.000000000000000000e+00,-0.000000000000000000e+00,0.000000000000000000e+00,-5.000000000395965483e-01
6.223966288451259626e-02,-1.225366417963336119e-03,1.228989878824956479e-19,-0.000000000000000000e+00,0.000000000000000000e+00,-4.399999999940681583e+00
6.417662101271537356e-02,-2.622719152080454919e-03,2.642445716214638478e-19,-0.000000000000000000e+00,0.000000000000000000e+00,-6.730000000095303747e+00
6.212961946536676994e-02,-1.902038348285284286e-03,1.952848861385475598e-19,-0.000000000000000000e+00,0.000000000000000000e+00,-4.999999999974432008e+00
7.423156835242572527e-02,-1.219801741348724988e-03,0.000000000000000000e+00,-0.000000000000000000e+00,0.000000000000000000e+00,-1.699999999982008791e+00
5.885139486723678370e-02,7.361239828829191367e-05,0.000000000000000000e+00,-1.272221872585407023e-14,0.000000000000000000e+00,5.099999999949257345e-01
7.223439924126262568e-02,7.992296374419449734e-04,0.000000000000000000e+00,-0.000000000000000000e+00,0.000000000000000000e+00,3.070000000057488965e+00
7.135210330812369328e-02,2.678420163410910604e-03,0.000000000000000000e+00,-0.000000000000000000e+00,0.000000000000000000e+00,7.189999999971156797e+00
6.206281156962567547e-02,2.522564260024617866e-03,0.000000000000000000e+00,-0.000000000000000000e+00,0.000000000000000000e+00,9.269999999925307321e+00
4.287313048380236857e-02,1.114307736908237700e-03,0.000000000000000000e+00,-1.272221872585407023e-14,0.000000000000000000e+00,5.920000000063363466e+00
6.468789271286834452e-02,3.750972801034535564e-03,-3.530019350745166528e-19,-0.000000000000000000e+00,0.000000000000000000e+00,9.410000000026331080e+00
7.333997143465430246e-02,5.077199595585835112e-03,0.000000000000000000e+00,-0.000000000000000000e+00,0.000000000000000000e+00,1.031999999993532846e+01
5.570901487410218067e-02,1.475671978806047946e-03,-1.390707209728749173e-19,-0.000000000000000000e+00,0.000000000000000000e+00,4.009999999972474249e+00
5.986465977027005669e-02,8.297525675042827231e-04,0.000000000000000000e+00,-1.272221872585407023e-14,0.000000000000000000e+00,1.890000000063810859e+00
8.721098787387721041e-02,1.306790215540587496e-04,0.000000000000000000e+00,-0.000000000000000000e+00,0.000000000000000000e+00,2.599999999967376740e-01
6.136743091362500957e-02,1.247467266889401571e-04,0.000000000000000000e+00,-0.000000000000000000e+00,0.000000000000000000e+00,3.699999999502729398e-01
8.776509432451570780e-02,2.264047124911350295e-04,0.000000000000000000e+00,-0.000000000000000000e+00,0.000000000000000000e+00,4.100000000159768065e-01
4.392540562109342739e-02,3.380672734820677761e-05,-3.241074988134775778e-21,-0.000000000000000000e+00,0.000000000000000000e+00,1.100000000241922876e-01
1.058892737597785932e-01,3.380136742729966670e-04,-3.241045484436167292e-20,-0.000000000000000000e+00,0.000000000000000000e+00,4.899999999548130258e-01
7.130401923525943320e-02,1.174674523549690264e-04,0.000000000000000000e+00,-0.000000000000000000e+00,0.000000000000000000e+00,2.600000000898572416e-01
5.352076656900467411e-02,3.579404811304698342e-05,0.000000000000000000e+00,-1.272221872585407023e-14,0.000000000000000000e+00,1.099999999043905496e-01
8.951362112228172796e-02,2.092854905511032371e-04,-2.007782484600263673e-20,-0.000000000000000000e+00,0.000000000000000000e+00,4.300000000847825077e-01
6.268956921304026653e-02,9.110392797717636881e-05,0.000000000000000000e+00,-0.000000000000000000e+00,0.000000000000000000e+00,2.699999999837474629e-01
8.921523852810056554e-02,1.730228400864675109e-04,0.000000000000000000e+00,-0.000000000000000000e+00,0.000000000000000000e+00,6.099999999690992603e-01
7.900957188218746263e-02,1.065401088405693031e-03,0.000000000000000000e+00,-0.000000000000000000e+00,0.000000000000000000e+00,3.140000000037381334e+00
3.798893348683124449e-02,5.609164072146732849e-04,0.000000000000000000e+00,-0.000000000000000000e+00,0.000000000000000000e+00,3.329999999972557578e+00
4.281049750918337893e-02,1.576906636486796742e-03,-1.499364595949675262e-19,-0.000000000000000000e+00,0.000000000000000000e+00,5.370000000019435227e+00
1.270810979194583745e-02,7.745928507496557813e-05,0.000000000000000000e+00,-0.000000000000000000e+00,0.000000000000000000e+00,9.999999999583710775e-01
1.420079472085586381e-02,7.239079407472814864e-05,0.000000000000000000e+00,-1.272221872585407023e-14,0.000000000000000000e+00,1.140000000073868369e+00
1.995277769228545606e-02,3.965083850352435491e-04,0.000000000000000000e+00,-1.272221872585407023e-14,0.000000000000000000e+00,2.629999999919275577e+00
3.579752030659205664e-02,1.088313867426027315e-03,0.000000000000000000e+00,-0.000000000000000000e+00,0.000000000000000000e+00,5.670000000080238856e+00
3.438930118126343194e-02,1.074765164470914414e-03,0.000000000000000000e+00,-0.000000000000000000e+00,0.000000000000000000e+00,6.029999999975593106e+00
5.034265282715871814e-02,3.034894310011360119e-03,0.000000000000000000e+00,-0.000000000000000000e+00,0.000000000000000000e+00,1.014999999998203606e+01
3.987316853878664080e-02,1.962800753433802115e-03,0.000000000000000000e+00,1.272221872585407023e-14,0.000000000000000000e+00,8.940000000023891502e+00
6.262457519539443851e-02,5.144283896353352148e-03,5.657371487309434075e-19,-0.000000000000000000e+00,0.000000000000000000e+00,1.407999999991994500e+01
4.607624697311130113e-02,2.452703636505848550e-03,0.000000000000000000e+00,-0.000000000000000000e+00,0.000000000000000000e+00,8.630000000026154083e+00
6.414548647959184002e-02,2.625131125470359095e-03,0.000000000000000000e+00,-0.000000000000000000e+00,0.000000000000000000e+00,5.990000000042200234e+00
7.909527790917758594e-02,2.386333284856378967e-03,0.000000000000000000e+00,1.272221872585406707e-14,0.000000000000000000e+00,3.769999999950921055e+00
6.379789771558441736e-02,2.040078440106452007e-04,0.000000000000000000e+00,-0.000000000000000000e+00,0.000000000000000000e+00,4.700000000336591044e-01
9.087773132011234267e-02,3.380429707520171689e-04,0.000000000000000000e+00,1.272221872585407023e-14,0.000000000000000000e+00,5.399999999905450432e-01
8.051517966446741781e-02,2.304162975005352720e-04,0.000000000000000000e+00,-0.000000000000000000e+00,0.000000000000000000e+00,6.600000000056840399e-01
5.879891952321769644e-02,7.072714410949476616e-04,0.000000000000000000e+00,-0.000000000000000000e+00,0.000000000000000000e+00,3.010000000039930956e+00
4.211416594406336422e-02,8.821341738456389692e-04,0.000000000000000000e+00,-0.000000000000000000e+00,0.000000000000000000e+00,4.329999999963192181e+00
1.347527168757545191e-02,8.433164004906235078e-05,0.000000000000000000e+00,-0.000000000000000000e+00,0.000000000000000000e+00,1.810000000024442057e+00
8.529176833400597957e-04,-2.463674372621404984e-06,0.000000000000000000e+00,-0.000000000000000000e+00,0.000000000000000000e+00,-1.299999999824564267e-01
1.356106326193717848e-02,7.599307081784800744e-05,1.393925554592874570e-20,-0.000000000000000000e+00,0.000000000000000000e+00,1.749999999992110311e+00
1.155322013626003397e-02,2.196158844254281206e-04,4.109546642726971162e-20,-0.000000000000000000e+00,0.000000000000000000e+00,3.659999999932736614e+00
2.132293865144685441e-04,5.954492933168964441e-07,0.000000000000000000e+00,-0.000000000000000000e+00,0.000000000000000000e+00,1.000000000294507529e-01
