-2.220446049250313081e-16,-5.551115123125782702e-17,0.000000000000000000e+00,-0.000000000000000000e+00,0.000000000000000000e+00,-1.000000004239103533e-02
2.644054720959410076e-03,-2.009645548861627162e-07,0.000000000000000000e+00,-0.000000000000000000e+00,0.000000000000000000e+00,-9.999999922396494989e-03
3.241098910425344037e-03,-1.354651503138182278e-06,-2.776574133226303957e-22,-0.000000000000000000e+00,0.000000000000000000e+00,-5.000000007191170853e-02
3.496972781214746639e-03,-3.617363855235034009e-06,-7.415697265842630336e-22,-0.000000000000000000e+00,0.000000000000000000e+00,-1.199999999120122118e-01
4.946941070797961082e-03,-6.028947621139479907e-07,0.000000000000000000e+00,-0.000000000000000000e+00,0.000000000000000000e+00,-2.000000004558962277e-02
5.117525272592016172e-03,-3.051688305943933699e-07,0.000000000000000000e+00,-1.272221872585407023e-14,0.000000000000000000e+00,-1.999999998599208406e-02
2.942577048117622773e-03,-5.717648576819556183e-15,0.000000000000000000e+00,-0.000000000000000000e+00,0.000000000000000000e+00,-1.000000001910883625e-02
5.373400178950937800e-03,-3.059128823867940383e-06,0.000000000000000000e+00,-0.000000000000000000e+00,0.000000000000000000e+00,-6.000000001265123201e-02
8.699792359773805828e-03,-2.902824259520819794e-06,0.000000000000000000e+00,-0.000000000000000000e+00,0.000000000000000000e+00,-4.999999992995188269e-02
1.147178339160415117e-02,-3.766226979562414812e-06,-7.728820877588276956e-22,-0.000000000000000000e+00,0.000000000000000000e+00,-7.000000006409085040e-02
1.292175105083226416e-02,7.964155315787202483e-07,0.000000000000000000e+00,-0.000000000000000000e+00,0.000000000000000000e+00,-2.000000000241106135e-02
1.347612594303537747e-02,-2.055048736565590062e-05,0.000000000000000000e+00,-0.000000000000000000e+00,0.000000000000000000e+00,-1.900000000167069991e-01
1.023505023546034121e-02,-2.084078254471766201e-06,0.000000000000000000e+00,-0.000000000000000000e+00,0.000000000000000000e+00,-4.000000000092307495e-02
1.300703808547132301e-02,-7.420807287883413039e-06,0.000000000000000000e+00,-0.000000000000000000e+00,0.000000000000000000e+00,-7.000000000468627193e-02
2.059803839135798675e-02,-3.595035513503930247e-06,0.000000000000000000e+00,1.272221872585407023e-14,0.000000000000000000e+00,-7.999999999257793870e-02
1.654666402463855768e-02,2.835835074155301783e-06,0.000000000000000000e+00,-0.000000000000000000e+00,0.000000000000000000e+00,-9.999999941320081645e-03
1.906278127477600837e-02,-2.887937958495623292e-06,0.000000000000000000e+00,-0.000000000000000000e+00,0.000000000000000000e+00,-9.015418846566183420e-15
2.149360604322980706e-02,2.478565060248794083e-06,0.000000000000000000e+00,-0.000000000000000000e+00,0.000000000000000000e+00,2.999999998661557685e-02
2.170682837339577009e-02,1.400054125211269707e-05,0.000000000000000000e+00,-0.000000000000000000e+00,0.000000000000000000e+00,2.700000000249028753e-01
1.919004187305073383e-02,1.249378430840941689e-04,0.000000000000000000e+00,-0.000000000000000000e+00,0.000000000000000000e+00,1.159999999921792257e+00
2.183380507319132580e-02,1.587727525892979052e-04,0.000000000000000000e+00,-0.000000000000000000e+00,0.000000000000000000e+00,1.250000000047759130e+00
2.328359028966187072e-02,1.811979465603519301e-04,-3.675791425719073397e-20,-1.272221872585407023e-14,0.000000000000000000e+00,1.269999999997830420e+00
1.390249067543269934e-02,4.027451187865738191e-05,0.000000000000000000e+00,-0.000000000000000000e+00,0.000000000000000000e+00,6.699999999949302065e-01
3.262155523957455117e-02,3.489944288384005944e-04,0.000000000000000000e+00,-1.272221872585407023e-14,0.000000000000000000e+00,1.569999999968404669e+00
3.722738433633532296e-02,3.330505120403559616e-04,0.000000000000000000e+00,-0.000000000000000000e+00,0.000000000000000000e+00,1.840000000048400475e+00
4.106077377535155559e-02,6.247150357816533273e-04,0.000000000000000000e+00,-0.000000000000000000e+00,0.000000000000000000e+00,2.459999999937973136e+00
2.916816728764837219e-02,2.523284500808298247e-04,0.000000000000000000e+00,-0.000000000000000000e+00,0.000000000000000000e+00,1.610000000059061076e+00
2.861307192948414624e-02,3.094789880476733757e-04,0.000000000000000000e+00,-0.000000000000000000e+00,0.000000000000000000e+00,1.759999999930512926e+00
3.321712538216847754e-02,3.963823490867879329e-04,-7.502084237114255935e-20,-0.000000000000000000e+00,0.000000000000000000e+00,2.000000000078129059e+00
4.186685859599215132e-02,7.919339853325046974e-04,0.000000000000000000e+00,-0.000000000000000000e+00,0.000000000000000000e+00,2.859999999976958307e+00
2.993382029021851576e-02,3.530168300657221536e-04,0.000000000000000000e+00,-0.000000000000000000e+00,0.000000000000000000e+00,2.139999999993524415e+00
3.824451823324404032e-02,6.604936734122546227e-04,0.000000000000000000e+00,-0.000000000000000000e+00,0.000000000000000000e+00,2.509999999996033626e+00
3.419891539993247243e-02,3.762380336000958891e-04,0.000000000000000000e+00,-0.000000000000000000e+00,0.000000000000000000e+00,1.839999999996085656e+00
4.221245340267609780e-02,6.055278142270692499e-04,-1.051257873208080401e-19,-0.000000000000000000e+00,0.000000000000000000e+00,2.209999999962114270e+00
2.554430440975408168e-02,1.313020923877639135e-04,0.000000000000000000e+00,-0.000000000000000000e+00,0.000000000000000000e+00,1.370000000101281756e+00
3.854774661548765469e-02,4.407972100388679593e-04,0.000000000000000000e+00,-0.000000000000000000e+00,0.000000000000000000e+00,1.899999999897318492e+00
3.552229033480047704e-02,2.847349623257278139e-04,0.000000000000000000e+00,-0.000000000000000000e+00,0.000000000000000000e+00,1.310000000090206118e+00
4.814253471188767453e-02,5.255421581454866597e-04,0.000000000000000000e+00,-0.000000000000000000e+00,0.000000000000000000e+00,2.409999999965735107e+00
3.888650273580473993e-02,5.412689028229111798e-04,0.000000000000000000e+00,-0.000000000000000000e+00,0.000000000000000000e+00,2.739999999959503718e+00
5.016953926694267540e-02,1.235353209460443580e-03,0.000000000000000000e+00,-0.000000000000000000e+00,0.000000000000000000e+00,4.299999999993908695e+00
5.038133599994842893e-02,1.262751719399046735e-03,0.000000000000000000e+00,-0.000000000000000000e+00,0.000000000000000000e+00,4.510000000106873408e+00
4.505573547405450352e-02,1.040996414048755980e-03,0.000000000000000000e+00,-0.000000000000000000e+00,0.000000000000000000e+00,4.019999999926158196e+00
4.842387007648729647e-02,1.125323420855250944e-03,0.000000000000000000e+00,-0.000000000000000000e+00,0.000000000000000000e+00,4.179999999997431104e+00
4.637801244227801600e-02,1.070572286290705222e-03,0.000000000000000000e+00,-0.000000000000000000e+00,0.000000000000000000e+00,4.020000000027546427e+00
3.658552078696053478e-02,4.461295419020405717e-04,0.000000000000000000e+00,-0.000000000000000000e+00,0.000000000000000000e+00,2.099999999977808063e+00
5.256853646321335560e-02,9.682657431298036244e-04,0.000000000000000000e+00,-0.000000000000000000e+00,0.000000000000000000e+00,2.929999999961476309e+00
3.121463993805129178e-02,2.647693099235848280e-04,0.000000000000000000e+00,-1.272221872585406707e-14,0.000000000000000000e+00,1.790000000083343812e+00
5.223036039283723841e-02,8.385802080002058290e-04,0.000000000000000000e+00,-0.000000000000000000e+00,0.000000000000000000e+00,2.569999999901872112e+00
4.204279962317758468e-02,6.104244053148910609e-04,0.000000000000000000e+00,-0.000000000000000000e+00,0.000000000000000000e+00,2.240000000049295004e+00
4.783945487795016049e-02,7.380279562991809428e-04,0.000000000000000000e+00,-0.000000000000000000e+00,0.000000000000000000e+00,2.639999999985422008e+00
3.722510725185557146e-02,4.385624129850107522e-04,0.000000000000000000e+00,-1.272221872585407023e-14,0.000000000000000000e+00,1.990000000037295935e+00
3.351746157164492423e-02,2.954727995623240844e-04,-3.563644552424715088e-20,-0.000000000000000000e+00,0.000000000000000000e+00,1.349999999961428276e+00
4.008726473584189876e-02,2.510569878166890589e-05,0.000000000000000000e+00,-0.000000000000000000e+00,0.000000000000000000e+00,1.300000000333269290e-01
3.684608958795021483e-02,6.041585399985116567e-05,0.000000000000000000e+00,-0.000000000000000000e+00,0.000000000000000000e+00,2.599999999763784597e-01
4.614293592683482714e-02,6.727845214293814990e-05,0.000000000000000000e+00,-0.000000000000000000e+00,0.000000000000000000e+00,2.800000000688760982e-01
4.179309665146757613e-02,3.654580094369919152e-05,0.000000000000000000e+00,-1.272221872585407023e-14,0.000000000000000000e+00,1.299999999292658637e-01
2.311415397411686889e-02,6.453195896982677482e-06,0.000000000000000000e+00,-0.000000000000000000e+00,0.000000000000000000e+00,6.000000000932129152e-02
4.614300820182470897e-02,2.651990368529588693e-05,0.000000000000000000e+00,-0.000000000000000000e+00,0.000000000000000000e+00,1.100000000430181035e-01
4.217692774816739210e-02,2.253037971478022428e-05,0.000000000000000000e+00,-1.272221872585407023e-14,0.000000000000000000e+00,1.199999999137301016e-01
4.072696144151433106e-02,2.217310202490274662e-05,0.000000000000000000e+00,-0.000000000000000000e+00,0.000000000000000000e+00,1.400000000519210919e-01
5.978930892416334242e-02,1.743472285133940147e-04,0.000000000000000000e+00,-0.000000000000000000e+00,0.000000000000000000e+00,4.200000000197292027e-01
5.330742723762171842e-02,9.145371687946379780e-05,0.000000000000000000e+00,-0.000000000000000000e+00,0.000000000000000000e+00,2.599999999896091540e-01
3.863729296409679215e-02,3.132816253947900975e-05,0.000000000000000000e+00,-0.000000000000000000e+00,0.000000000000000000e+00,2.100000000463312644e-01
3.688880499055313678e-02,3.101554872930734064e-05,0.000000000000000000e+00,-0.000000000000000000e+00,0.000000000000000000e+00,2.399999999162976128e-01
4.703852435893618456e-02,6.048289598958866975e-05,0.000000000000000000e+00,-0.000000000000000000e+00,0.000000000000000000e+00,2.300000000571790770e-01
4.226220420032555936e-02,3.770693095117572113e-05,0.000000000000000000e+00,-0.000000000000000000e+00,0.000000000000000000e+00,1.400000000166529146e-01
5.296636998424419929e-02,3.322616266143718633e-05,0.000000000000000000e+00,-0.000000000000000000e+00,0.000000000000000000e+00,8.999999995856226842e-02
3.722998605047433962e-02,1.790074695073862188e-05,0.000000000000000000e+00,-0.000000000000000000e+00,0.000000000000000000e+00,1.399999999529022154e-01
4.694928167453826795e-02,4.017677383230111587e-04,-4.701643591594321572e-20,-1.272221872585407023e-14,0.000000000000000000e+00,2.210000000049345825e+00
5.506599646778331802e-02,1.460504394438011389e-03,0.000000000000000000e+00,-0.000000000000000000e+00,0.000000000000000000e+00,4.479999999994199733e+00
5.545370181924269559e-02,1.371689351711946614e-03,0.000000000000000000e+00,-0.000000000000000000e+00,0.000000000000000000e+00,4.099999999999402789e+00
4.936686893399433451e-02,9.946068510531258511e-04,0.000000000000000000e+00,-0.000000000000000000e+00,0.000000000000000000e+00,3.639999999998499991e+00
5.579007720777107160e-02,1.493738978019187869e-03,0.000000000000000000e+00,-1.272221872585407023e-14,0.000000000000000000e+00,4.790000000003224123e+00
5.579233155679630407e-02,1.459086555118283002e-03,-1.451855595948930144e-19,-0.000000000000000000e+00,0.000000000000000000e+00,4.669999999999064677e+00
4.314766549535165030e-02,7.484685785010825043e-04,0.000000000000000000e+00,-0.000000000000000000e+00,0.000000000000000000e+00,3.389999999978215772e+00
4.361680268268419702e-02,7.416280431806754336e-04,0.000000000000000000e+00,-1.272221872585407023e-14,0.000000000000000000e+00,3.270000000050340194e+00
5.642905316643997971e-02,1.537631874359401962e-03,0.000000000000000000e+00,-0.000000000000000000e+00,0.000000000000000000e+00,4.289999999912529560e+00
4.949416848595233898e-02,1.011466451350973017e-03,0.000000000000000000e+00,-0.000000000000000000e+00,0.000000000000000000e+00,3.230000000108026459e+00
6.237586993806082392e-02,1.132986967622873209e-03,0.000000000000000000e+00,-0.000000000000000000e+00,0.000000000000000000e+00,2.089999999954026411e+00
5.667309944552312295e-02,4.923906229574726012e-04,-4.440914193234380050e-20,-1.272221872585406707e-14,0.000000000000000000e+00,1.469999999981469241e+00
4.443550943074209281e-02,2.897326138584510602e-04,0.000000000000000000e+00,-1.272221872585407023e-14,0.000000000000000000e+00,1.210000000033937706e+00
5.091782951840734261e-02,2.428704849606333482e-04,0.000000000000000000e+00,-0.000000000000000000e+00,0.000000000000000000e+00,1.229999999944130229e+00
5.680230428947485866e-02,3.850911955165514655e-04,-3.431807243951338552e-20,-1.272221872585406707e-14,0.000000000000000000e+00,1.200000000006939960e+00
4.217537664579973367e-02,2.542057016672316649e-04,0.000000000000000000e+00,-0.000000000000000000e+00,0.000000000000000000e+00,1.259999999998899334e+00
5.515568338769122336e-02,1.334464425560621947e-03,0.000000000000000000e+00,-0.000000000000000000e+00,0.000000000000000000e+00,4.180000000003887273e+00
4.476128952381358550e-02,9.418765146493868201e-04,0.000000000000000000e+00,-0.000000000000000000e+00,0.000000000000000000e+00,3.850000000055751936e+00
3.073715504455928893e-02,6.312899401832439139e-04,0.000000000000000000e+00,-0.000000000000000000e+00,0.000000000000000000e+00,3.699999999967403141e+00
3.520604622270509521e-02,8.962543365362840575e-04,0.000000000000000000e+00,-0.000000000000000000e+00,0.000000000000000000e+00,4.500000000034463987e+00
3.984956979325599696e-02,1.080641978200347353e-03,0.000000000000000000e+00,-0.000000000000000000e+00,0.000000000000000000e+00,5.090000000017492532e+00
3.980295335181427419e-02,1.162763166343339094e-03,0.000000000000000000e+00,-0.000000000000000000e+00,0.000000000000000000e+00,4.689999999899868044e+00
3.078259078550593664e-02,5.470680490433643683e-04,0.000000000000000000e+00,-0.000000000000000000e+00,0.000000000000000000e+00,3.630000000049652620e+00
4.402587427266957398e-02,1.256723800650672018e-03,0.000000000000000000e+00,-0.000000000000000000e+00,0.000000000000000000e+00,4.929999999960286594e+00
3.078031349864085442e-02,5.932652992304277006e-04,0.000000000000000000e+00,-0.000000000000000000e+00,0.000000000000000000e+00,3.920000000044765009e+00
4.396855387608222809e-02,1.535460124727272557e-03,0.000000000000000000e+00,-0.000000000000000000e+00,0.000000000000000000e+00,5.709999999941927307e+00
3.069636139803832986e-02,5.837033771229904744e-04,0.000000000000000000e+00,-1.272221872585407023e-14,0.000000000000000000e+00,3.600000000102706821e+00
3.924725887401903091e-02,1.190386437970314404e-03,-1.147934793759323373e-19,-0.000000000000000000e+00,0.000000000000000000e+00,5.309999999958900929e+00
3.026889665886067782e-02,6.097655108958655035e-04,0.000000000000000000e+00,-1.272221872585407023e-14,0.000000000000000000e+00,3.880000000015890294e+00
4.349062434710848635e-02,1.698999616711605043e-03,0.000000000000000000e+00,1.272221872585407023e-14,0.000000000000000000e+00,5.919999999961961024e+00
3.218086241308770745e-02,7.894439397602148745e-04,0.000000000000000000e+00,-0.000000000000000000e+00,0.000000000000000000e+00,4.349999999995822542e+00
5.259103290498545746e-02,2.045306256192258587e-03,2.363105103626381699e-19,-0.000000000000000000e+00,0.000000000000000000e+00,6.720000000037432919e+00
2.856370614852177248e-02,5.110485094539374273e-04,0.000000000000000000e+00,-0.000000000000000000e+00,0.000000000000000000e+00,3.809999999930191450e+00
4.817591236385809772e-02,1.821953288567046414e-03,0.000000000000000000e+00,-0.000000000000000000e+00,0.000000000000000000e+00,5.840000000071892572e+00
5.311384511707628597e-02,1.891239881546935564e-03,0.000000000000000000e+00,-0.000000000000000000e+00,0.000000000000000000e+00,6.700000000002686029e+00
2.895026379113851966e-02,4.288620878826199245e-04,0.000000000000000000e+00,-0.000000000000000000e+00,0.000000000000000000e+00,3.269999999971354931e+00
4.847963507542019101e-02,1.771416697825767272e-03,0.000000000000000000e+00,-0.000000000000000000e+00,0.000000000000000000e+00,5.749999999993447020e+00
3.977197015664746260e-02,8.880136997319043601e-04,1.645636731164855137e-19,-0.000000000000000000e+00,0.000000000000000000e+00,3.650000000048838622e+00
6.450933100926481423e-02,1.056119323393334142e-03,2.064411314273844971e-19,1.272221872585407023e-14,0.000000000000000000e+00,2.370000000007293828e+00
5.740143213957482615e-02,1.001100722677339405e-04,0.000000000000000000e+00,-0.000000000000000000e+00,0.000000000000000000e+00,3.599999999587296107e-01
4.797663592211565131e-02,9.384290210040502345e-05,0.000000000000000000e+00,-0.000000000000000000e+00,0.000000000000000000e+00,3.800000000178931914e-01
6.085505815358005499e-02,2.481744913193639768e-04,5.047771637289447187e-20,-0.000000000000000000e+00,0.000000000000000000e+00,6.300000000055604454e-01
5.155864526936349002e-02,1.647977328095850957e-04,0.000000000000000000e+00,-0.000000000000000000e+00,0.000000000000000000e+00,5.799999999412315255e-01
5.083266929640339882e-02,2.891609216026935769e-04,0.000000000000000000e+00,-0.000000000000000000e+00,0.000000000000000000e+00,8.300000000661926780e-01
4.149426577479520262e-02,1.250589518980715908e-04,0.000000000000000000e+00,-0.000000000000000000e+00,0.000000000000000000e+00,5.499999999968987474e-01
2.464932080650039659e-02,3.740158980791719046e-05,7.806160455794388194e-21,1.272221872585407023e-14,0.000000000000000000e+00,4.999999999262844663e-01
5.048911711638792710e-02,4.830079846679380395e-04,0.000000000000000000e+00,-0.000000000000000000e+00,0.000000000000000000e+00,1.870000000003585017e+00
5.026991777758826885e-02,7.734762125276573030e-04,0.000000000000000000e+00,-0.000000000000000000e+00,0.000000000000000000e+00,2.970000000038514276e+00
4.199629201193233463e-02,6.917112160653715591e-04,0.000000000000000000e+00,-0.000000000000000000e+00,0.000000000000000000e+00,3.359999999953140914e+00
7.121930473475868162e-02,2.941511171519917145e-03,0.000000000000000000e+00,-0.000000000000000000e+00,0.000000000000000000e+00,6.510000000088603578e+00
3.231964923488650498e-02,4.334320695913301824e-04,0.000000000000000000e+00,-0.000000000000000000e+00,0.000000000000000000e+00,3.129999999978675618e+00
4.832721069611900511e-02,1.435974556491803611e-03,3.173752241339300869e-19,-0.000000000000000000e+00,0.000000000000000000e+00,4.459999999991617337e+00
3.415441643921823811e-02,4.674177852336813821e-04,0.000000000000000000e+00,-0.000000000000000000e+00,0.000000000000000000e+00,2.609999999993901199e+00
4.829555567474486111e-02,1.191185503178593397e-03,2.562373640699256757e-19,-0.000000000000000000e+00,0.000000000000000000e+00,3.519999999991159978e+00
3.227874883362824576e-02,3.917005561610009678e-04,0.000000000000000000e+00,-0.000000000000000000e+00,0.000000000000000000e+00,2.089999999997038227e+00
2.963784502823219036e-02,2.147895208168826287e-04,0.000000000000000000e+00,-0.000000000000000000e+00,0.000000000000000000e+00,8.700000000131991040e-01
2.588599153414095078e-02,7.080633640288436226e-05,1.465396828211370593e-20,-0.000000000000000000e+00,0.000000000000000000e+00,4.599999999995534328e-01
1.744218596598234861e-02,2.864114729800304460e-05,0.000000000000000000e+00,-0.000000000000000000e+00,0.000000000000000000e+00,2.499999999984586219e-01
2.000099416694411936e-02,3.624808252167266431e-06,7.467946975601435389e-22,-0.000000000000000000e+00,0.000000000000000000e+00,-5.000000000452882454e-02
1.782588160793330267e-02,-5.286078654237469365e-05,0.000000000000000000e+00,-0.000000000000000000e+00,0.000000000000000000e+00,-6.500000000012010615e-01
1.351867571743770036e-02,-3.697718483031131598e-05,0.000000000000000000e+00,-0.000000000000000000e+00,0.000000000000000000e+00,-7.099999999996461364e-01
1.313455408415231673e-02,-7.394567960666842410e-05,-1.536331622467323767e-20,-0.000000000000000000e+00,0.000000000000000000e+00,-1.129999999993416715e+00
1.769689808755625648e-02,-1.621125441225168551e-04,-3.389685151702684625e-20,-0.000000000000000000e+00,0.000000000000000000e+00,-1.530000000004623217e+00
2.196189017853289460e-02,-1.537647679625830932e-04,0.000000000000000000e+00,-0.000000000000000000e+00,0.000000000000000000e+00,-9.200000000057514393e-01
3.752442556591795153e-02,-4.485780933837224538e-04,0.000000000000000000e+00,-0.000000000000000000e+00,0.000000000000000000e+00,-1.579999999992659498e+00
3.253844302406794231e-02,-1.323376695415712234e-04,0.000000000000000000e+00,-0.000000000000000000e+00,0.000000000000000000e+00,-7.899999999782217897e-01
2.865783646884279001e-02,-1.060714660325312586e-04,0.000000000000000000e+00,-0.000000000000000000e+00,0.000000000000000000e+00,-6.200000000265007971e-01
2.516094681743774597e-02,-7.502635982120642311e-05,-1.609845756593258715e-20,-0.000000000000000000e+00,0.000000000000000000e+00,-6.099999999719114552e-01
3.211210361346961140e-02,-1.198783879170495226e-04,0.000000000000000000e+00,-0.000000000000000000e+00,0.000000000000000000e+00,-7.500000000233227881e-01
2.865802520090576788e-02,-6.708485997575230897e-05,-1.446514234627369262e-20,-0.000000000000000000e+00,0.000000000000000000e+00,-5.900000000106896403e-01
3.663084313894493516e-02,-3.229552144997094310e-04,0.000000000000000000e+00,-0.000000000000000000e+00,0.000000000000000000e+00,-1.119999999945230584e+00
2.622729563030634647e-02,-2.954925079004522281e-05,0.000000000000000000e+00,-0.000000000000000000e+00,0.000000000000000000e+00,-1.300000000352551366e-01
3.727263472548458800e-02,-2.011880181554404068e-05,0.000000000000000000e+00,-0.000000000000000000e+00,0.000000000000000000e+00,-8.000000000682984391e-02
2.592879332102382417e-02,-5.850307058657966408e-06,-1.268931493807386692e-21,-0.000000000000000000e+00,0.000000000000000000e+00,-8.000000005011925763e-02
3.573733882702401221e-02,-4.400380061311826019e-05,0.000000000000000000e+00,-0.000000000000000000e+00,0.000000000000000000e+00,-3.599999999705592590e-01
2.635518290674376818e-02,-4.579755612019176247e-05,0.000000000000000000e+00,-0.000000000000000000e+00,0.000000000000000000e+00,-3.699999999481135005e-01
2.929708029255539969e-02,-1.641706990953006873e-04,0.000000000000000000e+00,1.272221872585407023e-14,0.000000000000000000e+00,-1.040000000003898251e+00
3.206797982299902650e-02,-2.704747588015699034e-04,0.000000000000000000e+00,-0.000000000000000000e+00,0.000000000000000000e+00,-1.360000000074600202e+00
2.537395120568775031e-02,-1.078646180747155903e-04,0.000000000000000000e+00,-0.000000000000000000e+00,0.000000000000000000e+00,-7.599999999856241750e-01
2.921192398677563418e-02,-1.462037821760853173e-04,0.000000000000000000e+00,-0.000000000000000000e+00,0.000000000000000000e+00,-7.699999999348889901e-01
3.309291810387487986e-02,-1.285048449828074535e-04,0.000000000000000000e+00,-0.000000000000000000e+00,0.000000000000000000e+00,-6.500000000927929067e-01
3.688809626473349423e-02,-1.815806491715921123e-04,0.000000000000000000e+00,-0.000000000000000000e+00,0.000000000000000000e+00,-7.299999999961466202e-01
3.650467187376810196e-02,-1.313410047362739697e-04,0.000000000000000000e+00,-0.000000000000000000e+00,0.000000000000000000e+00,-4.399999998996269035e-01
2.209059847603944693e-02,-3.336009319251931338e-05,-7.320450055180728085e-21,-0.000000000000000000e+00,0.000000000000000000e+00,-6.400000000234705722e-01
3.646033253621239201e-02,-2.882543485701882791e-04,0.000000000000000000e+00,-0.000000000000000000e+00,0.000000000000000000e+00,-1.380000000035192187e+00
2.405146024736226629e-02,-1.472804866284038727e-04,0.000000000000000000e+00,-0.000000000000000000e+00,0.000000000000000000e+00,-1.270000000002657892e+00
2.997582629890160888e-02,-3.989034453221462773e-04,0.000000000000000000e+00,-0.000000000000000000e+00,0.000000000000000000e+00,-2.280000000003288729e+00
2.989097852112199138e-02,-3.680330466714898385e-04,0.000000000000000000e+00,-0.000000000000000000e+00,0.000000000000000000e+00,-2.549999999966555908e+00
2.635026647967486646e-02,-4.145089570485455122e-04,0.000000000000000000e+00,-0.000000000000000000e+00,0.000000000000000000e+00,-2.899999999960332531e+00
2.234308118347599903e-02,-3.088985489294870934e-04,-6.830799745784700581e-20,-0.000000000000000000e+00,0.000000000000000000e+00,-2.830000000100036051e+00
2.864778369598219854e-02,-5.939517207410038857e-04,0.000000000000000000e+00,-0.000000000000000000e+00,0.000000000000000000e+00,-3.699999999968407227e+00
2.523878136318138954e-02,-4.703144789658525449e-04,0.000000000000000000e+00,-0.000000000000000000e+00,0.000000000000000000e+00,-3.100000000029230485e+00
4.159695841224811397e-02,-1.249815471632560737e-03,0.000000000000000000e+00,1.272221872585406707e-14,0.000000000000000000e+00,-3.590000000002550262e+00
4.972528699904305016e-02,-5.723773841573298604e-06,-1.270073060427611213e-21,-0.000000000000000000e+00,0.000000000000000000e+00,-2.999999994857921806e-02
3.595061032708209148e-02,-1.405264484613533149e-05,-3.118210921792464018e-21,-0.000000000000000000e+00,0.000000000000000000e+00,-6.999999997295965060e-02
5.603688651898854067e-02,-3.837681955515259702e-05,0.000000000000000000e+00,-0.000000000000000000e+00,0.000000000000000000e+00,-7.000000007701334681e-02
4.371219243629955592e-02,-1.253424532234037603e-05,-2.781307566987434344e-21,-0.000000000000000000e+00,0.000000000000000000e+00,-1.999999999846918675e-01
2.021400522740447042e-02,-5.635871542178372273e-05,0.000000000000000000e+00,-0.000000000000000000e+00,0.000000000000000000e+00,-8.699999999612050283e-01
3.324389553395617342e-02,-9.016614382184803822e-04,0.000000000000000000e+00,-0.000000000000000000e+00,0.000000000000000000e+00,-4.519999999955993886e+00
1.995293587079333131e-02,-3.465998878507264847e-04,-7.689786124895575052e-20,-0.000000000000000000e+00,0.000000000000000000e+00,-3.309999999994145625e+00
2.812416386249433353e-02,-8.623256807279711111e-04,-1.912868768598466165e-19,-0.000000000000000000e+00,0.000000000000000000e+00,-5.160000000032093581e+00
1.415610009237185107e-02,-1.813246225402104228e-04,-4.020709145600398501e-20,-0.000000000000000000e+00,0.000000000000000000e+00,-2.690000000041052886e+00
4.148140893170269849e-02,-1.783876936607989294e-03,-3.954515282950113630e-19,1.272221872585407023e-14,0.000000000000000000e+00,-5.330000000012687700e+00
3.147074118484155525e-02,-2.450963426097879649e-04,-5.429262018782416980e-20,-0.000000000000000000e+00,0.000000000000000000e+00,-1.659999999996053743e+00
4.720503026028052829e-02,-5.131440435272027756e-04,0.000000000000000000e+00,-0.000000000000000000e+00,0.000000000000000000e+00,-1.359999999951485794e+00
2.899915045996720453e-02,-6.772487005475558153e-05,0.000000000000000000e+00,-0.000000000000000000e+00,0.000000000000000000e+00,-6.999999999973791631e-01
3.774085060679671644e-02,-1.929900220715985437e-04,-4.271041268744755797e-20,-0.000000000000000000e+00,0.000000000000000000e+00,-8.899999999565408881e-01
4.605145564350843213e-02,-5.960426466259660661e-04,-1.318633734823433365e-19,-0.000000000000000000e+00,0.000000000000000000e+00,-1.880000000097379775e+00
2.741918678252841524e-02,-2.432563775123519623e-04,0.000000000000000000e+00,1.272221872585407023e-14,0.000000000000000000e+00,-2.090000000004223590e+00
2.119284907614166213e-02,-2.162056061786599148e-04,0.000000000000000000e+00,-0.000000000000000000e+00,0.000000000000000000e+00,-1.959999999965304607e+00
2.954553617845490088e-02,-5.393883960807532851e-04,0.000000000000000000e+00,-0.000000000000000000e+00,0.000000000000000000e+00,-3.450000000026417268e+00
2.647285356508682908e-02,-5.684294824085667219e-04,0.000000000000000000e+00,-0.000000000000000000e+00,0.000000000000000000e+00,-3.649999999937874495e+00
1.454092986183558311e-02,-1.396067180727267321e-04,0.000000000000000000e+00,-0.000000000000000000e+00,0.000000000000000000e+00,-2.080000000016718253e+00
2.915140907376684298e-02,-8.366529452393800526e-04,0.000000000000000000e+00,1.272221872585407023e-14,0.000000000000000000e+00,-4.570000000034963428e+00
2.625617471084334964e-02,-6.546977285935839941e-04,0.000000000000000000e+00,-0.000000000000000000e+00,0.000000000000000000e+00,-4.579999999961082757e+00
2.046477245886502150e-02,-3.472640648705116462e-04,0.000000000000000000e+00,-0.000000000000000000e+00,0.000000000000000000e+00,-3.260000000013984600e+00
2.318931765855025695e-02,-5.431366080850263955e-04,1.161859188761761973e-19,-0.000000000000000000e+00,0.000000000000000000e+00,-3.830000000009949002e+00
2.612625872459578558e-02,-7.029821639349953522e-04,0.000000000000000000e+00,-1.272221872585406707e-14,0.000000000000000000e+00,-4.460000000045573287e+00
2.284508545377428312e-02,-5.882155053446580517e-04,0.000000000000000000e+00,-0.000000000000000000e+00,0.000000000000000000e+00,-4.279999999913204789e+00
2.854319903439567208e-02,-1.045193732269911191e-03,2.172269838570121692e-19,-0.000000000000000000e+00,0.000000000000000000e+00,-5.580000000019448514e+00
1.994971346954504954e-02,-4.394478981292748720e-04,0.000000000000000000e+00,-0.000000000000000000e+00,0.000000000000000000e+00,-3.930000000080223543e+00
2.007740570354499265e-02,-4.153145701246696575e-04,0.000000000000000000e+00,-0.000000000000000000e+00,0.000000000000000000e+00,-4.079999999998218385e+00
3.075893202819640626e-02,-1.053884117213355065e-03,2.111420840863000171e-19,-0.000000000000000000e+00,0.000000000000000000e+00,-5.779999999937182054e+00
2.928306702344846135e-02,-7.345724407535891842e-04,1.448057651431843222e-19,-1.272221872585407023e-14,0.000000000000000000e+00,-3.980000000057479337e+00
3.040307316737184129e-02,-3.514624716589587194e-04,0.000000000000000000e+00,-0.000000000000000000e+00,0.000000000000000000e+00,-1.559999999902867085e+00
3.739973704466587057e-02,-1.876238191582668691e-04,0.000000000000000000e+00,-0.000000000000000000e+00,0.000000000000000000e+00,-8.300000000502947284e-01
4.256061649974890448e-02,-8.430083494970208591e-05,0.000000000000000000e+00,-1.272221872585407023e-14,0.000000000000000000e+00,-3.199999999739630008e-01
4.260322630723911708e-02,-9.408105051655901718e-05,1.819200148612119569e-20,-1.272221872585407023e-14,0.000000000000000000e+00,-3.600000000447806658e-01
3.897821919412791658e-02,-1.164921107279504042e-04,0.000000000000000000e+00,-1.272221872585407023e-14,0.000000000000000000e+00,-4.099999999368928449e-01
4.729418582664424164e-02,-1.229006508152163946e-04,0.000000000000000000e+00,-1.272221872585407023e-14,0.000000000000000000e+00,-5.600000000282625567e-01
3.991378663040956454e-02,-3.481559015129365164e-04,0.000000000000000000e+00,-1.272221872585407023e-14,0.000000000000000000e+00,-1.880000000066645693e+00
3.266088749207107789e-02,-4.698041825648147096e-04,0.000000000000000000e+00,-0.000000000000000000e+00,0.000000000000000000e+00,-2.799999999949503326e+00
5.670553410949186190e-02,-2.026939149957773800e-03,0.000000000000000000e+00,-0.000000000000000000e+00,0.000000000000000000e+00,-5.669999999974931981e+00
3.772169009476800117e-02,-9.521223130110056942e-04,0.000000000000000000e+00,-0.000000000000000000e+00,0.000000000000000000e+00,-4.330000000000898908e+00
3.495798598497579235e-02,-6.533575682624581660e-04,0.000000000000000000e+00,-0.000000000000000000e+00,0.000000000000000000e+00,-3.540000000055208318e+00
4.612712625772896757e-02,-9.434711553333308132e-04,0.000000000000000000e+00,-0.000000000000000000e+00,0.000000000000000000e+00,-3.829999999914709630e+00
4.689454309531171372e-02,-9.533894109894358593e-04,0.000000000000000000e+00,-0.000000000000000000e+00,0.000000000000000000e+00,-2.910000000032578082e+00
6.499090163789211783e-02,-3.553518856705961682e-04,6.059042636907617387e-20,-0.000000000000000000e+00,0.000000000000000000e+00,-1.080000000069262667e+00
5.782608597435079378e-02,-3.634557704859098237e-04,0.000000000000000000e+00,-0.000000000000000000e+00,0.000000000000000000e+00,-1.149999999909873116e+00
2.771963579433189828e-02,-8.861716255315066348e-05,0.000000000000000000e+00,-0.000000000000000000e+00,0.000000000000000000e+00,-7.500000000529427613e-01
4.650275899475075914e-02,-1.152286664074742006e-03,0.000000000000000000e+00,-0.000000000000000000e+00,0.000000000000000000e+00,-4.289999999994524416e+00
4.741614416088768547e-02,-1.755240727130846778e-03,0.000000000000000000e+00,-0.000000000000000000e+00,0.000000000000000000e+00,-5.269999999990680806e+00
3.730543969082611433e-02,-6.295870065675668314e-04,1.000344477918297817e-19,-0.000000000000000000e+00,0.000000000000000000e+00,-2.770000000006433538e+00
3.747680452718937794e-02,-5.990949837275660883e-04,0.000000000000000000e+00,-0.000000000000000000e+00,0.000000000000000000e+00,-2.799999999997242028e+00
5.451336069640122517e-02,-1.439386878936410596e-03,0.000000000000000000e+00,-0.000000000000000000e+00,0.000000000000000000e+00,-4.060000000000843379e+00
4.187014494203533665e-02,-6.079040166626636932e-04,0.000000000000000000e+00,-0.000000000000000000e+00,0.000000000000000000e+00,-2.370000000002738805e+00
4.835298350376304732e-02,-6.351568996487699792e-04,0.000000000000000000e+00,-0.000000000000000000e+00,0.000000000000000000e+00,-2.430000000010600569e+00
5.419244176443061001e-02,-8.329892861633769741e-04,0.000000000000000000e+00,-0.000000000000000000e+00,0.000000000000000000e+00,-2.530000000026972895e+00
6.109271237317615011e-02,-1.170133786577487456e-03,0.000000000000000000e+00,-0.000000000000000000e+00,0.000000000000000000e+00,-2.999999999915493820e+00
5.010164943532258164e-02,-6.522315432990755113e-04,0.000000000000000000e+00,-0.000000000000000000e+00,0.000000000000000000e+00,-2.160000000076413240e+00
5.598542131374184549e-02,-7.640756125486536376e-04,0.000000000000000000e+00,-1.272221872585407023e-14,0.000000000000000000e+00,-2.379999999928697374e+00
5.670920293074954710e-02,-8.245744025989765191e-04,0.000000000000000000e+00,-0.000000000000000000e+00,0.000000000000000000e+00,-2.370000000076034397e+00
5.031715623004195947e-02,-5.827341926580853482e-04,0.000000000000000000e+00,-0.000000000000000000e+00,0.000000000000000000e+00,-1.780000000018669981e+00
5.709852384234825884e-02,-5.527154370148501528e-04,0.000000000000000000e+00,-0.000000000000000000e+00,0.000000000000000000e+00,-1.649999999967357134e+00
5.705468834179916460e-02,-6.181885287941391027e-04,0.000000000000000000e+00,-1.272221872585406707e-14,0.000000000000000000e+00,-2.000000000013980372e+00
5.023336758714402883e-02,-4.837035645683940288e-04,0.000000000000000000e+00,-0.000000000000000000e+00,0.000000000000000000e+00,-2.289999999935771413e+00
5.714083767304833916e-02,-5.840639454575136114e-04,7.770925076294837411e-20,-0.000000000000000000e+00,0.000000000000000000e+00,-1.810000000019504229e+00
4.503177709481642754e-02,-3.370866501888336586e-04,0.000000000000000000e+00,-0.000000000000000000e+00,0.000000000000000000e+00,-1.440000000008668790e+00
5.807984041337144188e-02,-5.357796361717959144e-04,0.000000000000000000e+00,-0.000000000000000000e+00,0.000000000000000000e+00,-1.689999999953565979e+00
6.357266088583746200e-02,-1.000631667211759890e-03,0.000000000000000000e+00,-0.000000000000000000e+00,0.000000000000000000e+00,-2.800000000015447910e+00
4.516041559288264118e-02,-2.973018249785575051e-04,0.000000000000000000e+00,-0.000000000000000000e+00,0.000000000000000000e+00,-1.390000000069254504e+00
4.524533614759240763e-02,-3.422852488152994255e-04,0.000000000000000000e+00,-1.272221872585407023e-14,0.000000000000000000e+00,-1.419999999985462225e+00
6.498604005550645546e-02,-7.421294794882626888e-04,0.000000000000000000e+00,-0.000000000000000000e+00,0.000000000000000000e+00,-1.819999999961797288e+00
5.185061229038712138e-02,-6.420492542420497273e-04,7.974113417462546752e-20,-0.000000000000000000e+00,0.000000000000000000e+00,-2.100000000006644996e+00
4.507045150384403343e-02,-5.733116129635895675e-04,0.000000000000000000e+00,-0.000000000000000000e+00,0.000000000000000000e+00,-1.999999999974312326e+00
5.858841657429181282e-02,-6.999871577690885971e-04,0.000000000000000000e+00,-1.272221872585407023e-14,0.000000000000000000e+00,-2.130000000041301522e+00
4.430492947265662895e-02,-4.493198323196612165e-04,0.000000000000000000e+00,-1.272221872585407023e-14,0.000000000000000000e+00,-1.760000000026914035e+00
4.199624601829488046e-02,-6.584682001797848017e-04,0.000000000000000000e+00,-0.000000000000000000e+00,0.000000000000000000e+00,-3.169999999937683999e+00
4.998000135172342429e-02,-1.640089058521532195e-03,0.000000000000000000e+00,-0.000000000000000000e+00,0.000000000000000000e+00,-5.450000000050324367e+00
2.442338623724293889e-02,-5.808576484396255069e-04,0.000000000000000000e+00,-0.000000000000000000e+00,0.000000000000000000e+00,-4.099999999948100715e+00
2.944585903699359353e-02,-9.136040161270564397e-04,0.000000000000000000e+00,-0.000000000000000000e+00,0.000000000000000000e+00,-4.990000000014975789e+00
4.320439396710284985e-02,-1.452849089879304501e-03,0.000000000000000000e+00,-1.272221872585407023e-14,0.000000000000000000e+00,-5.050000000055552718e+00
4.421675134404531859e-02,-5.737080058190180409e-04,0.000000000000000000e+00,-0.000000000000000000e+00,0.000000000000000000e+00,-2.309999999993766817e+00
6.294207520673389400e-02,-5.383098227902394228e-04,0.000000000000000000e+00,-0.000000000000000000e+00,0.000000000000000000e+00,-1.779999999931658250e+00
6.097879414239598672e-02,-5.952114952596510022e-04,0.000000000000000000e+00,-0.000000000000000000e+00,0.000000000000000000e+00,-2.110000000071118986e+00
5.644612808348789534e-02,-1.074783128747869299e-03,0.000000000000000000e+00,-0.000000000000000000e+00,0.000000000000000000e+00,-3.199999999938085260e+00
4.405049479321376804e-02,-4.000904973719965341e-04,0.000000000000000000e+00,-0.000000000000000000e+00,0.000000000000000000e+00,-1.780000000038143293e+00
5.666968331439425910e-02,-6.825598062605298111e-04,0.000000000000000000e+00,-0.000000000000000000e+00,0.000000000000000000e+00,-2.190000000012438441e+00
5.675392318594388308e-02,-7.336599844289803940e-04,0.000000000000000000e+00,-1.272221872585407023e-14,0.000000000000000000e+00,-2.340000000000468816e+00
4.345263091252800358e-02,-4.471907476688574690e-04,0.000000000000000000e+00,-0.000000000000000000e+00,0.000000000000000000e+00,-2.119999999994957474e+00
6.275572946932185536e-02,-1.319676295341354333e-03,0.000000000000000000e+00,-0.000000000000000000e+00,0.000000000000000000e+00,-3.039999999980570689e+00
3.761223884308245724e-02,-2.434434118194772623e-04,0.000000000000000000e+00,-0.000000000000000000e+00,0.000000000000000000e+00,-1.460000000026481226e+00
6.429714397504140977e-02,-1.046150893705855012e-03,0.000000000000000000e+00,-0.000000000000000000e+00,0.000000000000000000e+00,-2.429999999973297076e+00
4.942288117065897490e-02,-4.696554420176024536e-04,0.000000000000000000e+00,-0.000000000000000000e+00,0.000000000000000000e+00,-1.170000000016764075e+00
6.132421194098233025e-02,-2.239395729664028778e-04,0.000000000000000000e+00,-0.000000000000000000e+00,0.000000000000000000e+00,-7.300000000066114714e-01
5.045016991674305951e-02,-7.930655467247582635e-05,0.000000000000000000e+00,-0.000000000000000000e+00,0.000000000000000000e+00,-1.999999999732244294e-01
4.204897535658608243e-02,-3.315172736151339450e-05,0.000000000000000000e+00,-0.000000000000000000e+00,0.000000000000000000e+00,-1.500000000052731652e-01
6.209209518339428580e-02,-2.049383156754736035e-04,0.000000000000000000e+00,1.272221872585407023e-14,0.000000000000000000e+00,-5.400000000517565235e-01
3.475616540325177084e-02,-1.084902523951214448e-04,0.000000000000000000e+00,-0.000000000000000000e+00,0.000000000000000000e+00,-6.599999999675965068e-01
5.010820539003105201e-02,-2.464177439198689257e-04,0.000000000000000000e+00,-0.000000000000000000e+00,0.000000000000000000e+00,-5.899999999563360076e-01
4.516213390002243866e-02,-3.950072601166532138e-05,0.000000000000000000e+00,-0.000000000000000000e+00,0.000000000000000000e+00,-1.099999999508517595e-01
3.535356690860669282e-02,-1.059902560629488733e-05,0.000000000000000000e+00,-0.000000000000000000e+00,0.000000000000000000e+00,-5.000000003937914855e-02
3.518298521036306026e-02,-7.026321421133019385e-06,0.000000000000000000e+00,-0.000000000000000000e+00,0.000000000000000000e+00,-3.999999997667433999e-02
5.010910075458768764e-02,-7.874843668043141065e-06,0.000000000000000000e+00,-0.000000000000000000e+00,0.000000000000000000e+00,-4.000000003587558806e-02
4.469304864412376732e-02,1.813148289264709945e-05,0.000000000000000000e+00,-0.000000000000000000e+00,0.000000000000000000e+00,4.999999995000252440e-02
3.249627805222266019e-02,1.655354111451678989e-05,1.761742739805762336e-21,-0.000000000000000000e+00,0.000000000000000000e+00,1.100000000851669019e-01
3.160050402498165711e-02,7.252536649393626078e-05,7.721587868696986869e-21,-0.000000000000000000e+00,0.000000000000000000e+00,7.599999999342706980e-01
3.462664379538638038e-02,2.794055694874675311e-04,0.000000000000000000e+00,-0.000000000000000000e+00,0.000000000000000000e+00,1.489999999975888612e+00
2.695188162182327041e-02,1.128816075310901113e-04,0.000000000000000000e+00,1.272221872585407023e-14,0.000000000000000000e+00,5.000000000461299887e-01
4.145194900457616072e-02,1.597297277133868931e-05,0.000000000000000000e+00,-0.000000000000000000e+00,0.000000000000000000e+00,-8.000000006126850582e-02
4.017233808270315176e-02,-1.075232189873265298e-04,0.000000000000000000e+00,1.272221872585407023e-14,0.000000000000000000e+00,-3.099999999160302222e-01
2.767728245858158687e-02,-2.396687001526842664e-06,0.000000000000000000e+00,1.272221872585407023e-14,0.000000000000000000e+00,9.999999944093146409e-03
4.610036890206181681e-02,1.683638018823430116e-05,0.000000000000000000e+00,1.272221872585407023e-14,0.000000000000000000e+00,1.000000001679276704e-02
4.119607866675090158e-02,5.215827769688985427e-13,0.000000000000000000e+00,-0.000000000000000000e+00,0.000000000000000000e+00,-1.000000001680328293e-02
3.185659249411221250e-02,-9.534660365906333368e-06,0.000000000000000000e+00,-0.000000000000000000e+00,0.000000000000000000e+00,-4.000000001264093774e-02
3.667559687306809479e-02,-6.401103474829028528e-06,0.000000000000000000e+00,-0.000000000000000000e+00,0.000000000000000000e+00,-3.000000000899833916e-02
3.164336386649269084e-02,-5.567461283328967170e-06,0.000000000000000000e+00,-0.000000000000000000e+00,0.000000000000000000e+00,-9.999999921615218904e-03
4.055638758897950336e-02,-4.704066762561964765e-06,0.000000000000000000e+00,1.272221872585406707e-14,0.000000000000000000e+00,9.999999921600027930e-03
3.479917178493496799e-02,2.984696506835859964e-06,0.000000000000000000e+00,-0.000000000000000000e+00,0.000000000000000000e+00,1.000000003379007164e-02
4.055638762922963991e-02,4.160719476953289586e-06,0.000000000000000000e+00,-0.000000000000000000e+00,0.000000000000000000e+00,1.999999997520710351e-02
3.556679940344320556e-02,8.232110809469617152e-06,0.000000000000000000e+00,-0.000000000000000000e+00,0.000000000000000000e+00,2.000000003157944781e-02
3.518298626017113406e-02,-2.024536233102836036e-06,0.000000000000000000e+00,1.272221872585407023e-14,0.000000000000000000e+00,-2.000000003163165951e-02
2.725082222349572980e-02,6.850076061937215854e-13,7.363523512172382071e-29,-0.000000000000000000e+00,0.000000000000000000e+00,-1.999999997518311923e-02
2.703757053050503956e-02,-2.420507641165414725e-05,0.000000000000000000e+00,-0.000000000000000000e+00,0.000000000000000000e+00,-2.100000000469789685e-01
3.855185971418095825e-02,-8.816375580611435225e-05,0.000000000000000000e+00,-0.000000000000000000e+00,0.000000000000000000e+00,-5.299999999665674366e-01
2.673833704083494744e-02,-1.476098740715858781e-04,0.000000000000000000e+00,-0.000000000000000000e+00,0.000000000000000000e+00,-1.019999999974022797e+00
3.773883310737269348e-02,-3.686195854031293351e-04,0.000000000000000000e+00,-0.000000000000000000e+00,0.000000000000000000e+00,-1.570000000010795871e+00
3.249371853276272759e-02,-3.206656004173247254e-04,0.000000000000000000e+00,1.272221872585407023e-14,0.000000000000000000e+00,-1.820000000001642082e+00
2.537325575182913795e-02,-1.924149641010508560e-04,0.000000000000000000e+00,-0.000000000000000000e+00,0.000000000000000000e+00,-1.449999999990414956e+00
2.507448420666746891e-02,-1.983233311328991277e-04,0.000000000000000000e+00,-0.000000000000000000e+00,0.000000000000000000e+00,-1.450000000017535040e+00
3.590395035511995125e-02,-4.196535130032152949e-04,-4.213623854266469128e-20,-0.000000000000000000e+00,0.000000000000000000e+00,-1.920000000007436425e+00
1.675933124287931619e-02,-9.040875214427757101e-05,0.000000000000000000e+00,-0.000000000000000000e+00,0.000000000000000000e+00,-1.269999999954977810e+00
3.435717530125437236e-02,-8.094344077393955672e-04,0.000000000000000000e+00,-0.000000000000000000e+00,0.000000000000000000e+00,-4.310000000010671961e+00
1.539274198748030731e-02,-1.845229610433207768e-04,0.000000000000000000e+00,1.272221872585407338e-14,0.000000000000000000e+00,-3.449999999991661515e+00
2.160032487111351873e-02,-7.248789473828232133e-04,0.000000000000000000e+00,-0.000000000000000000e+00,0.000000000000000000e+00,-5.910000000050607660e+00
1.453447746680813779e-02,-3.439172443164828508e-04,0.000000000000000000e+00,-0.000000000000000000e+00,0.000000000000000000e+00,-4.289999999927015750e+00
1.883356184808748779e-02,-6.052705833092808518e-04,0.000000000000000000e+00,-0.000000000000000000e+00,0.000000000000000000e+00,-5.420000000069770785e+00
1.790321862720239965e-02,-4.294605296046860587e-04,0.000000000000000000e+00,1.272221872585407023e-14,0.000000000000000000e+00,-4.689999999983226253e+00
2.351891194256167106e-02,-8.190569793664614906e-04,0.000000000000000000e+00,-0.000000000000000000e+00,0.000000000000000000e+00,-5.970000000019246578e+00
1.377150639002315546e-02,-2.084800466630731819e-04,0.000000000000000000e+00,-0.000000000000000000e+00,0.000000000000000000e+00,-3.539999999972120115e+00
1.866194822070499360e-02,-6.002072942736802474e-04,0.000000000000000000e+00,-0.000000000000000000e+00,0.000000000000000000e+00,-5.219999999970188043e+00
2.508367205522649135e-02,-1.063339428181819812e-03,0.000000000000000000e+00,-0.000000000000000000e+00,0.000000000000000000e+00,-6.519999999989612327e+00
2.296272040559044214e-02,-8.143471358295073514e-04,0.000000000000000000e+00,-0.000000000000000000e+00,0.000000000000000000e+00,-6.060000000032340850e+00
1.943644481663253654e-02,-4.837944944324767960e-04,0.000000000000000000e+00,-0.000000000000000000e+00,0.000000000000000000e+00,-4.500000000002748024e+00
2.804386787552592963e-02,-8.151750929150658465e-04,0.000000000000000000e+00,-0.000000000000000000e+00,0.000000000000000000e+00,-3.889999999999456559e+00
3.521463803583424479e-02,-6.838680067140501251e-04,0.000000000000000000e+00,-0.000000000000000000e+00,0.000000000000000000e+00,-3.469999999999170637e+00
2.809706632564701323e-02,-4.482731914585702526e-04,-4.624334758697184260e-20,-0.000000000000000000e+00,0.000000000000000000e+00,-2.670000000003120544e+00
4.415871528204062813e-02,-1.148858722852530434e-03,0.000000000000000000e+00,-0.000000000000000000e+00,0.000000000000000000e+00,-3.820000000001169571e+00
2.260021715992266422e-02,-2.197516203941152213e-04,-2.410874838441103155e-20,-0.000000000000000000e+00,0.000000000000000000e+00,-2.089999999999423430e+00
3.559947497640170155e-02,-6.526607034955667075e-04,0.000000000000000000e+00,-0.000000000000000000e+00,0.000000000000000000e+00,-2.590000000040132644e+00
3.334886441722972883e-02,-1.273960951182484536e-04,0.000000000000000000e+00,-0.000000000000000000e+00,0.000000000000000000e+00,-3.599999999352828661e-01
3.718731557425103418e-02,-3.673186741037781644e-05,0.000000000000000000e+00,-0.000000000000000000e+00,0.000000000000000000e+00,-1.400000000328192051e-01
3.688865529609608451e-02,-8.778413909715787611e-05,0.000000000000000000e+00,-0.000000000000000000e+00,0.000000000000000000e+00,-4.499999999649572646e-01
3.245265135368602394e-02,-2.002689888496167470e-04,0.000000000000000000e+00,-0.000000000000000000e+00,0.000000000000000000e+00,-1.030000000025812934e+00
2.878600284850718616e-02,-5.592766461193221517e-05,0.000000000000000000e+00,-0.000000000000000000e+00,0.000000000000000000e+00,-3.099999999456998223e-01
3.731527037498483246e-02,-2.814249912752586624e-05,0.000000000000000000e+00,-0.000000000000000000e+00,0.000000000000000000e+00,-1.000000000459748406e-01
4.128136674699112163e-02,-1.438014123911202091e-05,0.000000000000000000e+00,-0.000000000000000000e+00,0.000000000000000000e+00,-4.000000000793525745e-02
2.899930505872205799e-02,-1.311481730148500446e-05,0.000000000000000000e+00,-0.000000000000000000e+00,0.000000000000000000e+00,-8.000000002255436282e-02
3.663290727341528275e-02,-4.045342195801993057e-05,0.000000000000000000e+00,-0.000000000000000000e+00,0.000000000000000000e+00,-2.999999999836772679e-01
2.814616586721485625e-02,-8.281938829401980229e-05,0.000000000000000000e+00,-0.000000000000000000e+00,0.000000000000000000e+00,-7.400000000327249250e-01
4.055525540536852880e-02,-2.494830590620278343e-04,-2.984762996651079823e-20,-0.000000000000000000e+00,0.000000000000000000e+00,-7.699999999850805077e-01
2.469199812016276141e-02,-3.912106976589058149e-05,0.000000000000000000e+00,-0.000000000000000000e+00,0.000000000000000000e+00,-2.999999999680371676e-01
4.123855188617575607e-02,-9.520496963810742841e-05,0.000000000000000000e+00,-0.000000000000000000e+00,0.000000000000000000e+00,-3.300000000014896018e-01
4.563120903342232637e-02,-5.225078762238766217e-05,0.000000000000000000e+00,-0.000000000000000000e+00,0.000000000000000000e+00,-2.399999999770399128e-01
2.464938649538983562e-02,-2.581278158975131021e-05,0.000000000000000000e+00,1.272221872585407023e-14,0.000000000000000000e+00,-2.200000000153191637e-01
4.123755227426406655e-02,-2.432451299778648490e-04,0.000000000000000000e+00,1.272221872585407023e-14,0.000000000000000000e+00,-8.900000000373486930e-01
3.249628159239281722e-02,-1.438014655952279952e-05,0.000000000000000000e+00,1.272221872585407023e-14,0.000000000000000000e+00,-5.000000001282346729e-02
3.748586637072270911e-02,-1.734995633406732907e-05,0.000000000000000000e+00,1.272221872585407023e-14,0.000000000000000000e+00,-5.999999997270900887e-02
2.870078246955265477e-02,-1.293617589381845789e-05,0.000000000000000000e+00,1.272221872585406707e-14,0.000000000000000000e+00,-7.999999995268949893e-02
2.887136791145172854e-02,-1.085208987139374415e-05,0.000000000000000000e+00,-0.000000000000000000e+00,0.000000000000000000e+00,-7.000000000168976610e-02
3.697405968419009703e-02,-5.192328776604249185e-05,0.000000000000000000e+00,-0.000000000000000000e+00,0.000000000000000000e+00,-3.000000000695119962e-01
3.654756603799569348e-02,-6.599077555557997243e-05,0.000000000000000000e+00,-0.000000000000000000e+00,0.000000000000000000e+00,-4.299999999451517008e-01
3.198424949741429657e-02,-1.080887180326950414e-04,0.000000000000000000e+00,-0.000000000000000000e+00,0.000000000000000000e+00,-5.700000000083834673e-01
4.085448681300851703e-02,-1.586422516477448141e-04,0.000000000000000000e+00,-0.000000000000000000e+00,0.000000000000000000e+00,-3.799999999984069454e-01
2.447882018872615806e-02,-1.500537251253319937e-05,0.000000000000000000e+00,-0.000000000000000000e+00,0.000000000000000000e+00,-2.600000000174957360e-01
3.646227286665759681e-02,-6.349730398591546532e-05,0.000000000000000000e+00,-0.000000000000000000e+00,0.000000000000000000e+00,-2.699999999607739509e-01
3.684613347742726752e-02,-4.714480473366755575e-05,0.000000000000000000e+00,-0.000000000000000000e+00,0.000000000000000000e+00,-2.400000000815728229e-01
3.194186491538886230e-02,-2.820949171700171121e-05,0.000000000000000000e+00,-0.000000000000000000e+00,0.000000000000000000e+00,-5.199999999674992379e-01
1.991496032021733420e-02,-1.273268395518556417e-04,-1.596131194888769770e-20,1.272221872585406707e-14,0.000000000000000000e+00,-1.490000000005881953e+00
2.136044837732631319e-02,-3.958044008347538778e-04,0.000000000000000000e+00,-0.000000000000000000e+00,0.000000000000000000e+00,-2.930000000028737173e+00
2.668700203758844758e-02,-5.647244991549005277e-04,0.000000000000000000e+00,-0.000000000000000000e+00,0.000000000000000000e+00,-3.400000000005289458e+00
1.876188685952395740e-02,-2.239173857170317916e-04,0.000000000000000000e+00,-0.000000000000000000e+00,0.000000000000000000e+00,-2.179999999956900414e+00
2.949982368603698557e-02,-5.906889622144806395e-04,0.000000000000000000e+00,-0.000000000000000000e+00,0.000000000000000000e+00,-3.299999999950582907e+00
2.426079798383939945e-02,-3.761323511279890397e-04,0.000000000000000000e+00,-0.000000000000000000e+00,0.000000000000000000e+00,-2.530000000081726430e+00
1.876225626910843491e-02,-2.058566531704109082e-04,0.000000000000000000e+00,-0.000000000000000000e+00,0.000000000000000000e+00,-2.069999999973837213e+00
2.966928079471664592e-02,-6.185393753941337280e-04,0.000000000000000000e+00,1.272221872585407023e-14,0.000000000000000000e+00,-3.579999999925346899e+00
2.430176467119804506e-02,-4.423679931229163032e-04,-6.518686432377635523e-20,-0.000000000000000000e+00,0.000000000000000000e+00,-2.840000000093893640e+00
1.978546565522654177e-02,-2.307665792606883315e-04,0.000000000000000000e+00,-0.000000000000000000e+00,0.000000000000000000e+00,-2.059999999965430817e+00
2.426078188943003866e-02,-4.063973711678769973e-04,0.000000000000000000e+00,-0.000000000000000000e+00,0.000000000000000000e+00,-2.599999999960483699e+00
2.865391053526678000e-02,-3.910899966740322142e-04,0.000000000000000000e+00,-0.000000000000000000e+00,0.000000000000000000e+00,-1.920000000060307244e+00
2.315595236096124054e-02,-1.427854384566940027e-04,0.000000000000000000e+00,-0.000000000000000000e+00,0.000000000000000000e+00,-1.129999999933196220e+00
2.311313899356148838e-02,-1.524302529626320180e-04,-2.480940221542534274e-20,-0.000000000000000000e+00,0.000000000000000000e+00,-1.300000000087969898e+00
3.871072933950436834e-02,-7.637378907008329776e-04,0.000000000000000000e+00,-0.000000000000000000e+00,0.000000000000000000e+00,-2.839999999951213105e+00
1.982981879781431367e-02,-1.093673482882584480e-04,0.000000000000000000e+00,-0.000000000000000000e+00,0.000000000000000000e+00,-1.229999999996269855e+00
2.631079618432319300e-02,-2.496183615106062348e-04,-4.276187419032538071e-20,-0.000000000000000000e+00,0.000000000000000000e+00,-1.620000000007433494e+00
3.300434429642029599e-02,-3.975644295673985695e-04,0.000000000000000000e+00,1.272221872585407023e-14,0.000000000000000000e+00,-1.990000000023253390e+00
2.972204964664970639e-02,-2.834740283602643629e-04,0.000000000000000000e+00,-0.000000000000000000e+00,0.000000000000000000e+00,-1.599999999987091748e+00
1.637580585971520897e-02,-6.761994455872777365e-05,-1.215580679191642988e-20,-0.000000000000000000e+00,0.000000000000000000e+00,-8.400000000363183617e-01
