9.999999847691291022e-01,1.745329239629057807e-04,0.000000000000000000e+00,7.322323491551957497e-02,-1.745329239629057807e-04,9.999999847691291022e-01,0.000000000000000000e+00,-2.320769676156242411e-05,0.000000000000000000e+00,0.000000000000000000e+00,1.000000000000000000e+00,0.000000000000000000e+00
9.999997563060742944e-01,-6.981316437184015549e-04,3.875409414775394974e-20,1.229911655946355348e-01,6.981316437184014465e-04,9.999997563060744055e-01,2.220446015430986462e-16,-3.499018431682843748e-05,-1.937704473576975635e-19,-2.220445203767185577e-16,1.000000000000000000e+00,0.000000000000000000e+00
9.999970147507744045e-01,-2.443458520082440136e-03,3.875409414775394974e-20,1.762559633736395515e-01,2.443458520082440136e-03,9.999970147507745155e-01,2.220446015430986462e-16,6.346756430995672150e-05,-5.813107519359192519e-19,-2.220438439906023080e-16,1.000000000000000000e+00,-3.584998387787304661e-20
9.999997563060742944e-01,-6.981316437187686658e-04,3.875409414775394974e-20,2.331883419006761105e-01,6.981316437187683405e-04,9.999997563060744055e-01,2.220446015430986462e-16,1.606302386229590238e-04,-1.937704473577789822e-19,-2.220445203767185577e-16,1.000000000000000000e+00,-5.963079393805784186e-20
9.999994516886938634e-01,1.047197360277816189e-03,3.875409414775394974e-20,2.804401491866397311e-01,-1.047197360277816623e-03,9.999994516886940854e-01,2.220446015430986462e-16,1.651407807381849392e-04,1.937704477014265381e-19,-2.220445203767182373e-16,1.000000000000000000e+00,-5.692143977188133960e-20
9.999994516886938634e-01,1.047197360277761329e-03,3.875409414775394974e-20,3.550706401842890214e-01,-1.047197360277761762e-03,9.999994516886940854e-01,2.220446015430986462e-16,5.494515735174889607e-05,1.937704477014143325e-19,-2.220445203767182373e-16,1.000000000000000000e+00,-3.534533355966278957e-20
9.999984769132874707e-01,-1.745328366018589553e-03,3.875409414775394974e-20,4.105531071636945306e-01,1.745328366018589553e-03,9.999984769132875817e-01,2.220446015430986462e-16,5.851041458143181400e-05,-4.262947767163731330e-19,-2.220441957112966143e-16,1.000000000000000000e+00,-3.828715242949591227e-20
9.999992536874160454e-01,-1.221730171134812349e-03,3.875409414775394974e-20,4.814307190802606939e-01,1.221730171134812132e-03,9.999992536874160454e-01,2.220446015430986462e-16,1.849767177534905930e-04,-3.100326542678968242e-19,-2.220443884813722071e-16,1.000000000000000000e+00,-6.911510997114697176e-20
9.999978067553819683e-01,-2.094393569985903477e-03,3.875409414775394974e-20,5.529054302759800477e-01,2.094393569985903043e-03,9.999978067553818573e-01,2.220446015430986462e-16,2.764900846216370670e-04,-5.038027948724931794e-19,-2.220440333786456946e-16,1.000000000000000000e+00,-9.220509674011438798e-20
9.999871908648492180e-01,-5.061433218754267903e-03,3.875409414775394974e-20,6.248915713072462630e-01,5.061433218754267903e-03,9.999871908648491070e-01,2.220446015430986462e-16,5.026419604478330957e-04,-1.162617520036618644e-18,-2.220415611925284212e-16,1.000000000000000000e+00,-1.598804560803614524e-19
9.999823931648090802e-01,-5.934084628773234928e-03,3.875409414775394974e-20,6.808850813949618441e-01,5.934084628773234060e-03,9.999823931648089692e-01,2.220446015430986462e-16,7.916205417659678487e-04,-1.356384868729784189e-18,-2.220404620703197864e-16,1.000000000000000000e+00,-2.262165677852391254e-19
9.999813422410582797e-01,-6.108614390483710528e-03,-1.278877382839900608e-18,7.367504942680958013e-01,6.108614390483709661e-03,9.999813422410581687e-01,4.440852969653660803e-16,1.109314314179255228e-03,-1.433892313790891070e-18,-4.440848234977301013e-16,1.000000000000000000e+00,-2.989237683635599846e-19
9.999718382517348569e-01,-7.504845331268521734e-03,-1.278877382839900608e-18,8.094603957818636841e-01,7.504845331268520867e-03,9.999718382517347459e-01,4.440852969653660803e-16,1.591469837961883346e-03,-2.053950100198538521e-18,-4.440823885239804779e-16,1.000000000000000000e+00,-4.200548987715856123e-19
9.999555871089661485e-01,-9.424638431402685215e-03,-2.945287799444885805e-18,8.905274379304425336e-01,9.424638431402683481e-03,9.999555871089660375e-01,6.661236487261299552e-16,2.296087815449336569e-03,-3.332817549151679319e-18,-6.661218225216901567e-16,1.000000000000000000e+00,-6.292905758536903388e-19
9.999619230641769718e-01,-8.726535497717631540e-03,-2.945287799444885805e-18,9.472867338226176326e-01,8.726535497717628070e-03,9.999619230641768608e-01,6.661236487261299552e-16,2.838163372454920522e-03,-2.867776014567395167e-18,-6.661239869372399785e-16,1.000000000000000000e+00,-8.232074620751936031e-19
9.999395492821012699e-01,-1.099535272322220772e-02,-2.945287799444885805e-18,1.028992828948271487e+00,1.099535272322220425e-02,9.999395492821012699e-01,6.661236487261299552e-16,3.617068489751741091e-03,-4.379154720340572458e-18,-6.661157655515814433e-16,1.000000000000000000e+00,-1.101406615706534265e-18
9.999295732792133906e-01,-1.186796029863405010e-02,-2.945287799444885805e-18,1.094620978868589889e+00,1.186796029863404836e-02,9.999295732792133906e-01,6.661236487261299552e-16,4.351556960632049081e-03,-4.960448644579563639e-18,-6.661116903805836581e-16,1.000000000000000000e+00,-1.397372966616147071e-18
9.999232221618411520e-01,-1.239152054757433792e-02,-2.945287799444885805e-18,1.193595421891336272e+00,1.239152054757433619e-02,9.999232221618411520e-01,6.661236487261299552e-16,5.530700874653966814e-03,-5.309223213800138378e-18,-6.661090017867196341e-16,1.000000000000000000e+00,-1.891320393505888719e-18
9.998899589753487138e-01,-1.483475447303339925e-02,-2.945287799444885805e-18,1.250778931721570286e+00,1.483475447303339752e-02,9.998899589753487138e-01,6.661236487261299552e-16,6.273713523493809271e-03,-6.936817080575740566e-18,-6.660940404186368514e-16,1.000000000000000000e+00,-2.217836796368326136e-18
9.998352674223778269e-01,-1.815042749969837318e-02,-2.945287799444885805e-18,1.333458634899372663e+00,1.815042749969837318e-02,9.998352674223778269e-01,6.661236487261299552e-16,7.618703230845983929e-03,-9.145626377444321835e-18,-6.660673746931298275e-16,1.000000000000000000e+00,-2.870250726697540183e-18
9.998352674223778269e-01,-1.815042749969841482e-02,-2.945287799444885805e-18,1.391575977597250491e+00,1.815042749969841482e-02,9.998352674223778269e-01,6.661236487261299552e-16,8.653542525773336505e-03,-9.145626377444348028e-18,-6.660673746931298275e-16,1.000000000000000000e+00,-3.388409353295507023e-18
9.997733122812735296e-01,-2.129140789451885313e-02,-2.945287799444885805e-18,1.458432398051965784e+00,2.129140789451885313e-02,9.997733122812734186e-01,6.661236487261299552e-16,9.949162593349067038e-03,-1.123809017434058561e-17,-6.660353559997151615e-16,1.000000000000000000e+00,-4.054541120592018236e-18
9.996797880281909077e-01,-2.530457286560516481e-02,-2.945287799444885805e-18,1.533469348521560249e+00,2.530457286560516481e-02,9.996797880281909077e-01,6.661236487261299552e-16,1.168250647231198688e-02,-1.391162972366204954e-17,-6.659848772088339406e-16,1.000000000000000000e+00,-4.988157055018254465e-18
9.996841892833226995e-01,-2.513009544242154544e-02,-2.945287799444885805e-18,1.591917982379059460e+00,2.513009544242154544e-02,9.996841892833226995e-01,6.661236487261299552e-16,1.317650926088333868e-02,-1.379539322294760107e-17,-6.659872951027355197e-16,1.000000000000000000e+00,-5.811199595553702816e-18
9.996293644210200169e-01,-2.722377246501487408e-02,-2.945287799444885805e-18,1.676030696226779471e+00,2.722377246501487408e-02,9.996293644210200169e-01,6.661236487261299552e-16,1.534380051479424488e-02,-1.519020247548957457e-17,-6.659569414468082103e-16,1.000000000000000000e+00,-7.017370947936902443e-18
9.995494437502238094e-01,-3.001515448265485581e-02,-2.945287799444885805e-18,1.751909518258341958e+00,3.001515448265485581e-02,9.995494437502238094e-01,6.661236487261299552e-16,1.751624414633686996e-02,-1.704984343944504582e-17,-6.659119258213689322e-16,1.000000000000000000e+00,-8.241002057666108199e-18
9.995701546952390215e-01,-2.931733007174274971e-02,-2.945287799444885805e-18,1.810989948776545955e+00,2.931733007174274971e-02,9.995701546952390215e-01,6.661236487261299552e-16,1.930213208220661614e-02,-1.658494509698444232e-17,-6.659236665779074022e-16,1.000000000000000000e+00,-9.256615374532421688e-18
9.995335908367036781e-01,-3.053851321011723241e-02,-2.945287799444885805e-18,1.887079757809771996e+00,3.053851321011723241e-02,9.995335908367036781e-01,6.661236487261299552e-16,2.155609107873726615e-02,-1.739851175596772383e-17,-6.659029072628467206e-16,1.000000000000000000e+00,-1.053392437917285318e-17
9.994559873894963697e-01,-3.298074091475721586e-02,-2.945287799444885805e-18,1.963378202016968110e+00,3.298074091475721586e-02,9.994559873894963697e-01,6.661236487261299552e-16,2.396275032805531696e-02,-1.902556595008880705e-17,-6.658584068349012412e-16,1.000000000000000000e+00,-1.191233614272899986e-17
9.994502159417592013e-01,-3.315517838845887660e-02,-1.026848338599696978e-17,2.031318772859768806e+00,3.315517838845887660e-02,9.994502159417590903e-01,8.880474585859878976e-16,2.621199114371992184e-02,-1.918053396930692835e-17,-8.878996776487378998e-16,1.000000000000000000e+00,-1.321050410733261997e-17
9.993724166918819263e-01,-3.542277170729492969e-02,-1.026848338599696978e-17,2.108293499383819825e+00,3.542277170729492275e-02,9.993724166918818153e-01,8.880474585859878976e-16,2.881517138878505677e-02,-2.119506333351066010e-17,-8.878538729669251069e-16,1.000000000000000000e+00,-1.473183800775008423e-17
9.992358731520630810e-01,-3.908541679493350574e-02,-1.026848338599696978e-17,2.186282425351306014e+00,3.908541679493349186e-02,9.992358731520629700e-01,8.880474585859878976e-16,3.169840179837279254e-02,-2.444906809036064303e-17,-8.877702256336338718e-16,1.000000000000000000e+00,-1.649145545491342976e-17
9.992221688911565591e-01,-3.943421352648850825e-02,-1.026848338599696978e-17,2.247261923727737809e+00,3.943421352648849437e-02,9.992221688911563371e-01,8.880474585859878976e-16,3.409278069509366627e-02,-2.475895686335659852e-17,-8.877616372130070327e-16,1.000000000000000000e+00,-1.799161058307350376e-17
9.991661343425994879e-01,-4.082935197705421515e-02,-1.026848338599696978e-17,2.308368413226634885e+00,4.082935197705420127e-02,9.991661343425991548e-01,8.880474585859878976e-16,3.651363165459113602e-02,-2.599848140858797058e-17,-8.877262018305686167e-16,1.000000000000000000e+00,-1.951397015307465797e-17
9.989941848579879657e-01,-4.483992216679294485e-02,-1.026848338599696978e-17,2.396012715775067914e+00,4.483992216679292403e-02,9.989941848579876327e-01,8.880474585859878976e-16,4.022515860123532933e-02,-2.956182373349213461e-17,-8.876146850011158293e-16,1.000000000000000000e+00,-2.193490883076044585e-17
9.987544343348495612e-01,-4.989569015931663576e-02,-1.026848338599696978e-17,2.454888484363445755e+00,4.989569015931661494e-02,9.987544343348492282e-01,8.880474585859878976e-16,4.290696200610388811e-02,-3.405404752471681628e-17,-8.874536902279828530e-16,1.000000000000000000e+00,-2.371191267729365523e-17
9.944302984017612257e-01,-1.053963074333433836e-01,-1.026848338599696978e-17,2.526677350626359342e+00,1.053963074333433420e-01,9.944302984017610036e-01,8.880474585859878976e-16,4.753319281131085372e-02,-8.338563196285755436e-17,-8.841835594684143962e-16,1.000000000000000000e+00,-2.728055018666197688e-17
9.734991340704237661e-01,-2.286906993389427323e-01,-1.026848338599696978e-17,2.582646707146979193e+00,2.286906993389426768e-01,9.734991340704235441e-01,8.880474585859878976e-16,5.567795660815675479e-02,-1.930918346657157667e-16,-8.668617385935937625e-16,1.000000000000000000e+00,-3.393876656967721971e-17
9.543446553074229621e-01,-2.987076813310222678e-01,-1.026848338599696978e-17,2.606075426223477098e+00,2.987076813310222123e-01,9.543446553074227401e-01,8.880474585859878976e-16,6.164759908182174120e-02,-2.554669250285882199e-16,-8.505706206238949252e-16,1.000000000000000000e+00,-3.899951498449017490e-17
9.168511641625558539e-01,-3.992291857739933003e-01,-7.659491247521596859e-17,2.620345709222689834e+00,3.992291857739932448e-01,9.168511641625556319e-01,1.099954540536039886e-15,6.655624558903609767e-02,-3.689078209347793282e-16,-1.039073525558268281e-15,1.000000000000000000e+00,-4.321209187642797664e-17
8.259999280643132158e-01,-5.636702217056964725e-01,-7.659491247521596859e-17,2.627100874887015269e+00,5.636702217056963615e-01,8.259999280643129937e-01,1.099954540536039886e-15,6.990440537064680770e-02,-5.567442275355164689e-16,-9.517366426532170739e-16,1.000000000000000000e+00,-4.637750410783623756e-17
6.523630029043931966e-01,-7.579066647296105463e-01,-7.659491247521596859e-17,2.634539084914917062e+00,7.579066647296104353e-01,6.523630029043929746e-01,1.099954540536039886e-15,7.645973227616077728e-02,-7.836951900623302397e-16,-7.756214417717603988e-16,1.000000000000000000e+00,-5.301833665619498844e-17
4.648420457247487980e-01,-8.853936257543478794e-01,-7.659491247521596859e-17,2.651941786766209397e+00,8.853936257543477684e-01,4.648420457247486315e-01,1.099954540536039886e-15,1.011146047131903647e-01,-9.382882030030747786e-16,-5.791217660977673074e-16,1.000000000000000000e+00,-7.880461711451052199e-17
3.293610759479310146e-01,-9.442040466183254654e-01,-7.659491247521596859e-17,2.668665529921236512e+00,9.442040466183253544e-01,3.293610759479308481e-01,1.099954540536039886e-15,1.376000808611467507e-01,-1.013354145485354987e-15,-4.346034372742375483e-16,1.000000000000000000e+00,-1.178616779139007969e-16
2.179729084691504060e-01,-9.759548202521974858e-01,-7.659491247521596859e-17,2.690605470085962292e+00,9.759548202521973748e-01,2.179729084691502117e-01,1.099954540536039886e-15,2.129744076541689179e-01,-1.056810320048276365e-15,-3.145134644214707844e-16,1.000000000000000000e+00,-1.987071710411426363e-16
1.634981490793014081e-01,-9.865436408226664344e-01,-7.659491247521596859e-17,2.702856261719166930e+00,9.865436408226663234e-01,1.634981490793012138e-01,1.099954540536039886e-15,2.721845280627307462e-01,-1.072630030741258901e-15,-2.554047552708088988e-16,1.000000000000000000e+00,-2.628972635173284262e-16
9.862504575941849483e-02,-9.951246657323656875e-01,1.424617804925550872e-16,2.712753607933479305e+00,9.951246657323654654e-01,9.862504575941830054e-02,1.063650658617752515e-15,3.407180090204348089e-01,-1.072515305733047989e-15,3.686463681408016709e-17,1.000000000000000000e+00,-3.375228907084730526e-16
2.670036404783329015e-02,-9.996434817272171758e-01,1.424617804925550872e-16,2.718659865119490426e+00,9.996434817272168427e-01,2.670036404783312015e-02,1.063650658617752515e-15,4.185213731335104548e-01,-1.067075229124151449e-15,1.140111304598247502e-16,1.000000000000000000e+00,-4.211199061047888459e-16
-3.263186295752568827e-02,-9.994674389493242161e-01,1.424617804925550872e-16,2.719246030856809604e+00,9.994674389493238831e-01,-3.263186295752584093e-02,1.063650658617752515e-15,4.795359062958811647e-01,-1.058435406407728928e-15,1.770948134237513430e-16,1.000000000000000000e+00,-4.861015607028013727e-16
-1.545379524190749754e-01,-9.879868527779707144e-01,3.643881331094906806e-16,2.714007690711084830e+00,9.879868527779703813e-01,-1.545379524190750864e-01,1.070896387736124180e-15,5.583086069533540474e-01,-1.001719755794160749e-15,5.255048198342105068e-16,1.000000000000000000e+00,-5.691419323742359112e-16
-3.041993270877964561e-01,-9.526084029648971274e-01,3.643881331094906806e-16,2.695954973013652278e+00,9.526084029648967944e-01,-3.041993270877964561e-01,1.070896387736124180e-15,6.437401051141508068e-01,-9.092982727715009952e-16,6.728851580708732541e-16,1.000000000000000000e+00,-6.540520190541983526e-16
-4.135812060238625021e-01,-9.104672350084034305e-01,3.643881331094906806e-16,2.671927044374485138e+00,9.104672350084030974e-01,-4.135812060238624466e-01,1.070896387736124180e-15,7.099817150344394090e-01,-8.243119895703890275e-16,7.746660755885761622e-16,1.000000000000000000e+00,-7.159733908792299089e-16
-4.727045741403136936e-01,-8.812209629751351914e-01,5.665524706041173283e-16,2.644951683715092816e+00,8.812209629751348583e-01,-4.727045741403136381e-01,1.162729863232110732e-15,7.658042096265113008e-01,-7.568099854122857947e-16,1.048885638561062456e-15,1.000000000000000000e+00,-7.659239973816678070e-16
-4.951554286546672734e-01,-8.688044092163740295e-01,5.665524706041173283e-16,2.610372657613838854e+00,8.688044092163736964e-01,-4.951554286546672179e-01,1.162729863232110732e-15,8.286955750467407400e-01,-7.296533004662666226e-16,1.067955288351565844e-15,1.000000000000000000e+00,-8.194588334264621307e-16
-5.136910048137388607e-01,-8.579752627980897772e-01,5.665524706041173283e-16,2.578684443901233525e+00,8.579752627980895552e-01,-5.136910048137387497e-01,1.162729863232110732e-15,8.834269810368694520e-01,-7.065605520654217401e-16,1.083371876626118968e-15,1.000000000000000000e+00,-8.651001534707316707e-16
-5.458095087525181022e-01,-8.379092911260351828e-01,5.665524706041173283e-16,2.521708619970417065e+00,8.379092911260349608e-01,-5.458095087525179911e-01,1.162729863232110732e-15,9.753445847706927463e-01,-6.650324298089309243e-16,1.109348594492200993e-15,1.000000000000000000e+00,-9.395261478946884178e-16
-5.613613999581168468e-01,-8.275707695641884021e-01,5.665524706041173283e-16,2.486702544575482676e+00,8.275707695641882911e-01,-5.613613999581167358e-01,1.162729863232110732e-15,1.028425255081423240e+00,-6.442005596622042318e-16,1.121573927893429273e-15,1.000000000000000000e+00,-9.814118499241987192e-16
-5.797078928325763991e-01,-8.148243730937446694e-01,5.665524706041173283e-16,2.445489735028385958e+00,8.148243730937445584e-01,-5.797078928325762881e-01,1.162729863232110732e-15,1.088120105165575557e+00,-6.189856929724770104e-16,1.135684440632509005e-15,1.000000000000000000e+00,-1.027471615728761946e-15
-6.173105296848779844e-01,-7.867195878711646939e-01,5.665524706041173283e-16,2.398957627068529774e+00,7.867195878711645829e-01,-6.173105296848778734e-01,1.162729863232110732e-15,1.151933069247662589e+00,-5.650035530845579233e-16,1.163483313933301613e-15,1.000000000000000000e+00,-1.075305974001288731e-15
-6.896195437348944246e-01,-7.241718614382057773e-01,7.412393106797535699e-16,2.357826196612277325e+00,7.241718614382056662e-01,-6.896195437348943136e-01,1.299800335912051276e-15,1.201115420694588209e+00,-4.301057135260961147e-16,1.433152365984261155e-15,1.000000000000000000e+00,-1.109188649228134739e-15
-8.085037469910583141e-01,-5.884910289047903253e-01,9.020377655506244865e-16,2.307294380454132821e+00,5.884910289047903253e-01,-8.085037469910580921e-01,1.452926635049246160e-15,1.248111548076523913e+00,-1.257333770081842074e-16,1.705537761300290583e-15,1.000000000000000000e+00,-1.132818062809281092e-15
-8.960994365204575374e-01,-4.438533540120189191e-01,9.020377655506244865e-16,2.269682495092482544e+00,4.438533540120189747e-01,-8.960994365204573153e-01,1.452926635049246160e-15,1.272477747610913479e+00,1.634291733300824386e-16,1.702339226658345870e-15,1.000000000000000000e+00,-1.134293022077950922e-15
-9.631625667975007854e-01,-2.689198206158293636e-01,9.020377655506244865e-16,2.213863374295013564e+00,2.689198206158294191e-01,-9.631625667975005634e-01,1.452926635049246160e-15,1.295155720007030276e+00,4.780882395506176601e-16,1.641980381283065342e-15,1.000000000000000000e+00,-1.116891497202031082e-15
-9.923103502440947521e-01,-1.237746694539798992e-01,9.020377655506244865e-16,2.129768471019258147e+00,1.237746694539799686e-01,-9.923103502440945300e-01,1.452926635049246160e-15,1.313446577443797780e+00,7.152658970728368822e-16,1.553403564370726945e-15,1.000000000000000000e+00,-1.067609992504740865e-15
-9.979492705161305821e-01,-6.400979203467911660e-02,9.020377655506244865e-16,2.047704890924492371e+00,6.400979203467921375e-02,-9.979492705161303601e-01,1.452926635049246160e-15,1.321538974374285136e+00,8.071863983580976149e-16,1.507686325341173981e-15,1.000000000000000000e+00,-1.005002029765505959e-15
-9.992152711034808510e-01,-3.960861009423954915e-02,9.020377655506244865e-16,1.983154949919483379e+00,3.960861009423965323e-02,-9.992152711034805179e-01,1.452926635049246160e-15,1.325122457264040987e+00,8.437815058670441223e-16,1.487514943680174651e-15,1.000000000000000000e+00,-9.519820829516924450e-16
-9.999677716500916524e-01,-8.028428311347323570e-03,9.020377655506244865e-16,1.919219819982709963e+00,8.028428311347432858e-03,-9.999677716500912084e-01,1.452926635049246160e-15,1.327127320455681714e+00,8.903439770307455595e-16,1.460121755156111854e-15,1.000000000000000000e+00,-8.971328278804494011e-16
-9.988231282767832120e-01,4.850111771269721705e-02,9.020377655506244865e-16,1.808917270406029232e+00,-4.850111771269707828e-02,-9.988231282767828789e-01,1.452926635049246160e-15,1.325699177261524753e+00,9.714447485655106750e-16,1.407466886928279113e-15,1.000000000000000000e+00,-7.955607752403083432e-16
-9.975151079578324920e-01,7.045288777526438617e-02,9.020377655506244865e-16,1.763228339184924831e+00,-7.045288777526424739e-02,-9.975151079578321589e-01,1.452926635049246160e-15,1.323180598558478582e+00,1.002159176250090175e-15,1.385765103750570867e-15,1.000000000000000000e+00,-7.506883237311037073e-16
-9.933124484826743039e-01,1.154572634759494509e-01,9.020377655506244865e-16,1.679208922213674127e+00,-1.154572634759492983e-01,-9.933124484826739709e-01,1.452926635049246160e-15,1.316229068105065014e+00,1.063756274837036753e-15,1.339063301364024625e-15,1.000000000000000000e+00,-6.646135608363745063e-16
-9.871083455067829471e-01,1.600534730359259583e-01,9.020377655506244865e-16,1.607673774121774812e+00,-1.600534730359257918e-01,-9.871083455067826140e-01,1.452926635049246160e-15,1.306814874069840871e+00,1.122954960343345328e-15,1.289821729680255158e-15,1.000000000000000000e+00,-5.864080224319257002e-16
-9.834452049954147679e-01,1.812057636266762584e-01,9.020377655506244865e-16,1.553556525631145879e+00,-1.812057636266760918e-01,-9.834452049954144348e-01,1.452926635049246160e-15,1.297669757769078336e+00,1.150383395653175399e-15,1.265419290322602390e-15,1.000000000000000000e+00,-5.242346036403433053e-16
-9.729777459756815405e-01,2.308989082609148591e-01,9.020377655506244865e-16,1.471873587517409154e+00,-2.308989082609146648e-01,-9.729777459756812075e-01,1.452926635049246160e-15,1.281429869392336718e+00,1.213141845726462294e-15,1.205385747162492790e-15,1.000000000000000000e+00,-4.269581422878236114e-16
-9.620276715862048356e-01,2.729519355169067185e-01,9.020377655506244865e-16,1.391612083213002782e+00,-2.729519355169065520e-01,-9.620276715862043915e-01,1.452926635049246160e-15,1.261035444118065119e+00,1.264364428476248000e-15,1.151542673685617003e-15,1.000000000000000000e+00,-3.249276305978345088e-16
-9.551750823439413285e-01,2.960414870744391691e-01,9.020377655506244865e-16,1.329292398525798724e+00,-2.960414870744390026e-01,-9.551750823439408844e-01,1.452926635049246160e-15,1.242894434654856051e+00,1.291730558637202047e-15,1.120758716761957837e-15,1.000000000000000000e+00,-2.423553656369927111e-16
-9.386134973902361400e-01,3.449705821035606856e-01,9.020377655506244865e-16,1.247412799031515140e+00,-3.449705821035605191e-01,-9.386134973902356959e-01,1.452926635049246160e-15,1.215877982828744042e+00,1.347881768948251396e-15,1.052560057313605853e-15,1.000000000000000000e+00,-1.292439522223061052e-16
-9.302255408576275419e-01,3.669883419621592924e-01,9.020377655506244865e-16,1.188593351833189038e+00,-3.669883419621591258e-01,-9.302255408576270979e-01,1.452926635049246160e-15,1.193471447390525020e+00,1.372305705122717364e-15,1.020512120948462951e-15,1.000000000000000000e+00,-4.363153736324186577e-17
-9.289388452305240573e-01,3.702331992430997754e-01,9.020377655506244865e-16,1.122194309371743026e+00,-3.702331992430996088e-01,-9.289388452305236132e-01,1.452926635049246160e-15,1.167248858831009262e+00,1.375859596644713171e-15,1.015715662789412810e-15,1.000000000000000000e+00,5.436240389143992130e-17
-9.251434767011503801e-01,3.796176333066055286e-01,9.020377655506244865e-16,1.089782066912313052e+00,-3.796176333066053621e-01,-9.251434767011499360e-01,1.452926635049246160e-15,1.154235762358597039e+00,1.386070925102766576e-15,1.001736156829656063e-15,1.000000000000000000e+00,1.025065451252624038e-16
-9.234782808579524715e-01,3.836507067420065198e-01,8.177457181404838677e-16,1.067817772353422123e+00,-3.836507067420062977e-01,-9.234782808579520275e-01,1.658349752832322904e-15,1.145190631044783469e+00,1.391397464666877994e-15,1.217721256106957593e-15,1.000000000000000000e+00,1.354673856888585740e-16
-9.114750855585456168e-01,4.113552824579287948e-01,8.177457181404838677e-16,1.019789373060757676e+00,-4.113552824579285727e-01,-9.114750855585451728e-01,1.658349752832322904e-15,1.124751003558327023e+00,1.427525779397607981e-15,1.175160461984393674e-15,1.000000000000000000e+00,2.087329707287752430e-16
-9.037839772942358740e-01,4.279889278780615869e-01,8.177457181404838677e-16,9.703452838736802422e-01,-4.279889278780613648e-01,-9.037839772942354299e-01,1.658349752832322904e-15,1.101926197790962458e+00,1.448820810317891415e-15,1.148803822175888365e-15,1.000000000000000000e+00,2.870171739516188390e-16
-8.964090862189059150e-01,4.432276504734182221e-01,8.177457181404838677e-16,8.894689020103677679e-01,-4.432276504734180000e-01,-8.964090862189054709e-01,1.658349752832322904e-15,1.063068882437724794e+00,1.468061156568777730e-15,1.124112273231666146e-15,1.000000000000000000e+00,4.175925082308067474e-16
-8.880562234696950386e-01,4.597348626727622567e-01,8.177457181404838677e-16,8.318964414470506608e-01,-4.597348626727620347e-01,-8.880562234696945945e-01,1.658349752832322904e-15,1.034222201778707495e+00,1.488605370092128294e-15,1.096761603261619965e-15,1.000000000000000000e+00,5.125100270801854969e-16
-8.800632982914600166e-01,4.748563898699869612e-01,8.177457181404838677e-16,7.508074665667280323e-01,-4.748563898699867392e-01,-8.800632982914595726e-01,1.658349752832322904e-15,9.915208765951772918e-01,1.507145970642174174e-15,1.071140973650611325e-15,1.000000000000000000e+00,6.496339211406904544e-16
-8.728369164018854320e-01,4.880120053503278488e-01,8.177457181404838677e-16,6.936419505527913199e-01,-4.880120053503276267e-01,-8.728369164018850990e-01,1.658349752832322904e-15,9.603323370767611333e-01,1.523053239474507187e-15,1.048399156801612162e-15,1.000000000000000000e+00,7.481022838879449026e-16
-8.622485923285023723e-01,5.064853058357334792e-01,8.177457181404838677e-16,6.128703320508146479e-01,-5.064853058357332571e-01,-8.622485923285020393e-01,1.658349752832322904e-15,9.142168977318588796e-01,1.545029876095184080e-15,1.015733549819745867e-15,1.000000000000000000e+00,8.906284565045854516e-16
-8.530047293538699504e-01,5.219031823048517760e-01,8.177457181404838677e-16,5.570392352026954930e-01,-5.219031823048515539e-01,-8.530047293538696174e-01,1.658349752832322904e-15,8.810311631652275599e-01,1.563038978360362705e-15,9.877960894751080382e-16,1.000000000000000000e+00,9.913899073938198545e-16
-8.471219213824026095e-01,5.313985795176600080e-01,8.177457181404838677e-16,5.015082103437314975e-01,-5.313985795176597859e-01,-8.471219213824022765e-01,1.658349752832322904e-15,8.467730128492978459e-01,1.573975026951957915e-15,9.702755159168479467e-16,1.000000000000000000e+00,1.093612160305105012e-15
-8.392404526530842235e-01,5.437604827777084981e-01,8.177457181404838677e-16,4.304255026327401534e-01,-5.437604827777082761e-01,-8.392404526530838904e-01,1.658349752832322904e-15,8.018324808304638784e-01,1.588030348861738230e-15,9.470963907386554367e-16,1.000000000000000000e+00,1.226203066817302542e-15
-8.311786024462318734e-01,5.560055133139681915e-01,8.177457181404838677e-16,3.761765845952116938e-01,-5.560055133139679695e-01,-8.311786024462315403e-01,1.658349752832322904e-15,7.662744545410778985e-01,1.601744348738025364e-15,9.237137021512247733e-16,1.000000000000000000e+00,1.329532531364453925e-15
-8.071664232462241184e-01,5.903239493565357598e-01,8.177457181404838677e-16,3.053216015853854604e-01,-5.903239493565355378e-01,-8.071664232462237853e-01,1.658349752832322904e-15,7.180401358695834846e-01,1.639020461942780677e-15,8.558293565828388186e-16,1.000000000000000000e+00,1.467463260776564330e-15
-7.992652912503113161e-01,6.009783641717522107e-01,8.177457181404838677e-16,2.866492051733354751e-01,-6.009783641717519886e-01,-7.992652912503110940e-01,1.658349752832322904e-15,7.042725391385501466e-01,1.650228091260047469e-15,8.340139141958855843e-16,1.000000000000000000e+00,1.505583355026115329e-15
-7.967409143974137908e-01,6.043210366396102318e-01,8.177457181404838677e-16,2.868522519968038087e-01,-6.043210366396100097e-01,-7.967409143974135688e-01,1.658349752832322904e-15,7.044282579603765582e-01,1.653707112958489441e-15,8.270941583680903833e-16,1.000000000000000000e+00,1.505158555325054131e-15
-7.967409143974139019e-01,6.043210366396101207e-01,8.177457181404838677e-16,2.840320905946164820e-01,-6.043210366396098987e-01,-7.967409143974136798e-01,1.658349752832322904e-15,7.022891901257325431e-01,1.653707112958489244e-15,8.270941583680905805e-16,1.000000000000000000e+00,1.511012052851031367e-15
-7.968463761795971934e-01,6.041819699142337852e-01,8.177457181404838677e-16,2.726484410271795555e-01,-6.041819699142335631e-01,-7.968463761795969713e-01,1.658349752832322904e-15,6.936570145771556728e-01,1.653562732609642095e-15,8.273827721077198245e-16,1.000000000000000000e+00,1.534636149729002345e-15
-7.963188245971627444e-01,6.048771194153349517e-01,8.177457181404838677e-16,2.402045280592570164e-01,-6.048771194153347297e-01,-7.963188245971625223e-01,1.658349752832322904e-15,6.690383506644395073e-01,1.654284130565340696e-15,8.259394515433904526e-16,1.000000000000000000e+00,1.601993375852958229e-15
-7.960020025346764561e-01,6.052939880428228614e-01,8.177457181404838677e-16,1.858084485963893973e-01,-6.052939880428226394e-01,-7.960020025346762340e-01,1.658349752832322904e-15,6.277037753514136398e-01,1.654716364665688301e-15,8.250731572192191974e-16,1.000000000000000000e+00,1.715022719671133269e-15
-7.952619025404888964e-01,6.062660359674471033e-01,8.177457181404838677e-16,1.273162801950634415e-01,-6.062660359674468813e-01,-7.952619025404886743e-01,1.658349752832322904e-15,5.831603473191899756e-01,1.655723146499987494e-15,8.230509245485982731e-16,1.000000000000000000e+00,1.836723022793611902e-15
-7.958963466812840615e-01,6.054329073806488104e-01,8.177457181404838677e-16,8.108208951595387293e-02,-6.054329073806485884e-01,-7.958963466812838394e-01,1.658349752832322904e-15,5.479311546116496512e-01,1.654860341893527652e-15,8.247843421671865562e-16,1.000000000000000000e+00,1.932953157272176385e-15
-7.951560770440836423e-01,6.064048261185455146e-01,8.177457181404838677e-16,5.970434906187326030e-02,-6.064048261185452926e-01,-7.951560770440834203e-01,1.658349752832322904e-15,5.316576105550112619e-01,1.655866770766201679e-15,8.227619338110104324e-16,1.000000000000000000e+00,1.977421940756051529e-15
-7.952619025404887854e-01,6.062660359674473254e-01,8.177457181404838677e-16,5.872099211789827411e-02,-6.062660359674472144e-01,-7.952619025404885633e-01,1.658349752832322904e-15,5.309075950515766973e-01,1.655723146499987889e-15,8.230509245485978787e-16,1.000000000000000000e+00,1.979469879095724622e-15
-7.951560770440837533e-01,6.064048261185451816e-01,8.177457181404838677e-16,5.872099211789826717e-02,-6.064048261185451816e-01,-7.951560770440835313e-01,1.658349752832322904e-15,5.309075950515763642e-01,1.655866770766201482e-15,8.227619338110108269e-16,1.000000000000000000e+00,1.979469879095725411e-15
-7.949443533875506507e-01,6.066823510019463406e-01,8.177457181404838677e-16,5.685617602680274885e-02,-6.066823510019463406e-01,-7.949443533875504286e-01,1.658349752832322904e-15,5.294849273728099437e-01,1.656153867974435538e-15,8.221838771524518198e-16,1.000000000000000000e+00,1.983354105062782899e-15
-7.929281513388427571e-01,6.093151457286822836e-01,8.177457181404838677e-16,4.354572698165502104e-02,-6.093151457286823947e-01,-7.929281513388424241e-01,1.658349752832322904e-15,5.193003379790888108e-01,1.658871221866539221e-15,8.166873523687856570e-16,1.000000000000000000e+00,2.011128279079755807e-15
-7.887623377053050167e-01,6.146982793352055996e-01,8.177457181404838677e-16,1.674652327947777700e-02,-6.146982793352058216e-01,-7.887623377053046836e-01,1.658349752832322904e-15,4.986034105183156928e-01,1.664391763890983930e-15,8.053769419023501449e-16,1.000000000000000000e+00,2.067365957695747397e-15
-7.885477194782370969e-01,6.149735718757933789e-01,6.812552815574015544e-16,1.472823106041605198e-02,-6.149735718757936009e-01,-7.885477194782367638e-01,1.833490174487841630e-15,4.970305904808047792e-01,1.664750300258552739e-15,1.026840501919537850e-15,1.000000000000000000e+00,2.071624693236297396e-15
-7.886550406029263494e-01,6.148359349709454635e-01,6.812552815574015544e-16,8.036967899034805698e-03,-6.148359349709456856e-01,-7.886550406029260163e-01,1.833490174487841630e-15,4.918105574873157249e-01,1.664571057428884342e-15,1.027131040015535430e-15,1.000000000000000000e+00,2.085754030809343368e-15
-7.887623377053056828e-01,6.146982793352047114e-01,6.812552815574015544e-16,-1.409338810683155412e-02,-6.146982793352050445e-01,-7.887623377053053497e-01,1.833490174487841630e-15,4.745573696905678318e-01,1.664391763890982550e-15,1.027421546827383425e-15,1.000000000000000000e+00,2.132464062097947181e-15
-7.884403743320127500e-01,6.151111900487550299e-01,6.812552815574015544e-16,-6.074834544729861008e-02,-6.151111900487553630e-01,-7.884403743320124169e-01,1.833490174487841630e-15,4.381974348247213991e-01,1.664929492378694010e-15,1.026549932541488067e-15,1.000000000000000000e+00,2.230913715632770101e-15
-7.876882860081028115e-01,6.160739923788514094e-01,6.812552815574015544e-16,-1.085202926829573616e-01,-6.160739923788517425e-01,-7.876882860081025894e-01,1.833490174487841630e-15,4.009119927132616668e-01,1.666182416848038556e-15,1.024515071816778447e-15,1.000000000000000000e+00,2.331821098760140899e-15
-7.814115729854617109e-01,6.240159882602258623e-01,6.812552815574015544e-16,-1.371816885326131719e-01,-6.240159882602261954e-01,-7.814115729854614889e-01,1.833490174487841630e-15,3.783727672344014414e-01,1.676467944364867160e-15,1.007596253521392575e-15,1.000000000000000000e+00,2.392672274515582479e-15
-7.797752269616891052e-01,6.260595781687603445e-01,6.812552815574015544e-16,-1.415770570973783338e-01,-6.260595781687606776e-01,-7.797752269616888832e-01,1.833490174487841630e-15,3.748557429009617414e-01,1.679100077011697067e-15,1.003203822746216617e-15,1.000000000000000000e+00,2.402115072123516302e-15
-7.707356987766568190e-01,6.371549910588933940e-01,6.812552815574015544e-16,-1.440321161933056371e-01,-6.371549910588936161e-01,-7.707356987766565970e-01,1.833490174487841630e-15,3.728728758290167922e-01,1.693285181208801374e-15,9.790711280044908924e-16,1.000000000000000000e+00,2.407423161392878884e-15
-7.248936321315598841e-01,6.888608147478813004e-01,6.812552815574015544e-16,-1.473275300044247504e-01,-6.888608147478816335e-01,-7.248936321315595510e-01,1.833490174487841630e-15,3.700346048471637173e-01,1.756857150886882627e-15,8.597952837570899363e-16,1.000000000000000000e+00,2.414872121414382387e-15
-6.812321144501172210e-01,7.320674874912985741e-01,6.812552815574015544e-16,-1.499070692691145679e-01,-7.320674874912987962e-01,-6.812321144501168879e-01,1.833490174487841630e-15,3.674887770404725584e-01,1.806331521312955272e-15,7.503075460799625171e-16,1.000000000000000000e+00,2.421311652628941280e-15
-6.100068739797510631e-01,7.923961217077305497e-01,6.812552815574015544e-16,-1.539569775537745489e-01,-7.923961217077306607e-01,-6.100068739797506190e-01,1.833490174487841630e-15,3.629316253251091418e-01,1.868420908138421119e-15,5.786175668129234184e-16,1.000000000000000000e+00,2.432426166931458346e-15
-5.774302165487570360e-01,8.164400437364985885e-01,6.812552815574015544e-16,-1.551117172429752888e-01,-8.164400437364986995e-01,-5.774302165487567029e-01,1.833490174487841630e-15,3.613991117823402432e-01,1.890312183003968666e-15,5.025085366240871321e-16,1.000000000000000000e+00,2.436022687966486585e-15
-5.772877120859605249e-01,8.165408118854545760e-01,6.812552815574015544e-16,-1.551117172429754831e-01,-8.165408118854545760e-01,-5.772877120859601918e-01,1.833490174487841630e-15,3.613991117823402432e-01,1.890399858497055239e-15,5.021786072580400522e-16,1.000000000000000000e+00,2.436022687966486585e-15
-5.772877120859605249e-01,8.165408118854545760e-01,6.812552815574015544e-16,-1.551117172429756774e-01,-8.165408118854545760e-01,-5.772877120859601918e-01,1.833490174487841630e-15,3.613991117823402432e-01,1.890399858497055239e-15,5.021786072580400522e-16,1.000000000000000000e+00,2.436022687966486585e-15
-5.772877120859605249e-01,8.165408118854545760e-01,6.812552815574015544e-16,-1.551117172429758717e-01,-8.165408118854545760e-01,-5.772877120859601918e-01,1.833490174487841630e-15,3.613991117823402432e-01,1.890399858497055239e-15,5.021786072580400522e-16,1.000000000000000000e+00,2.436022687966486585e-15
-5.772877120859605249e-01,8.165408118854545760e-01,6.812552815574015544e-16,-1.583121920876944255e-01,-8.165408118854545760e-01,-5.772877120859601918e-01,1.833490174487841630e-15,3.568722211640843467e-01,1.890399858497055239e-15,5.021786072580400522e-16,1.000000000000000000e+00,2.446503037827496059e-15
-5.738623394064323868e-01,8.189517784405725420e-01,6.812552815574015544e-16,-1.640178127105731687e-01,-8.189517784405726530e-01,-5.738623394064320538e-01,1.833490174487841630e-15,3.487892307779060785e-01,1.892486788757652048e-15,4.942557364068337790e-16,1.000000000000000000e+00,2.465210105464932587e-15
-5.241345523821769881e-01,8.516354683778353252e-01,6.812552815574015544e-16,-1.683515320579256902e-01,-8.516354683778354362e-01,-5.241345523821766550e-01,1.833490174487841630e-15,3.423516171568467548e-01,1.918534695573194991e-15,3.808143911082926434e-16,1.000000000000000000e+00,2.479965775980465276e-15
-4.327152413297253863e-01,9.015306538997759356e-01,6.812552815574015544e-16,-1.752735778151089108e-01,-9.015306538997759356e-01,-4.327152413297249978e-01,1.833490174487841630e-15,3.301045825778564646e-01,1.947737139491099218e-15,1.792066238740663226e-16,1.000000000000000000e+00,2.507241364777199099e-15
-3.247429099816187548e-01,9.458023273478821658e-01,4.810752636844205970e-16,-1.814573770093759475e-01,-9.458023273478820547e-01,-3.247429099816183107e-01,1.929572259293940206e-15,3.160155966067768052e-01,1.981219714675173041e-15,1.716128064806993687e-16,1.000000000000000000e+00,2.537388492423389255e-15
-1.665966554051110937e-01,9.860251286898478185e-01,4.810752636844205970e-16,-1.882631725657199773e-01,-9.860251286898475964e-01,-1.665966554051106774e-01,1.929572259293940206e-15,2.917766894586191762e-01,1.982752265214624311e-15,-1.528920140230793265e-16,1.000000000000000000e+00,2.587433315143926207e-15
-4.537840482136967085e-03,9.999897039488752082e-01,4.810752636844205970e-16,-1.928754519077046925e-01,-9.999897039488748751e-01,-4.537840482136610600e-03,1.929572259293940206e-15,2.464354930670726862e-01,1.931735435125811622e-15,-4.723142193974784995e-16,1.000000000000000000e+00,2.677141283404884317e-15
7.201969327980761726e-02,9.974032102313902248e-01,4.810752636844205970e-16,-1.910888147128646242e-01,-9.974032102313897807e-01,7.201969327980796420e-02,1.929572259293940206e-15,1.838326051212591516e-01,1.889914672858158159e-15,-6.187932146373288467e-16,1.000000000000000000e+00,2.796703472180759462e-15
8.246033548787827516e-02,9.965943473004584829e-01,4.810752636844205970e-16,-1.868961502823794918e-01,-9.965943473004581499e-01,8.246033548787860823e-02,1.929572259293940206e-15,1.282950132713456259e-01,1.883331178681779074e-15,-6.385500642634528797e-16,1.000000000000000000e+00,2.901850281615905792e-15
1.758821866885912910e-01,9.844112232221043923e-01,4.810752636844205970e-16,-1.805715260275164991e-01,-9.844112232221040593e-01,1.758821866885915686e-01,1.929572259293940206e-15,6.645094288136978167e-02,1.814880018728381480e-15,-8.129532771237407888e-16,1.000000000000000000e+00,3.017925125250275001e-15
2.155875526420384103e-01,9.764845145448117769e-01,4.810752636844205970e-16,-1.775083365042370853e-01,-9.764845145448114438e-01,2.155875526420386878e-01,1.929572259293940206e-15,5.062684444009957208e-02,1.780483592161432176e-15,-8.857543063455482724e-16,1.000000000000000000e+00,3.046985241923259360e-15
2.281809450593032529e-01,9.736187427899298807e-01,4.810752636844205970e-16,-1.773514288674459816e-01,-9.736187427899294367e-01,2.281809450593035304e-01,1.929572259293940206e-15,4.991904543994250820e-02,1.768895508903926908e-15,-9.086755151016660514e-16,1.000000000000000000e+00,3.048275506856375018e-15
2.281809450593034749e-01,9.736187427899298807e-01,4.810752636844205970e-16,-1.772248749521602995e-01,-9.736187427899294367e-01,2.281809450593037525e-01,1.929572259293940206e-15,4.937928449790977836e-02,1.768895508903926710e-15,-9.086755151016664458e-16,1.000000000000000000e+00,3.049256132638605305e-15
2.336150708654235741e-01,9.723291616857655528e-01,4.810752636844205970e-16,-1.742550718804169729e-01,-9.723291616857651087e-01,2.336150708654238239e-01,1.929572259293940206e-15,3.684729069227042630e-02,1.763792945474148075e-15,-9.185406679409407159e-16,1.000000000000000000e+00,3.072008821443780932e-15
2.314083265423574620e-01,9.728567142220205799e-01,4.810752636844205970e-16,-1.698772193616760184e-01,-9.728567142220200248e-01,2.314083265423577118e-01,1.929572259293940206e-15,1.860087195134658283e-02,1.765872506320529075e-15,-9.145363877872841362e-16,1.000000000000000000e+00,3.105111559450893446e-15
1.928644905470808246e-01,9.812254013660752783e-01,4.810752636844205970e-16,-1.633905460288569145e-01,-9.812254013660747232e-01,1.928644905470811022e-01,1.929572259293940206e-15,-9.968667005637046885e-03,1.800562978945243736e-15,-8.441892394585416085e-16,1.000000000000000000e+00,3.157117971199085817e-15
1.230818760325451677e-01,9.923965194378251420e-01,4.810752636844205970e-16,-1.585968400676116830e-01,-9.923965194378246979e-01,1.230818760325454730e-01,1.929572259293940206e-15,-3.739618697321044766e-02,1.855689148159958412e-15,-7.149127908823076971e-16,1.000000000000000000e+00,3.207735219510414392e-15
6.981260297939554521e-03,9.999756307053951909e-01,4.810752636844205970e-16,-1.554858546359998983e-01,-9.999756307053948579e-01,6.981260297939911007e-03,1.929572259293940206e-15,-7.383872074283960585e-02,1.926166725340412509e-15,-4.945343864254068416e-16,1.000000000000000000e+00,3.276557103593842288e-15
-1.472915433968069454e-01,9.890931206129113251e-01,4.810752636844205970e-16,-1.580762717334502354e-01,-9.890931206129109921e-01,-1.472915433968065291e-01,1.929572259293940206e-15,-1.237870609502834118e-01,1.979384965471254188e-15,-1.916185576402341111e-16,1.000000000000000000e+00,3.374182220844110681e-15
-2.331059285077736742e-01,9.724513489602085725e-01,4.810752636844205970e-16,-1.632027171166320345e-01,-9.724513489602082394e-01,-2.331059285077732302e-01,1.929572259293940206e-15,-1.533586730572353840e-01,1.988556642489869375e-15,-1.802755599574583742e-17,1.000000000000000000e+00,3.433708989292764231e-15
-2.546019482071149032e-01,9.670459389135256378e-01,4.810752636844205970e-16,-1.647771545831577533e-01,-9.670459389135253048e-01,-2.546019482071144036e-01,1.929572259293940206e-15,-1.597784944614642211e-01,1.988467716558707268e-15,2.605097636486946527e-17,1.000000000000000000e+00,3.446860791878678182e-15
-2.534202889920577628e-01,9.673562720772438395e-01,4.810752636844205970e-16,-1.645827298746803946e-01,-9.673562720772436174e-01,-2.534202889920573187e-01,1.929572259293940206e-15,-1.590358956362266374e-01,1.988498059804088191e-15,2.362158591499046128e-17,1.000000000000000000e+00,3.445334360867817915e-15
-2.539267607893789802e-01,9.672234489273997537e-01,6.958715049395633252e-16,-1.649731199584223706e-01,-9.672234489273995317e-01,-2.539267607893785361e-01,1.873301651344711615e-15,-1.605206889823482808e-01,1.988601681269959663e-15,-1.973818167105867272e-16,1.000000000000000000e+00,3.448387458071788941e-15
-2.498730488371810610e-01,9.682786063240335084e-01,6.958715049395633252e-16,-1.691107284454629323e-01,-9.682786063240331753e-01,-2.498730488371805891e-01,1.873301651344711615e-15,-1.763654382235833318e-01,1.987757446726734723e-15,-2.057098959702585464e-16,1.000000000000000000e+00,3.480944409667876259e-15
-2.342938276935056796e-01,9.721658306609664013e-01,6.958715049395633252e-16,-1.818326092292782969e-01,-9.721658306609660682e-01,-2.342938276935052355e-01,1.873301651344711615e-15,-2.268139520130248721e-01,1.984198254433222861e-15,-2.375994853147492883e-16,1.000000000000000000e+00,3.584302488184218734e-15
-2.259712887614153676e-01,9.741339623765850053e-01,6.958715049395633252e-16,-1.944439918407343815e-01,-9.741339623765846722e-01,-2.259712887614149512e-01,1.873301651344711615e-15,-2.799238504480322520e-01,1.982093741134562972e-15,-2.545596780184814901e-16,1.000000000000000000e+00,3.692532881392709024e-15
-2.125187772308762546e-01,9.771569829481310254e-01,6.958715049395633252e-16,-2.076999582036756498e-01,-9.771569829481308034e-01,-2.125187772308758383e-01,1.873301651344711615e-15,-3.380502858435366909e-01,1.978395551119315896e-15,-2.818639239579592084e-16,1.000000000000000000e+00,3.810601729524330007e-15
-2.075702402351765619e-01,9.782201160110702842e-01,6.958715049395633252e-16,-2.120016149986224674e-01,-9.782201160110700622e-01,-2.075702402351761455e-01,1.873301651344711615e-15,-3.579760336881524507e-01,1.976943574155272242e-15,-2.918738304882024454e-16,1.000000000000000000e+00,3.850922066253560217e-15
-2.075702402351768672e-01,9.782201160110701732e-01,6.958715049395633252e-16,-2.122052849481750325e-01,-9.782201160110699512e-01,-2.075702402351764508e-01,1.873301651344711615e-15,-3.589355142470939675e-01,1.976943574155272242e-15,-2.918738304882018045e-16,1.000000000000000000e+00,3.852861205515814683e-15
-1.990258640277508539e-01,9.799942374565310255e-01,9.130800041289597442e-16,-2.137117881302721401e-01,-9.799942374565308034e-01,-1.990258640277504376e-01,1.827211799357498071e-15,-3.660706676597711429e-01,1.972383570731155792e-15,-5.311507352543382503e-16,1.000000000000000000e+00,3.867275832822903213e-15
-1.765693924538464799e-01,9.842881944067397582e-01,9.130800041289597442e-16,-2.152339283775334955e-01,-9.842881944067395361e-01,-1.765693924538460358e-01,1.827211799357498071e-15,-3.738551357789672291e-01,1.959724984379087692e-15,-5.761041913159387809e-16,1.000000000000000000e+00,3.882889540645275160e-15
-1.748512174175996248e-01,9.845948668196395914e-01,1.131635887388376709e-15,-2.184886169105918208e-01,-9.845948668196392584e-01,-1.748512174175991807e-01,1.788005518368231018e-15,-3.920317799679752246e-01,1.958328967813852060e-15,-8.015679441954114784e-16,1.000000000000000000e+00,3.919073910399356973e-15
-1.708974021244228370e-01,9.852888297078800095e-01,1.350259865602557597e-15,-2.222317305395858367e-01,-9.852888297078796764e-01,-1.708974021244224206e-01,1.749180748876079516e-15,-4.131969374337081113e-01,1.954204156232014291e-15,-1.031465516952088172e-15,1.000000000000000000e+00,3.961153170458362409e-15
-1.215228720220248304e-01,9.925886315969567608e-01,1.350259865602557597e-15,-2.304943895219356553e-01,-9.925886315969564277e-01,-1.215228720220244280e-01,1.749180748876079516e-15,-4.650799401733605731e-01,1.900304382786743183e-15,-1.127687124009675176e-15,1.000000000000000000e+00,4.063062656851475195e-15
-5.061433220525162098e-03,9.999871908648403362e-01,1.350259865602557597e-15,-2.340079186780012754e-01,-9.999871908648400032e-01,-5.061433220524801276e-03,1.749180748876079516e-15,-5.043542366003643806e-01,1.755992593523550662e-15,-1.341389208390373139e-15,1.000000000000000000e+00,4.136504677493302976e-15
1.678011877206294356e-01,9.858208566466559741e-01,1.350259865602557597e-15,-2.332175976299900866e-01,-9.858208566466555300e-01,1.678011877206297131e-01,1.749180748876079516e-15,-5.261994318094316281e-01,1.497803655107248928e-15,-1.624628944603377033e-15,1.000000000000000000e+00,4.173488402544357443e-15
2.816716605952381269e-01,9.595108522666752071e-01,1.350259865602557597e-15,-2.305044443352060879e-01,-9.595108522666746520e-01,2.816716605952383490e-01,1.749180748876079516e-15,-5.394374845839349231e-01,1.298027972543172663e-15,-1.788283640642943012e-15,1.000000000000000000e+00,4.192980687606949839e-15
4.563215908995836845e-01,8.898149277680575953e-01,1.350259865602557597e-15,-2.132574767967996276e-01,-8.898149277680569291e-01,4.563215908995837955e-01,1.749180748876079516e-15,-5.834389830105823904e-01,9.402944117148283361e-16,-1.999670326877303918e-15,1.000000000000000000e+00,4.246659373506082412e-15
5.446390350141459002e-01,8.386705679459965923e-01,1.350259865602557597e-15,-1.863855456858594106e-01,-8.386705679459959262e-01,5.446390350141460113e-01,1.749180748876079516e-15,-6.302947693376429461e-01,7.315821818799978768e-16,-2.085095323492770360e-15,1.000000000000000000e+00,4.292334522832488748e-15
5.738623394050216264e-01,8.189517784415614177e-01,1.350259865602557597e-15,-1.471072256960364588e-01,-8.189517784415607515e-01,5.738623394050216264e-01,1.749180748876079516e-15,-6.891364331055607195e-01,6.576313998284137239e-16,-2.109586674885732153e-15,1.000000000000000000e+00,4.342223289256616908e-15
6.215580360485015721e-01,7.833681176966101889e-01,1.350259865602557597e-15,-1.153787784100117619e-01,-7.833681176966095228e-01,6.215580360485015721e-01,1.749180748876079516e-15,-7.329711627881243530e-01,5.309875605391619953e-16,-2.144967880283615820e-15,1.000000000000000000e+00,4.376056505581338614e-15
7.027741454994822501e-01,7.114130308178737705e-01,1.350259865602557597e-15,-7.757711301924388736e-02,-7.114130308178731044e-01,7.027741454994821391e-01,1.749180748876079516e-15,-7.772639819195135136e-01,2.954622547551268377e-16,-2.189871469495580995e-15,1.000000000000000000e+00,4.402490580489323485e-15
8.008359080926875651e-01,5.988838354049648149e-01,1.508225290969031525e-15,-2.635021413022834574e-02,-5.988838354049641488e-01,8.008359080926873430e-01,1.905227956365038571e-15,-8.240974991195383348e-01,-6.683074467288485517e-17,-2.429026707469472809e-15,1.000000000000000000e+00,4.415241241568646072e-15
8.679388771360666555e-01,4.966710234710540184e-01,1.508225290969031525e-15,1.413226066129040503e-02,-4.966710234710534078e-01,8.679388771360664334e-01,1.905227956365038571e-15,-8.520990743002005985e-01,-3.627758464783900810e-16,-2.402713212026231204e-15,1.000000000000000000e+00,4.407533933103516196e-15
9.140416982809060897e-01,4.056202334743148064e-01,1.508225290969031525e-15,8.909425487181707459e-02,-4.056202334743141957e-01,9.140416982809057567e-01,1.905227956365038571e-15,-8.908752757952125290e-01,-6.057817978649684959e-16,-2.353224491502884141e-15,1.000000000000000000e+00,4.368351860703666822e-15
9.244129586331988335e-01,3.813930805756923781e-01,1.508225290969031525e-15,1.515838363454180826e-01,-3.813930805756917120e-01,9.244129586331983894e-01,1.905227956365038571e-15,-9.176246725743930632e-01,-6.675822440331064838e-16,-2.336444101938936298e-15,1.000000000000000000e+00,4.325067192062707582e-15
9.222009716701695670e-01,3.867109616374948544e-01,1.508225290969031525e-15,1.846059195792450480e-01,-3.867109616374941883e-01,9.222009716701691229e-01,1.905227956365038571e-15,-9.312884785645907382e-01,-6.541142936846016649e-16,-2.340250325249633510e-15,1.000000000000000000e+00,4.301295116131837898e-15
9.051240819616782618e-01,4.251474994081818615e-01,1.508225290969031525e-15,2.391706284624339207e-01,-4.251474994081811953e-01,9.051240819616778177e-01,1.905227956365038571e-15,-9.546659848341619847e-01,-5.551281304285726990e-16,-2.365685915932289954e-15,1.000000000000000000e+00,4.263538720694735686e-15
8.527313445696512728e-01,5.223497429772847589e-01,1.602626999509986347e-15,2.856387465259547231e-01,-5.223497429772839817e-01,8.527313445696509397e-01,2.106205875552350856e-15,-9.781240776618406185e-01,-2.664341783837588602e-16,-2.633159569482753029e-15,1.000000000000000000e+00,4.238147344065898102e-15
7.352695779648040775e-01,6.777747765441404226e-01,1.602626999509986347e-15,3.338293770576615804e-01,-6.777747765441396455e-01,7.352695779648039665e-01,2.106205875552350856e-15,-1.011854953983653216e+00,2.491703390937421973e-16,-2.634849261700853871e-15,1.000000000000000000e+00,4.231959908348905702e-15
6.248339382416764343e-01,7.807576766330238671e-01,1.753123231995881384e-15,3.574806161313949793e-01,-7.807576766330230900e-01,6.248339382416764343e-01,2.269468518504940209e-15,-1.035681496605172836e+00,6.764940744287451229e-16,-2.786805373597425882e-15,1.000000000000000000e+00,4.244239398101018358e-15
5.099425034139333235e-01,8.602084882235999652e-01,1.753123231995881384e-15,3.795655044157126290e-01,-8.602084882235992991e-01,5.099425034139333235e-01,2.269468518504940209e-15,-1.065884914826408458e+00,1.058224033657082174e-15,-2.665349942810367287e-15,1.000000000000000000e+00,4.274067574178079603e-15
3.818770497644120576e-01,9.242131349765754234e-01,1.753123231995881384e-15,4.064846766273981782e-01,-9.242131349765747572e-01,3.818770497644121686e-01,2.269468518504940209e-15,-1.117498299462926337e+00,1.427995086510056506e-15,-2.486917460623056003e-15,1.000000000000000000e+00,4.344009899553739982e-15
3.058614782341164129e-01,9.520760243449269966e-01,1.753123231995881384e-15,4.252431751533877757e-01,-9.520760243449263305e-01,3.058614782341165794e-01,2.269468518504940209e-15,-1.167514026039946584e+00,1.624493701209322407e-15,-2.363249592781077814e-15,1.000000000000000000e+00,4.424633056887165632e-15
2.773146533025804827e-01,9.607791541575360084e-01,1.753123231995881384e-15,4.375150039959862514e-01,-9.607791541575353422e-01,2.773146533025807048e-01,2.269468518504940209e-15,-1.207151102147799415e+00,1.694291282318695242e-15,-2.313721131361246002e-15,1.000000000000000000e+00,4.493074125036485118e-15
2.806667089196746012e-01,9.598052919755127865e-01,1.966459059700997440e-15,4.512539223492239016e-01,-9.598052919755121204e-01,2.806667089196748233e-01,2.331044741137433733e-15,-1.255029435107554603e+00,1.685429485863841099e-15,-2.541664467793765443e-15,1.000000000000000000e+00,4.577661427385733160e-15
2.910361668272005153e-01,9.567120515591567287e-01,2.179578646562654623e-15,4.550616967285006087e-01,-9.567120515591560626e-01,2.910361668272007374e-01,2.393365269635111739e-15,-1.267911861906536819e+00,1.655425182649029276e-15,-2.781785012379438286e-15,1.000000000000000000e+00,4.600203108203162131e-15
2.903681849467714682e-01,9.569149999716370925e-01,2.179578646562654623e-15,4.547888849484435503e-01,-9.569149999716364263e-01,2.903681849467716902e-01,2.393365269635111739e-15,-1.267014188647990425e+00,1.657366831373861149e-15,-2.780628629772269892e-15,1.000000000000000000e+00,4.598649262933020369e-15
2.905351936977528249e-01,9.568643065884576693e-01,2.179578646562654623e-15,4.547888849484436613e-01,-9.568643065884570031e-01,2.905351936977530469e-01,2.393365269635111739e-15,-1.267014188647990869e+00,1.656881494883731312e-15,-2.780917852501093979e-15,1.000000000000000000e+00,4.598649262933021158e-15
2.908691846426437744e-01,9.567628323807966240e-01,2.179578646562654623e-15,4.558298164720913648e-01,-9.567628323807959578e-01,2.908691846426440519e-01,2.393365269635111739e-15,-1.270441885169449892e+00,1.655910670507721922e-15,-2.781496043812773664e-15,1.000000000000000000e+00,4.604584200620853651e-15
3.060276421873939223e-01,9.520226269460329016e-01,2.179578646562654623e-15,4.650984219932433050e-01,-9.520226269460321245e-01,3.060276421873941999e-01,2.393365269635111739e-15,-1.300518749918957440e+00,1.611526577069858803e-15,-2.807444119095685522e-15,1.000000000000000000e+00,4.656344614022309661e-15
3.454619916713018157e-01,9.384327425609670925e-01,2.179578646562654623e-15,4.778338625290831643e-01,-9.384327425609663154e-01,3.454619916713020378e-01,2.393365269635111739e-15,-1.338301367130301012e+00,1.493050753688071200e-15,-2.872204699766179214e-15,1.000000000000000000e+00,4.719014323605372163e-15
4.151696403959818649e-01,9.097440132770713284e-01,2.179578646562654623e-15,4.941301529027987693e-01,-9.097440132770705512e-01,4.151696403959820314e-01,2.393365269635111739e-15,-1.380277576830670094e+00,1.272454842727628293e-15,-2.976511223507556518e-15,1.000000000000000000e+00,4.783959679536420955e-15
5.471250196839340108e-01,8.370509021773143710e-01,2.179578646562654623e-15,5.059248750234335290e-01,-8.370509021773134828e-01,5.471250196839340108e-01,2.393365269635111739e-15,-1.403631880452647085e+00,8.108665482846471362e-16,-3.133888292731632479e-15,1.000000000000000000e+00,4.813970177201626748e-15
6.855642705328407471e-01,7.280121090811437767e-01,2.179578646562654623e-15,5.086030844752611468e-01,-7.280121090811429996e-01,6.855642705328405251e-01,2.393365269635111739e-15,-1.407425641065322086e+00,2.481576528489362052e-16,-3.227565362588332060e-15,1.000000000000000000e+00,4.817212663961087098e-15
8.145207270704730718e-01,5.801344543919013663e-01,2.179578646562654623e-15,5.147885125313219623e-01,-5.801344543919005892e-01,8.145207270704727387e-01,2.393365269635111739e-15,-1.412905510014877963e+00,-3.868383290451986491e-16,-3.213894288496272814e-15,1.000000000000000000e+00,4.816846365076266313e-15
8.925858184517850846e-01,4.508775406901058824e-01,2.179578646562654623e-15,5.238175533761156855e-01,-4.508775406901051053e-01,8.925858184517846405e-01,2.393365269635111739e-15,-1.418713290914771719e+00,-8.663463433759685378e-16,-3.119006957954171211e-15,1.000000000000000000e+00,4.811067001551467776e-15
9.522893239061764881e-01,3.051967292981994095e-01,2.179578646562654623e-15,5.330810053287269312e-01,-3.051967292981986879e-01,9.522893239061759330e-01,2.393365269635111739e-15,-1.422837307472579305e+00,-1.345142223426949031e-15,-2.944376468660461503e-15,1.000000000000000000e+00,4.800746857482954229e-15
9.939609554550536963e-01,1.097343110921916443e-01,2.179578646562654623e-15,5.494844066270555549e-01,-1.097343110921910336e-01,9.939609554550530301e-01,2.393365269635111739e-15,-1.426740645985200118e+00,-1.903781784971461002e-15,-2.618086191411261317e-15,1.000000000000000000e+00,4.774336469113854437e-15
9.988650731575897668e-01,-4.762946174253827186e-02,2.179578646562654623e-15,5.913295885243879946e-01,4.762946174253877840e-02,9.988650731575889896e-01,2.393365269635111739e-15,-1.428230046889884530e+00,-2.291099683797530400e-15,-2.286836817385600261e-15,1.000000000000000000e+00,4.686696284586734004e-15
9.943379441333202173e-01,-1.062640713351559879e-01,2.169002781547240851e-15,6.360337083474122410e-01,1.062640713351564459e-01,9.943379441333194402e-01,2.615157870177801032e-15,-1.425120822549387656e+00,-2.434619089092403177e-15,-2.369863633912178909e-15,1.000000000000000000e+00,4.581818630055042988e-15
9.925035507468408236e-01,-1.222157999397547323e-01,2.169002781547240851e-15,7.004487146600657521e-01,1.222157999397551764e-01,9.925035507468400464e-01,2.615157870177801032e-15,-1.417874445843541276e+00,-2.472356573337934001e-15,-2.330467061896663716e-15,1.000000000000000000e+00,4.423115757308050766e-15
9.935322797695440578e-01,-1.135500288680420661e-01,2.169002781547240851e-15,7.659432696807779717e-01,1.135500288680425102e-01,9.935322797695433916e-01,2.615157870177801032e-15,-1.409940554118841005e+00,-2.451925530030287134e-15,-2.351953432255463040e-15,1.000000000000000000e+00,4.260309505906938482e-15
9.993155418290003977e-01,-3.699253788282026723e-02,2.169002781547240851e-15,8.279195242306492952e-01,3.699253788282075989e-02,9.993155418289998426e-01,2.615157870177801032e-15,-1.404090679692359567e+00,-2.264259516452595775e-15,-2.533130986440774793e-15,1.000000000000000000e+00,4.110707391240305264e-15
9.967648659215301299e-01,8.037289384136045434e-02,2.169002781547240851e-15,8.921492400683147528e-01,-8.037289384135991310e-02,9.967648659215295748e-01,2.615157870177801032e-15,-1.404337547618881743e+00,-1.951797960854160697e-15,-2.781026514134321384e-15,1.000000000000000000e+00,3.972302802102980671e-15
9.859669154157099102e-01,1.669408329487748754e-01,2.169002781547240851e-15,9.539249895582178063e-01,-1.669408329487742926e-01,9.859669154157094662e-01,2.615157870177801032e-15,-1.411226969927781960e+00,-1.701988348910199678e-15,-2.940554269604029343e-15,1.000000000000000000e+00,3.856523241485452702e-15
9.805804445572989803e-01,1.961172908027491724e-01,2.169002781547240851e-15,1.026911225314396381e+00,-1.961172908027485895e-01,9.805804445572986472e-01,2.615157870177801032e-15,-1.424821933939966145e+00,-1.614004035254851633e-15,-2.989751616187138852e-15,1.000000000000000000e+00,3.733768870246886773e-15
9.822872507285419497e-01,1.873813145864940410e-01,2.212549567902504946e-15,1.084634188920250430e+00,-1.873813145864934582e-01,9.822872507285416166e-01,2.832890467586738100e-15,-1.436291527183052974e+00,-1.642528492259622214e-15,-3.197302635642220761e-15,1.000000000000000000e+00,3.638562398664036511e-15
9.909129088736070567e-01,1.345050446178379377e-01,2.212549567902504946e-15,1.155738879059098556e+00,-1.345050446178373549e-01,9.909129088736067237e-01,2.832890467586738100e-15,-1.449041830787982654e+00,-1.811405869617109338e-15,-3.104746812106591511e-15,1.000000000000000000e+00,3.517359960762729132e-15
9.999555871089471637e-01,9.424638433427286188e-03,2.212549567902504946e-15,1.226802860325986400e+00,-9.424638433426739750e-03,9.999555871089468306e-01,2.832890467586738100e-15,-1.455984967511707140e+00,-2.185752333801086477e-15,-2.853617130424553241e-15,1.000000000000000000e+00,3.379796525557035639e-15
9.884145513316632270e-01,-1.517783736763149149e-01,2.212549567902504946e-15,1.288886689762799298e+00,1.517783736763153868e-01,9.884145513316627829e-01,2.832890467586738100e-15,-1.454047434845259890e+00,-2.616887696430867297e-15,-2.464252985397015957e-15,1.000000000000000000e+00,3.236944157741466120e-15
9.674888300214612435e-01,-2.529137477159047465e-01,2.178847998883383817e-15,1.331093987978047899e+00,2.529137477159051350e-01,9.674888300214606884e-01,3.052362586139329413e-15,-1.446438822844194450e+00,-2.879995562282592961e-15,-2.402066094164325638e-15,1.000000000000000000e+00,3.122004053903601579e-15
9.131190231965443660e-01,-4.076930824487814409e-01,2.178847998883383817e-15,1.392730129026684693e+00,4.076930824487817184e-01,9.131190231965438109e-01,3.052362586139329413e-15,-1.426449341179623298e+00,-3.233974667928615264e-15,-1.898869086245097620e-15,1.000000000000000000e+00,2.926340123436555897e-15
8.253106586936490574e-01,-5.646789500651279159e-01,2.178847998883383817e-15,1.457628312951026572e+00,5.646789500651281379e-01,8.253106586936485023e-01,3.052362586139329413e-15,-1.391913054623428181e+00,-3.521831377511017257e-15,-1.288797776177527313e-15,1.000000000000000000e+00,2.679519576313521526e-15
7.838018561290411856e-01,-6.210109905055384294e-01,2.178847998883383817e-15,1.502772275808313296e+00,6.210109905055386514e-01,7.838018561290406305e-01,3.052362586139329413e-15,-1.359237458782313279e+00,-3.603335818748273241e-15,-1.039358906647267977e-15,1.000000000000000000e+00,2.481280906234054750e-15
7.628940554514402894e-01,-6.465235186417078728e-01,2.040955858842479044e-15,1.549179021788964050e+00,6.465235186417079838e-01,7.628940554514397343e-01,3.226401559623008346e-15,-1.321410485519563194e+00,-3.642977581028276567e-15,-1.141876607084402583e-15,1.000000000000000000e+00,2.264706022685312893e-15
7.599523800603584789e-01,-6.499787535301414509e-01,2.040955858842479044e-15,1.615627278947164847e+00,6.499787535301416730e-01,7.599523800603580348e-01,3.226401559623008346e-15,-1.264926836526409026e+00,-3.648121726636941884e-15,-1.125333599125486381e-15,1.000000000000000000e+00,1.946849129723700118e-15
7.557391838273915807e-01,-6.548727250603035843e-01,2.040955858842479044e-15,1.662182521406243563e+00,6.548727250603039174e-01,7.557391838273910256e-01,3.226401559623008346e-15,-1.224944508701971913e+00,-3.655312696478480088e-15,-1.101751756360951201e-15,1.000000000000000000e+00,1.722832890016889221e-15
7.510337036958379953e-01,-6.602638683987728241e-01,2.040955858842479044e-15,1.728361775888551444e+00,6.602638683987732682e-01,7.510337036958375512e-01,3.226401559623008346e-15,-1.167298439303869007e+00,-3.663103012510707755e-15,-1.075566902343223369e-15,1.000000000000000000e+00,1.401774584635220127e-15
7.497647047401969633e-01,-6.617045318915725227e-01,2.040955858842479044e-15,1.761328914597926287e+00,6.617045318915729668e-01,7.497647047401965192e-01,3.226401559623008346e-15,-1.138270691075850438e+00,-3.665161200597388155e-15,-1.068532271537333331e-15,1.000000000000000000e+00,1.240831696506837708e-15
7.440783833519579726e-01,-6.680923285207938100e-01,2.040955858842479044e-15,1.840497289493472799e+00,6.680923285207942541e-01,7.440783833519576396e-01,3.226401559623008346e-15,-1.067949848027608173e+00,-3.674165266651875099e-15,-1.037148704386298300e-15,1.000000000000000000e+00,8.523368497890360490e-16
7.410390258683078324e-01,-6.714619588183301513e-01,2.040955858842479044e-15,1.893474589748772363e+00,6.714619588183305954e-01,7.410390258683074993e-01,3.226401559623008346e-15,-1.020224774791787414e+00,-3.678833852635827216e-15,-1.020465249962907624e-15,1.000000000000000000e+00,5.902322677261511514e-16
7.397485465565626361e-01,-6.728834132800813883e-01,1.891861353474475234e-15,1.933111532129132559e+00,6.728834132800817214e-01,7.397485465565621920e-01,3.390945277355966691e-15,-9.842610912473592766e-01,-3.681212518992530016e-15,-1.235444715398339804e-15,1.000000000000000000e+00,3.933017332708220079e-16
7.346778279994429228e-01,-6.784161621350280891e-01,1.891861353474475234e-15,1.999188278516123241e+00,6.784161621350284221e-01,7.346778279994424787e-01,3.390945277355966691e-15,-9.238740416940878220e-01,-3.690380671120447250e-15,-1.207782992517119789e-15,1.000000000000000000e+00,6.350443209696740093e-17
7.314727216484706585e-01,-6.818707043745013685e-01,1.891861353474475234e-15,2.045183108686606577e+00,6.818707043745017016e-01,7.314727216484702144e-01,3.390945277355966691e-15,-8.812774927067503761e-01,-3.696031217973635643e-15,-1.190379137316062077e-15,1.000000000000000000e+00,-1.679539761824662309e-16
7.241718614381381647e-01,-6.896195437349652568e-01,1.891861353474475234e-15,2.110323642819431189e+00,6.896195437349654789e-01,7.241718614381377206e-01,3.390945277355966691e-15,-8.203176736829098648e-01,-3.708494892928943062e-15,-1.150962590144855567e-15,1.000000000000000000e+00,-4.979022456804083621e-16
6.853101046060170454e-01,-7.282513717974650191e-01,1.891861353474475234e-15,2.166805430148304179e+00,7.282513717974651302e-01,6.853101046060166013e-01,3.390945277355966691e-15,-7.650595952814518430e-01,-3.765972251974291975e-15,-9.460984368197045148e-16,1.000000000000000000e+00,-7.921350762942573534e-16
6.418512303570614863e-01,-7.668291844270965774e-01,1.891861353474475234e-15,2.192431141987017718e+00,7.668291844270967994e-01,6.418512303570609312e-01,3.390945277355966691e-15,-7.370097006748408397e-01,-3.814569338864358304e-15,-7.257478996104219224e-16,1.000000000000000000e+00,-9.357310278238131371e-16
5.672689491271353246e-01,-8.235325976281663296e-01,1.891861353474475234e-15,2.218699894455510080e+00,8.235325976281665517e-01,5.672689491271347695e-01,3.390945277355966691e-15,-7.031692223201682079e-01,-3.865748174555628032e-15,-3.655684692541709853e-16,1.000000000000000000e+00,-1.100329012142779973e-15
5.528099257110012932e-01,-8.333073778836936896e-01,1.891861353474475234e-15,2.225845020296331356e+00,8.333073778836939116e-01,5.528099257110006270e-01,3.390945277355966691e-15,-6.926597394050184597e-01,-3.871539451890334662e-15,-2.980461830819142203e-16,1.000000000000000000e+00,-1.149483681045321382e-15
5.361214883738207870e-01,-8.441408352306142282e-01,1.706829945971176697e-15,2.233635036788211625e+00,8.441408352306143392e-01,5.361214883738201209e-01,3.513693738909101831e-15,-6.807860940428228647e-01,-3.881120578542384765e-15,-4.429618608049922862e-16,1.000000000000000000e+00,-1.204484193855175112e-15
4.968224998171481555e-01,-8.678521784701814790e-01,1.519393027711308888e-15,2.243997440742472094e+00,8.678521784701814790e-01,4.968224998171474893e-01,3.632736622986886682e-15,-6.637305629509484550e-01,-3.907547034299859030e-15,-4.862167411579882849e-16,1.000000000000000000e+00,-1.282098968047845613e-15
4.086490747362630516e-01,-9.126915874035411713e-01,1.519393027711308888e-15,2.260837958707743400e+00,9.126915874035411713e-01,4.086490747362624409e-01,3.632736622986886682e-15,-6.321229081528416671e-01,-3.936466709987838572e-15,-9.777722539242354360e-17,1.000000000000000000e+00,-1.422508618779135362e-15
3.105105286089276939e-01,-9.505699404162767374e-01,1.519393027711308888e-15,2.273910185692246344e+00,9.505699404162767374e-01,3.105105286089270833e-01,3.632736622986886682e-15,-6.002968804779960088e-01,-3.924957767460031367e-15,3.162863707197738682e-16,1.000000000000000000e+00,-1.557986045614654604e-15
1.381360185434395982e-01,-9.904132674701838779e-01,1.519393027711308888e-15,2.286657230129745866e+00,9.904132674701838779e-01,1.381360185434389876e-01,3.632736622986886682e-15,-5.515003013432125956e-01,-3.807793452081748377e-15,1.003015239630622533e-15,1.000000000000000000e+00,-1.754618936156323257e-15
-1.745240643705524633e-02,-9.998476951563949333e-01,1.739308950399235254e-15,2.290221166970804134e+00,9.998476951563948223e-01,-1.745240643705587083e-02,3.602064265323492158e-15,-5.117382527250501356e-01,-3.571160526766933389e-15,1.801908734792380841e-15,1.000000000000000000e+00,-1.904479007164014592e-15
-2.601674792521460056e-01,-9.655635052856873513e-01,1.739308950399235254e-15,2.283984717034547085e+00,9.655635052856871292e-01,-2.601674792521465607e-01,3.602064265323492158e-15,-4.492129956891734444e-01,-3.025510173024002532e-15,2.616553226935700676e-15,1.000000000000000000e+00,-2.118286150871532991e-15
-4.021075838029748439e-01,-9.155924262728111218e-01,1.739308950399235254e-15,2.269628934885461913e+00,9.155924262728107887e-01,-4.021075838029753435e-01,3.602064265323492158e-15,-4.053615668738693723e-01,-2.598633440746204392e-15,3.040915460366318751e-15,1.000000000000000000e+00,-2.251272675208631136e-15
-4.954586684320317347e-01,-8.686315144384053610e-01,1.739308950399235254e-15,2.241431998128833314e+00,8.686315144384049169e-01,-4.954586684320321788e-01,3.602064265323492158e-15,-3.476860304075989894e-01,-2.267110841335689148e-15,3.295492532165342494e-15,1.000000000000000000e+00,-2.409980479622500551e-15
-5.515002880771825433e-01,-8.341747012771271175e-01,1.932183891848142404e-15,2.200170712761511105e+00,8.341747012771266734e-01,-5.515002880771828764e-01,3.712078189612164911e-15,-2.801637088841735235e-01,-2.030921741964725885e-15,3.658991111731035862e-15,1.000000000000000000e+00,-2.581434098149354673e-15
-5.583244309012191930e-01,-8.296227033168929177e-01,1.932183891848142404e-15,2.164815975610312027e+00,8.296227033168924736e-01,-5.583244309012195261e-01,3.712078189612164911e-15,-2.270576269999090846e-01,-2.000838870777106674e-15,3.675527566336450709e-15,1.000000000000000000e+00,-2.710256172823618240e-15
-5.661185281136520420e-01,-8.243238514846162879e-01,2.116397137242978426e-15,2.113796269866183852e+00,8.243238514846158438e-01,-5.661185281136524861e-01,3.836051117291619118e-15,-1.518521355200765366e-01,-1.964016799257752981e-15,3.916256251733009222e-15,1.000000000000000000e+00,-2.890845383879331646e-15
-5.755762881246991869e-01,-8.177480886853804032e-01,2.116397137242978426e-15,2.068025197213928745e+00,8.177480886853800701e-01,-5.755762881246997420e-01,3.836051117291619118e-15,-8.561199545128134192e-02,-1.918775460812588283e-15,3.938619777026971127e-15,1.000000000000000000e+00,-3.048076180070014086e-15
-6.177223704603240773e-01,-7.863962570058924406e-01,2.116397137242978426e-15,2.033603563499875033e+00,7.863962570058919965e-01,-6.177223704603246324e-01,3.836051117291619118e-15,-3.793638006516662775e-02,-1.709310383868226279e-15,4.033941376446217888e-15,1.000000000000000000e+00,-3.158112430687835347e-15
-6.753328081204984512e-01,-7.375131173586552125e-01,2.116397137242978426e-15,2.006894994070459681e+00,7.375131173586547684e-01,-6.753328081204988953e-01,3.836051117291619118e-15,-5.362871612762179496e-03,-1.399865596068411724e-15,4.151481823391327853e-15,1.000000000000000000e+00,-3.226540134300519541e-15
-6.982903628476044844e-01,-7.158146192654634143e-01,2.116397137242978426e-15,1.997732505310758189e+00,7.158146192654628592e-01,-6.982903628476049285e-01,3.836051117291619118e-15,4.518366093508672382e-03,-1.268041745111927010e-15,4.193625537605622838e-15,1.000000000000000000e+00,-3.245053602262830829e-15
-6.966644349784948398e-01,-7.173971459631646175e-01,2.116397137242978426e-15,1.997138684646312612e+00,7.173971459631639513e-01,-6.966644349784951729e-01,3.836051117291619118e-15,5.130617400345114341e-03,-1.277553507506334930e-15,4.190737650159313974e-15,1.000000000000000000e+00,-3.246145469218215699e-15
-7.182477465208739753e-01,-6.957874493102659263e-01,2.116397137242978426e-15,1.987636656959109738e+00,6.957874493102652602e-01,-7.182477465208743084e-01,3.836051117291619118e-15,1.480634381094116450e-02,-1.148978747756135064e-15,4.227797636383426376e-15,1.000000000000000000e+00,-3.263138046875445376e-15
-7.611988483747442746e-01,-6.485185527284187401e-01,2.116397137242978426e-15,1.979185776655129070e+00,6.485185527284180740e-01,-7.611988483747444967e-01,3.836051117291619118e-15,2.268719076678077373e-02,-8.767512552052356428e-16,4.292520501232415790e-15,1.000000000000000000e+00,-3.275442864296643046e-15
-7.623295668291137916e-01,-6.471890230358789964e-01,2.116397137242978426e-15,1.979023080531760570e+00,6.471890230358783302e-01,-7.623295668291140137e-01,3.836051117291619118e-15,2.282502072460596693e-02,-8.692580620428407108e-16,4.294044182187471742e-15,1.000000000000000000e+00,-3.275627257450617348e-15
