9.999961008995609246e-01,-2.792523173594369662e-03,0.000000000000000000e+00,6.311612540501942981e-03,2.792523173594369662e-03,9.999961008995609246e-01,0.000000000000000000e+00,4.101170467230019767e-06,0.000000000000000000e+00,0.000000000000000000e+00,1.000000000000000000e+00,0.000000000000000000e+00
9.999897039488799821e-01,-4.537840481052347712e-03,0.000000000000000000e+00,5.757218521947191775e-03,4.537840481052347712e-03,9.999897039488798711e-01,0.000000000000000000e+00,1.883122434243536033e-06,0.000000000000000000e+00,0.000000000000000000e+00,1.000000000000000000e+00,0.000000000000000000e+00
9.999862922474267446e-01,-5.235963831438623407e-03,0.000000000000000000e+00,5.757218521946859575e-03,5.235963831438623407e-03,9.999862922474266336e-01,0.000000000000000000e+00,1.883122434131003471e-06,0.000000000000000000e+00,0.000000000000000000e+00,1.000000000000000000e+00,0.000000000000000000e+00
9.999853631686891342e-01,-5.410494282891625990e-03,0.000000000000000000e+00,5.757218521947412085e-03,5.410494282891625990e-03,9.999853631686890232e-01,0.000000000000000000e+00,1.883122434577993133e-06,0.000000000000000000e+00,0.000000000000000000e+00,1.000000000000000000e+00,0.000000000000000000e+00
9.999853631686891342e-01,-5.410494282891709257e-03,0.000000000000000000e+00,1.697296398096530268e-02,5.410494282891709257e-03,9.999853631686890232e-01,0.000000000000000000e+00,6.256673457474179717e-05,0.000000000000000000e+00,0.000000000000000000e+00,1.000000000000000000e+00,0.000000000000000000e+00
9.999834136273407781e-01,-5.759554688584478561e-03,0.000000000000000000e+00,3.343408834618732256e-02,5.759554688584478561e-03,9.999834136273406671e-01,0.000000000000000000e+00,1.529929733077420621e-04,0.000000000000000000e+00,0.000000000000000000e+00,1.000000000000000000e+00,0.000000000000000000e+00
9.999705131786754686e-01,-7.679373228096064360e-03,0.000000000000000000e+00,3.658984279855022337e-02,7.679373228096064360e-03,9.999705131786754686e-01,0.000000000000000000e+00,1.712583339292713660e-04,0.000000000000000000e+00,0.000000000000000000e+00,1.000000000000000000e+00,0.000000000000000000e+00
9.999663551946508244e-01,-8.202955487227254691e-03,0.000000000000000000e+00,3.582223664124043611e-02,8.202955487227254691e-03,9.999663551946508244e-01,0.000000000000000000e+00,1.653634254312815344e-04,0.000000000000000000e+00,0.000000000000000000e+00,1.000000000000000000e+00,0.000000000000000000e+00
9.999677716501034208e-01,-8.028428309862440174e-03,0.000000000000000000e+00,3.846619556998253503e-02,8.028428309862438439e-03,9.999677716501034208e-01,0.000000000000000000e+00,1.878712050567316223e-04,0.000000000000000000e+00,0.000000000000000000e+00,1.000000000000000000e+00,0.000000000000000000e+00
9.999663551946507134e-01,-8.202955487227131526e-03,0.000000000000000000e+00,5.710188606088939522e-02,8.202955487227131526e-03,9.999663551946508244e-01,0.000000000000000000e+00,3.411981356710008231e-04,0.000000000000000000e+00,0.000000000000000000e+00,1.000000000000000000e+00,0.000000000000000000e+00
9.999619230641654255e-01,-8.726535499030315876e-03,0.000000000000000000e+00,8.469295398321134705e-02,8.726535499030315876e-03,9.999619230641655365e-01,0.000000000000000000e+00,5.668120433588060003e-04,0.000000000000000000e+00,0.000000000000000000e+00,1.000000000000000000e+00,0.000000000000000000e+00
9.999539269690489451e-01,-9.599163462381937392e-03,0.000000000000000000e+00,8.635609302976891832e-02,9.599163462381937392e-03,9.999539269690490562e-01,0.000000000000000000e+00,5.806263556161469835e-04,0.000000000000000000e+00,0.000000000000000000e+00,1.000000000000000000e+00,0.000000000000000000e+00
9.999572167884701601e-01,-9.250113115855350399e-03,0.000000000000000000e+00,8.533263463086514233e-02,9.250113115855350399e-03,9.999572167884701601e-01,0.000000000000000000e+00,5.708536623685443083e-04,0.000000000000000000e+00,0.000000000000000000e+00,1.000000000000000000e+00,0.000000000000000000e+00
9.999555871089526038e-01,-9.424638432833918819e-03,0.000000000000000000e+00,8.533263463086536438e-02,9.424638432833920554e-03,9.999555871089526038e-01,0.000000000000000000e+00,5.708536623684353460e-04,0.000000000000000000e+00,0.000000000000000000e+00,1.000000000000000000e+00,0.000000000000000000e+00
9.999572167884702711e-01,-9.250113115854703347e-03,0.000000000000000000e+00,8.533263463086547540e-02,9.250113115854706816e-03,9.999572167884702711e-01,0.000000000000000000e+00,5.708536623681033633e-04,0.000000000000000000e+00,0.000000000000000000e+00,1.000000000000000000e+00,0.000000000000000000e+00
9.999572167884702711e-01,-9.250113115854212420e-03,0.000000000000000000e+00,8.533263463086569744e-02,9.250113115854215889e-03,9.999572167884702711e-01,0.000000000000000000e+00,5.708536623679944010e-04,0.000000000000000000e+00,0.000000000000000000e+00,1.000000000000000000e+00,0.000000000000000000e+00
9.999572167884702711e-01,-9.250113115853721493e-03,0.000000000000000000e+00,8.533263463086591949e-02,9.250113115853724963e-03,9.999572167884702711e-01,0.000000000000000000e+00,5.708536623678854387e-04,0.000000000000000000e+00,0.000000000000000000e+00,1.000000000000000000e+00,0.000000000000000000e+00
9.999572167884702711e-01,-9.250113115853230566e-03,0.000000000000000000e+00,8.533263463086614153e-02,9.250113115853234036e-03,9.999572167884702711e-01,0.000000000000000000e+00,5.708536623677764764e-04,0.000000000000000000e+00,0.000000000000000000e+00,1.000000000000000000e+00,0.000000000000000000e+00
9.999572167884702711e-01,-9.250113115852739640e-03,0.000000000000000000e+00,8.533263463086636358e-02,9.250113115852743109e-03,9.999572167884702711e-01,0.000000000000000000e+00,5.708536623676675140e-04,0.000000000000000000e+00,0.000000000000000000e+00,1.000000000000000000e+00,0.000000000000000000e+00
9.999572167884702711e-01,-9.250113115852248713e-03,0.000000000000000000e+00,8.533263463086658562e-02,9.250113115852252182e-03,9.999572167884702711e-01,0.000000000000000000e+00,5.708536623675585517e-04,0.000000000000000000e+00,0.000000000000000000e+00,1.000000000000000000e+00,0.000000000000000000e+00
9.999572167884702711e-01,-9.250113115851757786e-03,0.000000000000000000e+00,8.533263463086680767e-02,9.250113115851761256e-03,9.999572167884702711e-01,0.000000000000000000e+00,5.708536623674495894e-04,0.000000000000000000e+00,0.000000000000000000e+00,1.000000000000000000e+00,0.000000000000000000e+00
9.999572167884702711e-01,-9.250113115851266860e-03,0.000000000000000000e+00,8.533263463086702971e-02,9.250113115851270329e-03,9.999572167884702711e-01,0.000000000000000000e+00,5.708536623673406271e-04,0.000000000000000000e+00,0.000000000000000000e+00,1.000000000000000000e+00,0.000000000000000000e+00
9.999572167884702711e-01,-9.250113115850775933e-03,0.000000000000000000e+00,8.533263463086725176e-02,9.250113115850779402e-03,9.999572167884702711e-01,0.000000000000000000e+00,5.708536623672316648e-04,0.000000000000000000e+00,0.000000000000000000e+00,1.000000000000000000e+00,0.000000000000000000e+00
9.999572167884702711e-01,-9.250113115850285006e-03,0.000000000000000000e+00,8.533263463086747380e-02,9.250113115850288475e-03,9.999572167884702711e-01,0.000000000000000000e+00,5.708536623671227024e-04,0.000000000000000000e+00,0.000000000000000000e+00,1.000000000000000000e+00,0.000000000000000000e+00
9.999588160075346677e-01,-9.075587518674410256e-03,0.000000000000000000e+00,9.833912529476819542e-02,9.075587518674413726e-03,9.999588160075346677e-01,0.000000000000000000e+00,6.907683763097652741e-04,0.000000000000000000e+00,0.000000000000000000e+00,1.000000000000000000e+00,0.000000000000000000e+00
9.999433264643841079e-01,-1.064630731013251237e-02,0.000000000000000000e+00,1.046931276826890134e-01,1.064630731013251584e-02,9.999433264643841079e-01,0.000000000000000000e+00,7.480202211590145610e-04,0.000000000000000000e+00,0.000000000000000000e+00,1.000000000000000000e+00,-7.939549119006421372e-23
9.999522363688130300e-01,-9.773688198881760880e-03,0.000000000000000000e+00,1.034990996240635758e-01,9.773688198881764350e-03,9.999522363688130300e-01,0.000000000000000000e+00,7.359327711431402430e-04,0.000000000000000000e+00,0.000000000000000000e+00,1.000000000000000000e+00,-7.939549119006421372e-23
9.999539269690489451e-01,-9.599163462376393216e-03,0.000000000000000000e+00,1.034990996240634648e-01,9.599163462376396685e-03,9.999539269690489451e-01,0.000000000000000000e+00,7.359327711431391588e-04,0.000000000000000000e+00,0.000000000000000000e+00,1.000000000000000000e+00,-7.939549121471611701e-23
9.999522363688130300e-01,-9.773688198881375772e-03,0.000000000000000000e+00,1.034990996240636868e-01,9.773688198881380976e-03,9.999522363688130300e-01,0.000000000000000000e+00,7.359327711428082603e-04,0.000000000000000000e+00,0.000000000000000000e+00,1.000000000000000000e+00,-7.939549121471611701e-23
9.999588160075345566e-01,-9.075587518674195150e-03,0.000000000000000000e+00,1.212390495386852785e-01,9.075587518674200355e-03,9.999588160075345566e-01,0.000000000000000000e+00,9.048150346743612585e-04,0.000000000000000000e+00,0.000000000000000000e+00,1.000000000000000000e+00,-9.383375400856464588e-22
9.999487637875221768e-01,-1.012273677447957793e-02,0.000000000000000000e+00,1.587231336222986733e-01,1.012273677447958313e-02,9.999487637875222878e-01,0.000000000000000000e+00,1.270743674644167530e-03,0.000000000000000000e+00,0.000000000000000000e+00,1.000000000000000000e+00,3.961460813439742915e-21
9.999376150010971243e-01,-1.116987492843497624e-02,0.000000000000000000e+00,1.970600455641879634e-01,1.116987492843498145e-02,9.999376150010972353e-01,0.000000000000000000e+00,1.650464067138663910e-03,0.000000000000000000e+00,0.000000000000000000e+00,1.000000000000000000e+00,2.367083809009368890e-21
9.999143275740064452e-01,-1.308959557136152481e-02,0.000000000000000000e+00,2.408972187192273962e-01,1.308959557136153001e-02,9.999143275740065562e-01,0.000000000000000000e+00,2.159674927598536926e-03,0.000000000000000000e+00,0.000000000000000000e+00,1.000000000000000000e+00,2.367083809009368890e-21
9.999802608561362272e-01,-6.283143965634703856e-03,0.000000000000000000e+00,2.713444585249495389e-01,6.283143965634707326e-03,9.999802608561364492e-01,0.000000000000000000e+00,2.508965962803504177e-03,0.000000000000000000e+00,0.000000000000000000e+00,1.000000000000000000e+00,-7.007259463782439236e-21
9.998415422032137512e-01,1.780141805302189878e-02,0.000000000000000000e+00,3.152688222770778648e-01,-1.780141805302189878e-02,9.998415422032138622e-01,0.000000000000000000e+00,2.408388894974641727e-03,0.000000000000000000e+00,0.000000000000000000e+00,1.000000000000000000e+00,-7.007259463782439236e-21
9.991943951144264258e-01,4.013179253304169358e-02,0.000000000000000000e+00,3.457506562548200435e-01,-4.013179253304169358e-02,9.991943951144264258e-01,0.000000000000000000e+00,1.647704346920238682e-03,0.000000000000000000e+00,0.000000000000000000e+00,1.000000000000000000e+00,-7.007259463782439236e-21
9.976723927324269159e-01,6.818941838404043998e-02,0.000000000000000000e+00,3.812293949585634500e-01,-6.818941838404043998e-02,9.976723927324269159e-01,0.000000000000000000e+00,-1.256560647126671142e-04,0.000000000000000000e+00,0.000000000000000000e+00,1.000000000000000000e+00,-7.007259463782439236e-21
9.953626812457284645e-01,9.619320549453465319e-02,0.000000000000000000e+00,4.214477658063391918e-01,-9.619320549453465319e-02,9.953626812457285755e-01,0.000000000000000000e+00,-3.278957503791253385e-03,0.000000000000000000e+00,0.000000000000000000e+00,1.000000000000000000e+00,-7.007259463782439236e-21
9.917608370003940799e-01,1.281032481722345351e-01,0.000000000000000000e+00,4.661394332788273420e-01,-1.281032481722345351e-01,9.917608370003941909e-01,0.000000000000000000e+00,-8.065028677535173926e-03,0.000000000000000000e+00,0.000000000000000000e+00,1.000000000000000000e+00,-7.007259463782439236e-21
9.872476426302558838e-01,1.591919976663458136e-01,-2.844463513001706253e-17,4.976892590989039356e-01,-1.591919976663458414e-01,9.872476426302559949e-01,-2.202151432318709496e-16,-1.246624604186040083e-02,-6.974589589874904026e-18,2.219350393163865935e-16,1.000000000000000000e+00,-7.087383898865951797e-20
9.806146585464075027e-01,1.959461442435440071e-01,-2.844463513001706253e-17,5.381504715954872342e-01,-1.959461442435440626e-01,9.806146585464076137e-01,-2.202151432318709496e-16,-1.948835827710187346e-02,-1.525708205482606538e-17,2.215198140652107798e-16,1.000000000000000000e+00,-4.663448642792348184e-19
9.737380845862272372e-01,2.276711282230240163e-01,-2.844463513001706253e-17,5.696209009818481439e-01,-2.276711282230240718e-01,9.737380845862273482e-01,-2.202151432318709496e-16,-2.608135402525284946e-02,-2.243900558313797856e-17,2.209078939394270579e-16,1.000000000000000000e+00,-1.082944975147782490e-18
9.591660094045981744e-01,2.828437137411002888e-01,-2.844463513001706253e-17,6.184036126299343739e-01,-2.828437137411003444e-01,9.591660094045982854e-01,-2.202151432318709496e-16,-3.840786197825314663e-02,-3.500334176710241357e-17,2.192682663803603767e-16,1.000000000000000000e+00,-2.409822256083895979e-18
9.469301294951222303e-01,3.214394653031117377e-01,-2.844463513001706253e-17,6.577626304638239940e-01,-3.214394653031117932e-01,9.469301294951223413e-01,-2.202151432318709496e-16,-5.056426618113830929e-02,-4.385075586499222542e-17,2.176715824042773557e-16,1.000000000000000000e+00,-4.074878949495456247e-18
9.303535872799085782e-01,3.666636096415961110e-01,4.292926395052570462e-17,6.862004631329163828e-01,-3.666636096415961665e-01,9.303535872799088002e-01,-9.954416736517723753e-18,-6.057742756427265951e-02,-4.358931708814599154e-17,-6.479471559258181303e-18,1.000000000000000000e+00,-5.471024943525414414e-18
9.037092653685936394e-01,4.281466614221768330e-01,1.243449402937798258e-16,7.189042959689357914e-01,-4.281466614221769440e-01,9.037092653685937504e-01,1.966255779916353081e-16,-7.431877674643226628e-02,-2.818708987786893859e-17,-2.309302276910177338e-16,1.000000000000000000e+00,-7.011763531817985115e-18
8.814683497038268145e-01,4.722431031475330387e-01,1.243449402937798258e-16,7.649283603942598209e-01,-4.722431031475331498e-01,8.814683497038269255e-01,1.966255779916353081e-16,-9.688175125667294885e-02,-1.675105620583188010e-17,-2.320402642068772948e-16,1.000000000000000000e+00,-8.154986199543648679e-18
8.494325137480165377e-01,5.276972660415488736e-01,1.243449402937798258e-16,8.092590378236477200e-01,-5.276972660415489846e-01,8.494325137480166488e-01,1.966255779916353081e-16,-1.218315056007452379e-01,-1.863855265567166212e-18,-2.326366440197188231e-16,1.000000000000000000e+00,-8.761521769031177395e-18
7.999989281481576509e-01,6.000014291331299265e-01,2.415172712519947592e-16,8.657676513420013986e-01,-6.000014291331301486e-01,7.999989281481577619e-01,3.852374849172899886e-16,-1.592752970018598557e-01,3.792948337516291838e-17,-4.531002829278548392e-16,1.000000000000000000e+00,-8.004891535455254751e-18
7.742822043759557404e-01,6.328404759390078294e-01,2.415172712519947592e-16,8.932471674727412436e-01,-6.328404759390080514e-01,7.742822043759558515e-01,3.852374849172899886e-16,-1.803438473809390041e-01,5.679134812474401285e-17,-4.511244339166112811e-16,1.000000000000000000e+00,-6.525273927787050118e-18
7.395136208708027459e-01,6.731415932376738631e-01,2.415172712519947592e-16,9.290037769383162614e-01,-6.731415932376740852e-01,7.395136208708027459e-01,3.852374849172899886e-16,-2.106357274705375204e-01,8.071406260570050044e-17,-4.474636881313297255e-16,1.000000000000000000e+00,-3.314445815212262427e-18
7.079701471535109203e-01,7.062423597742033543e-01,3.909847303810601786e-16,9.732817119287745511e-01,-7.062423597742035764e-01,7.079701471535109203e-01,5.494424947002267962e-16,-2.526221445433574631e-01,1.112340469146584990e-16,-6.651188624453126675e-16,1.000000000000000000e+00,2.166409863040536530e-18
7.062423597742986114e-01,7.079701471534157742e-01,3.909847303810601786e-16,1.014953848641651835e+00,-7.079701471534159962e-01,7.062423597742987225e-01,5.494424947002267962e-16,-2.942992390935864067e-01,1.128589052052216455e-16,-6.648450811199839333e-16,1.000000000000000000e+00,8.772407527488566811e-18
7.064894449441813107e-01,7.077235789363398588e-01,5.481856820044567366e-16,1.037455439478677910e+00,-7.077235789363400809e-01,7.064894449441814217e-01,7.062598004576328039e-16,-3.168496503809413722e-01,1.125493154330651124e-16,-8.869290272015543707e-16,1.000000000000000000e+00,1.236478333516950010e-17
7.117809049637511265e-01,7.024015541903240178e-01,5.481856820044567366e-16,1.082094135964899895e+00,-7.024015541903242399e-01,7.117809049637512375e-01,7.062598004576328039e-16,-3.613497699155293619e-01,1.058898806782862133e-16,-8.877487149340659343e-16,1.000000000000000000e+00,1.932313460091891182e-17
7.193398003381331618e-01,6.946583704595330477e-01,5.481856820044567366e-16,1.121508605713716467e+00,-6.946583704595332698e-01,7.193398003381332728e-01,7.062598004576328039e-16,-3.999118087759500062e-01,9.627750306566501544e-17,-8.888425564185075882e-16,1.000000000000000000e+00,2.495150449162002324e-17
7.248936321304828567e-01,6.888608147490139499e-01,5.481856820044567366e-16,1.152188520185892129e+00,-6.888608147490142830e-01,7.248936321304829677e-01,7.062598004576328039e-16,-4.294101736516264811e-01,8.913839145758457971e-17,-8.895868675208179380e-16,1.000000000000000000e+00,2.896672394377376251e-17
7.318296480289382400e-01,6.814876127016834539e-01,5.481856820044567366e-16,1.196330333985431205e+00,-6.814876127016836760e-01,7.318296480289382400e-01,7.062598004576328039e-16,-4.710536951626018709e-01,8.012877064521462914e-17,-8.904436129323593482e-16,1.000000000000000000e+00,3.413240402090923579e-17
7.440783833500488331e-01,6.680923285229198871e-01,5.481856820044567366e-16,1.235217164015866453e+00,-6.680923285229201092e-01,7.440783833500489441e-01,7.062598004576328039e-16,-5.069522359356735119e-01,6.395363858835265754e-17,-8.917512993029263227e-16,1.000000000000000000e+00,3.811942900976641274e-17
7.680600363547965825e-01,6.403778420234945701e-01,5.481856820044567366e-16,1.265786083036448240e+00,-6.403778420234949031e-01,7.680600363547966936e-01,7.062598004576328039e-16,-5.338618607918858006e-01,3.123361207548089565e-17,-8.934958920856129183e-16,1.000000000000000000e+00,4.036717156966805948e-17
8.027134020927612079e-01,5.963649839659134200e-01,5.481856820044567366e-16,1.297410538353852782e+00,-5.963649839659137530e-01,8.027134020927613189e-01,7.062598004576328039e-16,-5.593135126592052586e-01,-1.884737920465251120e-17,-8.938429526456328013e-16,1.000000000000000000e+00,4.085455302930389430e-17
8.327280198773989728e-01,5.536822598847331856e-01,5.481856820044567366e-16,1.343737667059116569e+00,-5.536822598847334076e-01,8.327280198773990838e-01,7.062598004576328039e-16,-5.923209002440129600e-01,-6.544605511758990294e-17,-8.916430124027733659e-16,1.000000000000000000e+00,3.877047535397466418e-17
8.444214320592413614e-01,5.356794237965643024e-01,6.711278406545608030e-16,1.395967855027373750e+00,-5.356794237965644134e-01,8.444214320592414724e-01,8.911625646413136248e-16,-6.261315130936326856e-01,-8.933728316422335664e-17,-1.112026144007672492e-15,1.000000000000000000e+00,3.401771082589729780e-17
8.439536421032046709e-01,5.364161164438807639e-01,6.711278406545608030e-16,1.462313656368813941e+00,-5.364161164438808749e-01,8.439536421032047819e-01,8.911625646413136248e-16,-6.681906068149037203e-01,-8.836682339221365170e-17,-1.112103682056357045e-15,1.000000000000000000e+00,2.697268626225739541e-17
8.366687329029488529e-01,5.477092580763750496e-01,6.711278406545608030e-16,1.520293309398776715e+00,-5.477092580763751606e-01,8.366687329029489639e-01,8.911625646413136248e-16,-7.052849315972625766e-01,-7.341369295121020230e-17,-1.113190785448299897e-15,1.000000000000000000e+00,2.111800052904258770e-17
8.195522765266063381e-01,5.730044206112688832e-01,6.711278406545608030e-16,1.564085344495475649e+00,-5.730044206112689942e-01,8.195522765266064491e-01,8.911625646413136248e-16,-7.344658078125947398e-01,-3.938426062608257158e-17,-1.114913528097436867e-15,1.000000000000000000e+00,1.782623021910443310e-17
7.875807488150838864e-01,6.162114605359678698e-01,6.711278406545608030e-16,1.601236791212554689e+00,-6.162114605359679809e-01,7.875807488150841085e-01,8.911625646413136248e-16,-7.611721868478682484e-01,2.057721823923330371e-17,-1.115419146872274431e-15,1.000000000000000000e+00,1.669258524003552961e-17
7.120260459905737305e-01,7.021530529955903877e-01,6.711278406545608030e-16,1.638107553598018740e+00,-7.021530529955904987e-01,7.120260459905739525e-01,8.911625646413136248e-16,-7.920391102877809564e-01,1.478720127428197261e-16,-1.105765419502312443e-15,1.000000000000000000e+00,1.945503675229123135e-17
6.289133921279925765e-01,7.774753662991906733e-01,6.711278406545608030e-16,1.670968804540949426e+00,-7.774753662991907843e-01,6.289133921279927986e-01,8.911625646413136248e-16,-8.270858149726739716e-01,2.707756545590367897e-16,-1.082249435212540513e-15,1.000000000000000000e+00,2.903010797690438681e-17
5.548444274483369520e-01,8.319541221302566569e-01,6.711278406545608030e-16,1.713223788751284671e+00,-8.319541221302568790e-01,5.548444274483371741e-01,8.911625646413136248e-16,-8.830629002427653473e-01,3.690348266488938000e-16,-1.052804156450742135e-15,1.000000000000000000e+00,5.055629453736972773e-17
4.811417792769203672e-01,8.766427939783900669e-01,6.711278406545608030e-16,1.745171326534050715e+00,-8.766427939783904000e-01,4.811417792769205337e-01,8.911625646413136248e-16,-9.339839612035401029e-01,4.583235971812962142e-16,-1.017114927324604247e-15,1.000000000000000000e+00,7.449435577105269900e-17
4.029064357123251505e-01,9.152411726215057275e-01,6.711278406545608030e-16,1.763880767854237641e+00,-9.152411726215060606e-01,4.029064357123253171e-01,8.911625646413136248e-16,-9.698638768017879830e-01,5.452269444732661790e-16,-9.732989644195066920e-16,1.000000000000000000e+00,9.391276642163098947e-17
3.080208810649162077e-01,9.513795966006374227e-01,6.711278406545608030e-16,1.776778620861110047e+00,-9.513795966006377558e-01,3.080208810649163742e-01,8.911625646413136248e-16,-1.001669339390081515e+00,6.411124924684303029e-16,-9.129940126422818503e-16,1.000000000000000000e+00,1.137948413432281115e-16
1.383088761614810480e-01,9.903891431023196246e-01,6.711278406545608030e-16,1.789483440850093698e+00,-9.903891431023199576e-01,1.383088761614811590e-01,8.911625646413136248e-16,-1.052582427805673904e+00,7.897747913583628029e-16,-7.879334198107049783e-16,1.000000000000000000e+00,1.506401213843658608e-16
4.658342676110832636e-02,9.989144029150802684e-01,6.711278406545608030e-16,1.794183962703622903e+00,-9.989144029150806015e-01,4.658342676110839575e-02,8.911625646413136248e-16,-1.095041467926419099e+00,8.589316865464775233e-16,-7.119126722893488725e-16,1.000000000000000000e+00,1.853233773890689055e-16
-5.930637357583302266e-02,9.982398279237723049e-01,6.711278406545608030e-16,1.794342009134404448e+00,-9.982398279237726380e-01,-5.930637357583299490e-02,8.911625646413136248e-16,-1.164648226505903494e+00,9.293961236146547234e-16,-6.170949201944474453e-16,1.000000000000000000e+00,2.472482455213175408e-16
-1.107751242104066530e-01,9.938454969743374390e-01,6.711278406545608030e-16,1.789180036188327216e+00,-9.938454969743377720e-01,-1.107751242104066530e-01,8.911625646413136248e-16,-1.231139808216011655e+00,9.600221718504430277e-16,-5.682787385388408357e-16,1.000000000000000000e+00,3.099673977619731741e-16
-1.433198930554963613e-01,9.896764159332887001e-01,6.711278406545608030e-16,1.782929047277511669e+00,-9.896764159332890332e-01,-1.433198930554963890e-01,8.911625646413136248e-16,-1.282531328369174606e+00,9.781485433373115537e-16,-5.364780725125990400e-16,1.000000000000000000e+00,3.599608093521528507e-16
-1.781152902645454505e-01,9.840096256510784123e-01,6.711278406545608030e-16,1.774909358826911809e+00,-9.840096256510787454e-01,-1.781152902645455061e-01,8.911625646413136248e-16,-1.333892052631827863e+00,9.964506717697594744e-16,-5.016665763725276015e-16,1.000000000000000000e+00,4.111138003004675980e-16
-2.218888754539992958e-01,9.750719598828377910e-01,6.711278406545608030e-16,1.760436809771302569e+00,-9.750719598828381240e-01,-2.218888754539993513e-01,8.911625646413136248e-16,-1.407056107868879469e+00,1.017863430327733950e-15,-4.566588796040173785e-16,1.000000000000000000e+00,4.860277980015354125e-16
-2.483517727161485000e-01,9.686699112642785936e-01,6.711278406545608030e-16,1.751821061686448688e+00,-9.686699112642789267e-01,-2.483517727161485555e-01,8.911625646413136248e-16,-1.443668694722507029e+00,1.029918151358870218e-15,-4.287795431469017086e-16,1.000000000000000000e+00,5.244823418341600470e-16
-2.947075229256825302e-01,9.555875030215742472e-01,8.862157684040027517e-16,1.727648145097577803e+00,-9.555875030215745802e-01,-2.947075229256826412e-01,8.360173933861251875e-16,-1.531575775080654234e+00,1.060062227312477415e-15,-6.004760981399169255e-16,1.000000000000000000e+00,6.190449583288683725e-16
-3.464445265410201480e-01,9.380704611220669342e-01,8.862157684040027517e-16,1.703812600359317697e+00,-9.380704611220672673e-01,-3.464445265410202590e-01,8.360173933861251875e-16,-1.603770731645623560e+00,1.091267824017702786e-15,-5.416991844886768833e-16,1.000000000000000000e+00,7.005246333274838762e-16
-3.854229496334698468e-01,9.227400229186087932e-01,8.862157684040027517e-16,1.684802444798502830e+00,-9.227400229186090153e-01,-3.854229496334700134e-01,8.360173933861251875e-16,-1.653250051247592278e+00,1.112994604203432442e-15,-4.955264687441777455e-16,1.000000000000000000e+00,7.588435741260695851e-16
-4.272000647072229373e-01,9.041571239083079359e-01,8.862157684040027517e-16,1.657274130462929929e+00,-9.041571239083081579e-01,-4.272000647072231039e-01,8.360173933861251875e-16,-1.716329884643627679e+00,1.134482515548071751e-15,-4.441316157714387010e-16,1.000000000000000000e+00,8.359754382588209449e-16
-4.622129877047657653e-01,8.867689405910835765e-01,8.862157684040027517e-16,1.629568494949941604e+00,-8.867689405910837985e-01,-4.622129877047659319e-01,8.360173933861251875e-16,-1.772893647142224527e+00,1.150974696313823371e-15,-3.994505209125801476e-16,1.000000000000000000e+00,9.079489767762894195e-16
-4.939418665840226152e-01,8.694949295053366889e-01,8.862157684040027517e-16,1.603490658819049841e+00,-8.694949295053369109e-01,-4.939418665840227818e-01,8.360173933861251875e-16,-1.821717214180001321e+00,1.164651955369172256e-15,-3.576161252891052339e-16,1.000000000000000000e+00,9.718769176120763188e-16
-5.424415366633902336e-01,8.400935538987659434e-01,1.079282426510333185e-15,1.567320578884227933e+00,-8.400935538987660545e-01,-5.424415366633904556e-01,7.263402667645433376e-16,-1.882760799465444723e+00,1.195641393976061685e-15,-5.127010789032948350e-16,1.000000000000000000e+00,1.054964911848028936e-15
-5.816971518177924683e-01,8.134054484493370429e-01,1.265820667785850262e-15,1.527203131534354608e+00,-8.134054484493370429e-01,-5.816971518177926903e-01,6.058940500611938444e-16,-1.942679265882881978e+00,1.229161798665936724e-15,-6.771785847128464949e-16,1.000000000000000000e+00,1.141784162650964338e-15
-6.189568762203714325e-01,7.854249711968156467e-01,1.265820667785850262e-15,1.484167952058858209e+00,-7.854249711968156467e-01,-6.189568762203716545e-01,6.058940500611938444e-16,-2.000909170747543264e+00,1.259372723205550778e-15,-6.191848729896505449e-16,1.000000000000000000e+00,1.231540135166048580e-15
-6.620970170505341423e-01,7.494181342967246584e-01,1.265820667785850262e-15,1.438461313568079714e+00,-7.494181342967247694e-01,-6.620970170505343644e-01,6.058940500611938444e-16,-2.056954871019805342e+00,1.292164076840273981e-15,-5.474683200121236151e-16,1.000000000000000000e+00,1.323354299149168856e-15
-6.997880288626938672e-01,7.143505544622082981e-01,1.265820667785850262e-15,1.400922630714362960e+00,-7.143505544622084091e-01,-6.997880288626940892e-01,6.058940500611938444e-16,-2.098152140529107701e+00,1.318626900610086937e-15,-4.802422928905886716e-16,1.000000000000000000e+00,1.395832720221315861e-15
-7.443115462314510156e-01,6.678325554707148504e-01,1.424438354429388340e-15,1.362750681974267852e+00,-6.678325554707149614e-01,-7.443115462314512376e-01,4.505098936611104800e-16,-2.135904123950251421e+00,1.361091087645262224e-15,-6.159665908056116280e-16,1.000000000000000000e+00,1.467025263999070171e-15
-8.144194621015716784e-01,5.802766062406664593e-01,1.572726970364957398e-15,1.317007105537694844e+00,-5.802766062406665704e-01,-8.144194621015719004e-01,2.852395304370086404e-16,-2.173751419327222045e+00,1.446377279924932926e-15,-6.803120439579303551e-16,1.000000000000000000e+00,1.549234749759736697e-15
-8.898149277675939661e-01,4.563215909004858517e-01,1.572726970364957398e-15,1.253575760304393993e+00,-4.563215909004859627e-01,-8.898149277675941882e-01,2.852395304370086404e-16,-2.214253935855629241e+00,1.529596891850165982e-15,-4.638588809967703366e-16,1.000000000000000000e+00,1.660547855970759732e-15
-9.316912275852565761e-01,3.632512304737266495e-01,1.572726970364957398e-15,1.184500279608219575e+00,-3.632512304737267050e-01,-9.316912275852567982e-01,2.852395304370086404e-16,-2.246370767444972660e+00,1.568909532086761302e-15,-3.055398389155890633e-16,1.000000000000000000e+00,1.778345717414226145e-15
-9.516480332350210070e-01,3.071905285647903439e-01,1.572726970364957398e-15,1.126068015228367303e+00,-3.071905285647903994e-01,-9.516480332350212290e-01,2.852395304370086404e-16,-2.267975765126192922e+00,1.584305410286003434e-15,-2.116791911732531207e-16,1.000000000000000000e+00,1.876406314937599453e-15
-9.754192990235964755e-01,2.203569628859380347e-01,1.572726970364957398e-15,1.039866569501578963e+00,-2.203569628859380625e-01,-9.754192990235965866e-01,2.852395304370086404e-16,-2.292624489075786087e+00,1.596922755611002768e-15,-6.833319580573849519e-17,1.000000000000000000e+00,2.019008443961824269e-15
-9.867709655718435169e-01,1.621205153717770187e-01,1.572726970364957398e-15,9.897031675809634388e-01,-1.621205153717770464e-01,-9.867709655718436279e-01,2.852395304370086404e-16,-2.303142154978522704e+00,1.598164490806761638e-15,2.649477989392536764e-17,1.000000000000000000e+00,2.100901833171023571e-15
-9.980047495994061046e-01,6.313889274469104695e-02,1.572726970364957398e-15,9.153810316803981939e-01,-6.313889274469106083e-02,-9.980047495994062157e-01,2.852395304370086404e-16,-2.312755572360738032e+00,1.587598694366121311e-15,1.853701666510826330e-16,1.000000000000000000e+00,2.220532387456970179e-15
-9.995903784618840326e-01,-2.861949137260035025e-02,1.586746620859856232e-15,8.529130319615678690e-01,2.861949137260034332e-02,-9.995903784618841437e-01,6.363796009890364029e-17,-2.314708194179795342e+00,1.584275369218399992e-15,1.090237738460062018e-16,1.000000000000000000e+00,2.319334460330314350e-15
-9.952444162524779481e-01,-9.740919832471374440e-02,1.586746620859856232e-15,8.045001529853116340e-01,9.740919832471374440e-02,-9.952444162524780591e-01,6.363796009890364029e-17,-2.312189037640719924e+00,1.573001791742006427e-15,2.178990407325384316e-16,1.000000000000000000e+00,2.395993118468669462e-15
-9.856740471315645902e-01,-1.686614147079325832e-01,1.586746620859856232e-15,7.495630441538632116e-01,1.686614147079325832e-01,-9.856740471315647012e-01,6.363796009890364029e-17,-2.305481323362962520e+00,1.553281695175861904e-15,3.303492155391378419e-16,1.000000000000000000e+00,2.482737525013217602e-15
-9.698720152844511055e-01,-2.436150117871982435e-01,1.586746620859856232e-15,7.026072955875117820e-01,2.436150117871982712e-01,-9.698720152844511055e-01,6.363796009890364029e-17,-2.296345394280461694e+00,1.523437980519535045e-15,4.482759733537856314e-16,1.000000000000000000e+00,2.556663008490402112e-15
-9.450060080619009373e-01,-3.270529692984144310e-01,1.586746620859856232e-15,6.427936047046941548e-01,3.270529692984144865e-01,-9.450060080619009373e-01,6.363796009890364029e-17,-2.279421214042320898e+00,1.478672106174043976e-15,5.790884485107086014e-16,1.000000000000000000e+00,2.650495160073167698e-15
-9.133323656168720328e-01,-4.072149185831575591e-01,1.514126273502431480e-15,5.845687274511773834e-01,4.072149185831576146e-01,-9.133323656168720328e-01,-1.461955256129821539e-16,-2.257746308251321832e+00,1.442433530280348156e-15,4.830497019382049996e-16,1.000000000000000000e+00,2.741503940515290409e-15
-8.572571787475025129e-01,-5.148884631508768850e-01,1.514126273502431480e-15,5.107515370269178900e-01,5.148884631508769960e-01,-8.572571787475025129e-01,-1.461955256129821539e-16,-2.220778312937490728e+00,1.373270006992567911e-15,6.542789861475376563e-16,1.000000000000000000e+00,2.858677043478557774e-15
-8.153299533386777487e-01,-5.789966037799779697e-01,1.514126273502431480e-15,4.699374652713729783e-01,5.789966037799780807e-01,-8.153299533386777487e-01,-1.461955256129821539e-16,-2.194858597512823639e+00,1.319159216741350165e-15,7.574763789755856183e-16,1.000000000000000000e+00,2.924264048272490043e-15
-7.669411969197627021e-01,-6.417173836411796950e-01,1.514126273502431480e-15,4.259027871059610226e-01,6.417173836411798060e-01,-7.669411969197627021e-01,-1.461955256129821539e-16,-2.161760484856675824e+00,1.255062026684026099e-15,8.595177793364152525e-16,1.000000000000000000e+00,2.995776907404527422e-15
-7.089555570802603679e-01,-7.052531588621328007e-01,1.514126273502431480e-15,3.793353819028869034e-01,7.052531588621329117e-01,-7.089555570802604789e-01,-1.461955256129821539e-16,-2.120458061209990586e+00,1.176553091970841959e-15,9.641962070001464337e-16,1.000000000000000000e+00,3.072324068645453106e-15
-6.371549910597039679e-01,-7.707356987759861333e-01,1.514126273502431480e-15,3.316899685074587434e-01,7.707356987759862443e-01,-6.371549910597040789e-01,-1.461955256129821539e-16,-2.069646275496109133e+00,1.077411222847950241e-15,1.073841962628068564e-15,1.000000000000000000e+00,3.151893696599130855e-15
-5.866550788804133498e-01,-8.098369085339437445e-01,1.342988569766099604e-15,3.015501184437784365e-01,8.098369085339438556e-01,-5.866550788804134609e-01,-2.876723538788460013e-16,-2.031728876189221822e+00,1.020838755067553182e-15,9.188372640792924889e-16,1.000000000000000000e+00,3.203072589581520854e-15
-5.100926303512066662e-01,-8.601194733648265256e-01,1.163168653356971325e-15,2.665442570896337515e-01,8.601194733648266366e-01,-5.100926303512067772e-01,-4.179359490961104866e-16,-1.980362362138420984e+00,9.527986063697049836e-16,7.872779619671098818e-16,1.000000000000000000e+00,3.264861787262498869e-15
-4.400958985343446650e-01,-8.979507782129525495e-01,1.163168653356971325e-15,2.396387064448087245e-01,8.979507782129527715e-01,-4.400958985343447760e-01,-4.179359490961104866e-16,-1.932144530767782253e+00,8.871916643801423101e-16,8.605363004275479696e-16,1.000000000000000000e+00,3.316309445491111810e-15
-3.518416484037809600e-01,-9.360595357393189930e-01,1.163168653356971325e-15,2.111806595473490755e-01,9.360595357393192151e-01,-3.518416484037810155e-01,-4.179359490961104866e-16,-1.868747559418600268e+00,8.004641068484006405e-16,9.417478363906816712e-16,1.000000000000000000e+00,3.375906826968638918e-15
-2.938735034036185634e-01,-9.558443199586859063e-01,1.163168653356971325e-15,1.971996082527307237e-01,9.558443199586861283e-01,-2.938735034036185634e-01,-4.179359490961104866e-16,-1.829910136680011457e+00,7.413061502613428266e-16,9.889878489060648062e-16,1.000000000000000000e+00,3.408400702708213720e-15
-1.959461442419219157e-01,-9.806146585467317989e-01,1.163168653356971325e-15,1.790293429964010807e-01,9.806146585467319099e-01,-1.959461442419218880e-01,-4.179359490961104866e-16,-1.763014588917986014e+00,6.377525307456545965e-16,1.058727294078437744e-15,1.000000000000000000e+00,3.457493839921783850e-15
-9.740919832340630413e-02,-9.952444162526061788e-01,1.163168653356971325e-15,1.679234059895705067e-01,9.952444162526062899e-01,-9.740919832340627638e-02,-4.179359490961104866e-16,-1.694934884414544429e+00,5.292517457275568014e-16,1.116926301661605397e-15,1.000000000000000000e+00,3.498864873630115163e-15
-3.106186356280531830e-02,-9.995174638954564816e-01,1.163168653356971325e-15,1.641301397679537921e-01,9.995174638954567037e-01,-3.106186356280527666e-02,-4.179359490961104866e-16,-1.646774459173180993e+00,4.538644659223919111e-16,1.149625513057239043e-15,1.000000000000000000e+00,3.523405055025059250e-15
5.843522251899132408e-02,-9.982912023899417342e-01,1.163168653356971325e-15,1.639439976510272956e-01,9.982912023899418452e-01,5.843522251899137959e-02,-4.179359490961104866e-16,-1.584442737641672316e+00,3.492517620591081382e-16,1.185603213726137934e-15,1.000000000000000000e+00,3.549672236897603275e-15
1.514333426726524601e-01,-9.884674717596865223e-01,1.163168653356971325e-15,1.703105503864947301e-01,9.884674717596865223e-01,1.514333426726525156e-01,-4.179359490961104866e-16,-1.515627869249833504e+00,2.369735736906239981e-16,1.213043815808576895e-15,1.000000000000000000e+00,3.571027069659030358e-15
1.926932314723721895e-01,-9.812590476243948645e-01,1.163168653356971325e-15,1.759030307045943153e-01,9.812590476243948645e-01,1.926932314723722450e-01,-4.179359490961104866e-16,-1.481715407241061211e+00,1.859687048153251762e-16,1.221903193599414748e-15,1.000000000000000000e+00,3.578695308854322722e-15
2.891988763140169727e-01,-9.572690373864128910e-01,1.163168653356971325e-15,1.919957834610506731e-01,9.572690373864128910e-01,2.891988763140170837e-01,-4.179359490961104866e-16,-1.413636779322791526e+00,6.369007616588652675e-17,1.234331943966906306e-15,1.000000000000000000e+00,3.588429229273971822e-15
3.640641460310993782e-01,-9.313738763647206875e-01,1.163168653356971325e-15,2.127120829037410232e-01,9.313738763647206875e-01,3.640641460310994337e-01,-4.179359490961104866e-16,-1.351647602427302086e+00,-3.421337749273624379e-17,1.235500391946387660e-15,1.000000000000000000e+00,3.589862762160924130e-15
4.167568100895814309e-01,-9.090180203076043686e-01,1.163168653356971325e-15,2.320530431840586993e-01,9.090180203076043686e-01,4.167568100895814864e-01,-4.179359490961104866e-16,-1.304735963056240289e+00,-1.048471485065190932e-16,1.231518919525473679e-15,1.000000000000000000e+00,3.586972023961235471e-15
4.881643366979018794e-01,-8.727517289448913917e-01,1.163168653356971325e-15,2.574179738883817792e-01,8.727517289448913917e-01,4.881643366979019349e-01,-4.179359490961104866e-16,-1.253066154913029751e+00,-2.030631319719428882e-16,1.219178878644509405e-15,1.000000000000000000e+00,3.579063001977341858e-15
5.642467410315042953e-01,-8.256062107538473249e-01,1.163168653356971325e-15,2.909473672459791382e-01,8.256062107538473249e-01,5.642467410315044063e-01,-4.179359490961104866e-16,-1.197314740412717793e+00,-3.112636066556218692e-16,1.196138261603094205e-15,1.000000000000000000e+00,3.563363182990347461e-15
6.174478287550362321e-01,-7.866118348751759415e-01,1.346490058247461588e-15,3.205472493012358481e-01,7.866118348751758305e-01,6.174478287550363431e-01,-5.432238937886873842e-16,-1.156001066881125139e+00,-4.040810190639803120e-16,1.394577429106900338e-15,1.000000000000000000e+00,3.545955470158194384e-15
6.788007455328262107e-01,-7.343225094357921368e-01,1.346490058247461588e-15,3.670129617571797342e-01,7.343225094357920257e-01,6.788007455328263218e-01,-5.432238937886873842e-16,-1.100265991937193988e+00,-5.150969225185243179e-16,1.357498742597628143e-15,1.000000000000000000e+00,3.513666474718527332e-15
7.290880923274136727e-01,-6.844198664755226647e-01,1.509542409742689775e-15,4.122230632816563656e-01,6.844198664755226647e-01,7.290880923274137837e-01,-6.939479371533405401e-16,-1.053591701242746259e+00,-6.256376413191708508e-16,1.539109992188904102e-15,1.000000000000000000e+00,3.477810949594192428e-15
7.611988483758690416e-01,-6.485185527270983519e-01,1.509542409742689775e-15,4.544318849818540507e-01,6.485185527270982409e-01,7.611988483758692636e-01,-6.939479371533405401e-16,-1.015586886754880958e+00,-6.990238320000298854e-16,1.507198629440439036e-15,1.000000000000000000e+00,3.440468305788225855e-15
8.004176131774730640e-01,-5.994427783494239437e-01,1.509542409742689775e-15,4.940591515889233287e-01,5.994427783494237216e-01,8.004176131774733971e-01,-6.939479371533405401e-16,-9.828815080694032202e-01,-7.922822531193650842e-16,1.460332447658150992e-15,1.000000000000000000e+00,3.403166642194957991e-15
8.523664678798993366e-01,-5.229449344184760040e-01,1.642645444636450701e-15,5.469489240929169549e-01,5.229449344184756709e-01,8.523664678798995586e-01,-8.716763498463692033e-16,-9.458127849351007921e-01,-9.442971640192324079e-16,1.602000805771210785e-15,1.000000000000000000e+00,3.349051051510494361e-15
8.957893500747498017e-01,-4.444788412204307426e-01,1.642645444636450701e-15,6.032284645752801211e-01,4.444788412204304096e-01,8.957893500747500237e-01,-8.716763498463692033e-16,-9.137733384905203371e-01,-1.084022601355165943e-15,1.510959534672438809e-15,1.000000000000000000e+00,3.284531748438818066e-15
9.234782808581204483e-01,-3.836507067416009553e-01,1.642645444636450701e-15,6.611104642331511183e-01,3.836507067416006223e-01,9.234782808581206703e-01,-8.716763498463692033e-16,-8.863568574477134199e-01,-1.182528143603794342e-15,1.435176262781453013e-15,1.000000000000000000e+00,3.213350443495393724e-15
9.404662204251550417e-01,-3.398871698655647200e-01,1.727833014244098457e-15,7.008438935641314593e-01,3.398871698655643314e-01,9.404662204251551527e-01,-1.076729719876357587e-15,-8.702949680953449008e-01,-1.259001967233033483e-15,1.599896203283269575e-15,1.000000000000000000e+00,3.162083275887383421e-15
9.677091704821401130e-01,-2.520693582424644030e-01,1.727833014244098457e-15,7.666333486259675478e-01,2.520693582424640145e-01,9.677091704821402240e-01,-1.076729719876357587e-15,-8.488589519139125850e-01,-1.400629283455991120e-15,1.477494983105670801e-15,1.000000000000000000e+00,3.071490879140713123e-15
9.804089265796889219e-01,-1.969729338839771027e-01,1.727833014244098457e-15,8.130970403619559583e-01,1.969729338839767141e-01,9.804089265796890329e-01,-1.076729719876357587e-15,-8.376279994972787302e-01,-1.481896298879886693e-15,1.395971766957685500e-15,1.000000000000000000e+00,3.003302078845118808e-15
9.884410266005326795e-01,-1.516058604833085965e-01,1.727833014244098457e-15,8.748615664246287560e-01,1.516058604833082080e-01,9.884410266005327905e-01,-1.076729719876357587e-15,-8.264427406081105154e-01,-1.544622502703923290e-15,1.326233440581837208e-15,1.000000000000000000e+00,2.908626792275371343e-15
9.962553015072361795e-01,-8.646024646463393304e-02,1.727833014244098457e-15,9.285931815991602667e-01,8.646024646463354446e-02,9.962553015072362905e-01,-1.076729719876357587e-15,-8.193642156923486297e-01,-1.628268483603605764e-15,1.222086559978499727e-15,1.000000000000000000e+00,2.823159905326832886e-15
9.999994516886935303e-01,1.047197360334688231e-03,1.727833014244098457e-15,9.969707561603036172e-01,-1.047197360335084182e-03,9.999994516886936413e-01,-1.076729719876357587e-15,-8.157460797185751566e-01,-1.728959615374170400e-15,1.074919747321663564e-15,1.000000000000000000e+00,2.708910629099667486e-15
9.986295347545622869e-01,5.233595624315656725e-02,1.727600489719944340e-15,1.044637911319509893e+00,-5.233595624315696970e-02,9.986295347545623979e-01,-1.298774203051821646e-15,-8.165407877655599389e-01,-1.793205463151443537e-15,1.206578654509230127e-15,1.000000000000000000e+00,2.625694058947681574e-15
9.929448275919909861e-01,1.185772716767867635e-01,1.715979572992558840e-15,1.098464048364659496e+00,-1.185772716767871660e-01,9.929448275919910971e-01,-1.520514503562866325e-15,-8.206602630845257762e-01,-1.884171502633944374e-15,1.306310835572797788e-15,1.000000000000000000e+00,2.527353729954366819e-15
9.840096256508510386e-01,1.781152902658025283e-01,1.689650129549998566e-15,1.152396975491748687e+00,-1.781152902658029447e-01,9.840096256508511496e-01,-1.740992545517883290e-15,-8.284354983594764965e-01,-1.972729384054923457e-15,1.412200899703526732e-15,1.000000000000000000e+00,2.422983570688409259e-15
9.831912354632050821e-01,1.825787350934816033e-01,1.689650129549998566e-15,1.218801167257309359e+00,-1.825787350934820197e-01,9.831912354632050821e-01,-1.740992545517883290e-15,-8.405967950737113226e-01,-1.979117415140664326e-15,1.403234428356182805e-15,1.000000000000000000e+00,2.289610992545752713e-15
9.819587126964020030e-01,1.890954429901054723e-01,1.689650129549998566e-15,1.264741576468182638e+00,-1.890954429901058609e-01,9.819587126964021140e-01,-1.740992545517883290e-15,-8.492053797485145106e-01,-1.988380422757402258e-15,1.390077659065227759e-15,1.000000000000000000e+00,2.197000292424728816e-15
9.803745333850428789e-01,1.971440445209002579e-01,1.689650129549998566e-15,1.310320889403754352e+00,-1.971440445209006465e-01,9.803745333850428789e-01,-1.740992545517883290e-15,-8.581119751428843978e-01,-1.999716269245691559e-15,1.373720294074184077e-15,1.000000000000000000e+00,2.104480884230798366e-15
9.802021194739056753e-01,1.979995075217667044e-01,1.689650129549998566e-15,1.369773423419167635e+00,-1.979995075217670930e-01,9.802021194739057863e-01,-1.740992545517883290e-15,-8.700673173244251046e-01,-2.000914304765877542e-15,1.371974689569911486e-15,1.000000000000000000e+00,1.983212740812401732e-15
9.788673887613484892e-01,2.044960518433986130e-01,1.689650129549998566e-15,1.440896994955375154e+00,-2.044960518433990293e-01,9.788673887613487112e-01,-1.740992545517883290e-15,-8.845517904752925320e-01,-2.009969512080078581e-15,1.358674046394403068e-15,1.000000000000000000e+00,1.837821429170775934e-15
9.759548202525920590e-01,2.179729084673821815e-01,1.689650129549998566e-15,1.478610785758204482e+00,-2.179729084673826256e-01,9.759548202525922811e-01,-1.740992545517883290e-15,-8.925460060813839025e-01,-2.028511397241303761e-15,1.330832113791707260e-15,1.000000000000000000e+00,1.760180447877485973e-15
9.506782711233828786e-01,3.101786981948544963e-01,1.641250421204998561e-15,1.549504234136808156e+00,-3.101786981948549404e-01,9.506782711233831007e-01,-1.957698048005550383e-15,-9.102590164108647075e-01,-2.167537344900663281e-15,1.352060076598415910e-15,1.000000000000000000e+00,1.609557104698024633e-15
9.087996823557710213e-01,4.172327136623502630e-01,1.641250421204998561e-15,1.607569382214885767e+00,-4.172327136623507626e-01,9.087996823557711323e-01,-1.957698048005550383e-15,-9.316874690654820546e-01,-2.308383530558222044e-15,1.094371997137120934e-15,1.000000000000000000e+00,1.472307216023825260e-15
8.475853315055048576e-01,5.306591239361692081e-01,1.641250421204998561e-15,1.666624777248538525e+00,-5.306591239361696521e-01,8.475853315055049686e-01,-1.957698048005550383e-15,-9.620493384205391907e-01,-2.429970113426764343e-15,7.883716383299515165e-16,1.000000000000000000e+00,1.315943151680220151e-15
7.921831408681542230e-01,6.102834352366655057e-01,1.641250421204998561e-15,1.703625138186100729e+00,-6.102834352366659498e-01,7.921831408681542230e-01,-1.957698048005550383e-15,-9.867031426153716200e-01,-2.494921603514300814e-15,5.492274434038810847e-16,1.000000000000000000e+00,1.207231288667765846e-15
7.027741454993000625e-01,7.114130308180529605e-01,1.641250421204998561e-15,1.741723869631353061e+00,-7.114130308180532936e-01,7.027741454992999515e-01,-1.957698048005550383e-15,-1.018416434322819253e+00,-2.546160264070926063e-15,2.082126363518944304e-16,1.000000000000000000e+00,1.083028534782347790e-15
5.962248749651208879e-01,8.028174751914817220e-01,1.799215846571512327e-15,1.760425832113763134e+00,-8.028174751914820551e-01,5.962248749651206658e-01,-1.801650840516631954e-15,-1.038745051290362653e+00,-2.519134022117539368e-15,-3.702528761512126509e-16,1.000000000000000000e+00,1.012748095493902546e-15
4.216689468922945050e-01,9.067498548258735580e-01,1.799215846571512327e-15,1.778067006169250286e+00,-9.067498548258738911e-01,4.216689468922941719e-01,-1.801650840516631954e-15,-1.066181532768226914e+00,-2.392320089341108834e-15,-8.717384950908657480e-16,1.000000000000000000e+00,9.315768556657303848e-16
2.891988763128665041e-01,9.572690373867603908e-01,1.799215846571512327e-15,1.792455821658610171e+00,-9.572690373867606128e-01,2.891988763128661155e-01,-1.801650840516631954e-15,-1.102137105448446119e+00,-2.244995766881189864e-15,-1.201298222912976711e-15,1.000000000000000000e+00,8.409088830833062311e-16
1.450469850880823086e-01,9.894247682956279766e-01,1.799215846571512327e-15,1.807562429328722686e+00,-9.894247682956281986e-01,1.450469850880818923e-01,-1.801650840516631954e-15,-1.168221788711788500e+00,-2.043568799495692674e-15,-1.518864699509495494e-15,1.000000000000000000e+00,6.955364693311002873e-16
7.985097798345393294e-02,9.968068124341272762e-01,1.799215846571512327e-15,1.814212648768662284e+00,-9.968068124341274983e-01,7.985097798345351661e-02,-1.801650840516631954e-15,-1.220590986985200743e+00,-1.939566976406714350e-15,-1.649607031301955897e-15,1.000000000000000000e+00,5.892202790451079212e-16
1.570795680665297610e-03,9.999987662997035232e-01,1.799215846571512327e-15,1.817080554416901972e+00,-9.999987662997037452e-01,1.570795680664860026e-03,-1.801650840516631954e-15,-1.273508901119584369e+00,-1.804474818299835769e-15,-1.796383601520040259e-15,1.000000000000000000e+00,4.887206932777238213e-16
-1.216961095669504694e-01,9.925674067368261966e-01,1.799215846571512327e-15,1.814471291941140985e+00,-9.925674067368263076e-01,-1.216961095669509413e-01,-1.801650840516631954e-15,-1.349750561029774198e+00,-1.569302333817856882e-15,-2.005096905080191603e-15,1.000000000000000000e+00,3.560544690124008454e-16
-2.473372479685020942e-01,9.689294534522970848e-01,1.799215846571512327e-15,1.807649373982217700e+00,-9.689294534522971958e-01,-2.473372479685025938e-01,-1.801650840516631954e-15,-1.391685906866171774e+00,-1.300659468221335609e-15,-2.188928587554771905e-15,1.000000000000000000e+00,2.927757208346051526e-16
-3.825221791403823901e-01,9.239463092981609060e-01,2.014361404263554170e-15,1.785383006798909378e+00,-9.239463092981609060e-01,-3.825221791403828897e-01,-1.856570742025042603e-15,-1.460335154125888213e+00,-9.448337711098104666e-16,-2.571341271029669627e-15,1.000000000000000000e+00,2.091557474900912731e-16
-4.463540018253052688e-01,8.948564717621116937e-01,2.014361404263554170e-15,1.762018053307929044e+00,-8.948564717621118048e-01,-4.463540018253057129e-01,-1.856570742025042603e-15,-1.513129040152793703e+00,-7.622460698698161865e-16,-2.631252119447713277e-15,1.000000000000000000e+00,1.584149359344215869e-16
-5.054314927182470552e-01,8.628667372014082737e-01,2.014361404263554170e-15,1.721633946948962102e+00,-8.628667372014082737e-01,-5.054314927182474992e-01,-1.856570742025042603e-15,-1.589397448201780749e+00,-5.838514471237932666e-16,-2.676494773920083105e-15,1.000000000000000000e+00,9.816542620502232962e-17
-5.377411334034064572e-01,8.431100007982466060e-01,2.014361404263554170e-15,1.699415952183849887e+00,-8.431100007982466060e-01,-5.377411334034069013e-01,-1.856570742025042603e-15,-1.626443756789600181e+00,-4.820883751779735352e-16,-2.696682700216754302e-15,1.000000000000000000e+00,7.414140471581738371e-17
-5.948227867510891276e-01,8.038568606174036901e-01,2.014361404263554170e-15,1.641127390019261112e+00,-8.038568606174035791e-01,-5.948227867510895717e-01,-1.856570742025042603e-15,-1.712305670086289977e+00,-2.942290641904893504e-16,-2.723588817152040913e-15,1.000000000000000000e+00,3.214691856925692514e-17
-6.227877804887486102e-01,7.823908105760815079e-01,2.014361404263554170e-15,1.604286521828600431e+00,-7.823908105760813969e-01,-6.227877804887490543e-01,-1.856570742025042603e-15,-1.760899178795197084e+00,-1.980442196813117945e-16,-2.732267423621063834e-15,1.000000000000000000e+00,1.614045503078864654e-17
-6.530241527544550229e-01,7.573370820970843909e-01,2.188087062694895344e-15,1.565840887089107625e+00,-7.573370820970842798e-01,-6.530241527544554669e-01,-1.994857408695804181e-15,-1.808122952206988376e+00,-8.190578883211238636e-17,-2.959809540615259788e-15,1.000000000000000000e+00,5.909581768085079006e-18
-6.981654189942645417e-01,7.159364830210587227e-01,2.188087062694895344e-15,1.507720911322020463e+00,-7.159364830210586117e-01,-6.981654189942649857e-01,-1.994857408695804181e-15,-1.872377571303319499e+00,9.945552361213537498e-17,-2.959271814785583397e-15,1.000000000000000000e+00,4.902345880946028525e-18
-7.229671459097393171e-01,6.908824110766790261e-01,2.347056896218722737e-15,1.464542523904450499e+00,-6.908824110766789151e-01,-7.229671459097397612e-01,-2.149881273328704600e-15,-1.915739966746143219e+00,2.115298679010860543e-16,-3.175833855616990076e-15,1.000000000000000000e+00,1.287862096944490181e-17
-7.577927943639165553e-01,6.524952726343129505e-01,2.500463608235896932e-15,1.399919095609295283e+00,-6.524952726343128395e-01,-7.577927943639169994e-01,-2.310412227616010279e-15,-1.975363881990455095e+00,3.873002485344040748e-16,-3.382354421865759599e-15,1.000000000000000000e+00,3.636914518060119288e-17
-7.942025579772856725e-01,6.076531057291943982e-01,2.500463608235896932e-15,1.339756229377899954e+00,-6.076531057291942872e-01,-7.942025579772861166e-01,-2.310412227616010279e-15,-2.025055354401309682e+00,5.819454281644891488e-16,-3.354349778462007005e-15,1.000000000000000000e+00,7.199641729308797522e-17
-8.192521397854092280e-01,5.734334586131398792e-01,2.635389702029004353e-15,1.283424001164406025e+00,-5.734334586131397682e-01,-8.192521397854096721e-01,-2.486760620832526022e-15,-2.066930787549182025e+00,7.330569090087408434e-16,-3.548504591379086178e-15,1.000000000000000000e+00,1.161035911302077713e-16
-8.413221512351146680e-01,5.405340302340991832e-01,2.762717507797553314e-15,1.232769981731309361e+00,-5.405340302340990721e-01,-8.413221512351151121e-01,-2.668671138545164009e-15,-2.101570417130663948e+00,8.818278710279141214e-16,-3.738554972108000293e-15,1.000000000000000000e+00,1.634562055471128691e-16
-8.777322126165265637e-01,4.791515031128420476e-01,2.882740172989418721e-15,1.158231879582291013e+00,-4.791515031128419366e-01,-8.777322126165270078e-01,-2.855482183230842561e-15,-2.147056862788497611e+00,1.162065330229554796e-15,-3.887617981745934783e-15,1.000000000000000000e+00,2.479955606301443565e-16
-8.969499218116492312e-01,4.421321496589854516e-01,2.882740172989418721e-15,1.103908893919878231e+00,-4.421321496589852851e-01,-8.969499218116496753e-01,-2.855482183230842561e-15,-2.175871833216057816e+00,1.323173096781376111e-15,-3.835776630575592356e-15,1.000000000000000000e+00,3.223139790496881384e-16
-9.209815344772384060e-01,3.896062283279753680e-01,2.882740172989418721e-15,1.024104599725868647e+00,-3.896062283279752014e-01,-9.209815344772388501e-01,-2.855482183230842561e-15,-2.213288556106607352e+00,1.542436824552675687e-15,-3.752979888832302565e-15,1.000000000000000000e+00,4.455262383309758724e-16
-9.380704611221944988e-01,3.464445265406752017e-01,2.882740172989418721e-15,9.672444863945129923e-01,-3.464445265406749797e-01,-9.380704611221949429e-01,-2.855482183230842561e-15,-2.236478431730836824e+00,1.714947230356918634e-15,-3.677353042720673911e-15,1.000000000000000000e+00,5.432208945956802058e-16
-9.557930147981746893e-01,2.940403252328079864e-01,2.882740172989418721e-15,9.005701332179401053e-01,-2.940403252328077643e-01,-9.557930147981751334e-01,-2.855482183230842561e-15,-2.259463674401560151e+00,1.915676010967685347e-15,-3.576891782640173980e-15,1.000000000000000000e+00,6.697917800823837601e-16
-9.672234489273858760e-01,2.539267607894289402e-01,2.882740172989418721e-15,8.426652056194714469e-01,-2.539267607894287182e-01,-9.672234489273863201e-01,-2.855482183230842561e-15,-2.276431500285974963e+00,2.063170551200623279e-15,-3.493894199940001305e-15,1.000000000000000000e+00,7.882653165834240354e-16
-9.766722783342116632e-01,2.147353271668625274e-01,2.882740172989418721e-15,7.878264167422506237e-01,-2.147353271668623331e-01,-9.766722783342121073e-01,-2.855482183230842561e-15,-2.290037320542646970e+00,2.202319511763916600e-15,-3.407896443822759469e-15,1.000000000000000000e+00,9.075001189867056356e-16
-9.789030651468315636e-01,2.043252041382494222e-01,2.882740172989418721e-15,7.729100094762697548e-01,-2.043252041382492279e-01,-9.789030651468320077e-01,-2.855482183230842561e-15,-2.293291428788566844e+00,2.238476211359477063e-15,-3.384256735960436662e-15,1.000000000000000000e+00,9.412081973304910410e-16
-9.792935370823488972e-01,2.024454697659134050e-01,2.928109482218522853e-15,7.716155867773979438e-01,-2.024454697659132107e-01,-9.792935370823493413e-01,-3.072842327591273206e-15,-2.293560174933965801e+00,2.245395683280347666e-15,-3.601997131536972688e-15,1.000000000000000000e+00,9.441722818153601436e-16
-9.806146585467131471e-01,1.959461442420145361e-01,2.928109482218522853e-15,7.524835806302048180e-01,-1.959461442420143140e-01,-9.806146585467135912e-01,-3.072842327591273206e-15,-2.297492183541129496e+00,2.269235474137946013e-15,-3.587025992798006962e-15,1.000000000000000000e+00,9.881104479482742673e-16
-9.860541902733457320e-01,1.664245590181192835e-01,2.971618266403324261e-15,7.204333286918195300e-01,-1.664245590181190337e-01,-9.860541902733461761e-01,-3.290582522031972627e-15,-2.303577820471439885e+00,2.382542898337915164e-15,-3.739242943846224520e-15,1.000000000000000000e+00,1.063256891806742935e-15
-9.924608289188530108e-01,1.225622415823987010e-01,2.971618266403324261e-15,6.742562227949387976e-01,-1.225622415823984235e-01,-9.924608289188533439e-01,-3.290582522031972627e-15,-2.310785035249130814e+00,2.545913557892950291e-15,-3.629982453299336802e-15,1.000000000000000000e+00,1.176761688199553476e-15
-9.990329346781644526e-01,4.396811831695301293e-02,2.971618266403324261e-15,6.107877760945752410e-01,-4.396811831695272149e-02,-9.990329346781647857e-01,-3.290582522031972627e-15,-2.317142477033373282e+00,2.824063795767756596e-15,-3.418056777316319613e-15,1.000000000000000000e+00,1.344445996934536137e-15
-9.989863435996697572e-01,-4.501427886084549690e-02,2.971618266403324261e-15,5.484208492108983979e-01,4.501427886084582303e-02,-9.989863435996699792e-01,-3.290582522031972627e-15,-2.318172806467640790e+00,3.116729265789621166e-15,-3.153481748685839969e-15,1.000000000000000000e+00,1.526386312053174996e-15
-9.911924420598909879e-01,-1.324293879897849024e-01,2.961623088637682604e-15,4.939998718721183568e-01,1.324293879897852633e-01,-9.911924420598912100e-01,-3.512402050022062927e-15,-2.314131025482879522e+00,3.400683675546232929e-15,-3.089260432372832025e-15,1.000000000000000000e+00,1.701404496254952051e-15
-9.804432899093099563e-01,-1.968018172472200955e-01,2.961623088637682604e-15,4.282457722715320436e-01,1.968018172472204841e-01,-9.804432899093100673e-01,-3.512402050022062927e-15,-2.303551541883714027e+00,3.594950590842508636e-15,-2.860858215562615631e-15,1.000000000000000000e+00,1.933496913229946924e-15
-9.796453793544688260e-01,-2.007359726343000139e-01,2.961623088637682604e-15,3.719132025283121146e-01,2.007359726343004025e-01,-9.796453793544689370e-01,-3.512402050022062927e-15,-2.292090095269775141e+00,3.606405815967308467e-15,-2.846404147465392976e-15,1.000000000000000000e+00,2.140589961006777368e-15
-9.818264598864361314e-01,-1.897809333596716108e-01,2.917050748899857542e-15,2.900721581417455841e-01,1.897809333596719994e-01,-9.818264598864362425e-01,-3.729927021247458084e-15,-2.275524371780698552e+00,3.571906641557230269e-15,-3.108540429122407766e-15,1.000000000000000000e+00,2.441136088278187200e-15
-9.843805109960623856e-01,-1.760539961805206166e-01,2.917050748899857542e-15,2.232724249375941383e-01,1.760539961805210052e-01,-9.843805109960626076e-01,-3.729927021247458084e-15,-2.262925587293370455e+00,3.528156464355812210e-15,-3.158109025748393656e-15,1.000000000000000000e+00,2.682986846741826587e-15
-9.851093261547290147e-01,-1.719291002796660139e-01,2.917050748899857542e-15,2.066445068384717143e-01,1.719291002796664303e-01,-9.851093261547292368e-01,-3.729927021247458084e-15,-2.259974167410508272e+00,3.514896894479779906e-15,-3.172859983778921072e-15,1.000000000000000000e+00,2.742497503184949730e-15
-9.859377637269943762e-01,-1.671129140940727231e-01,2.917050748899857542e-15,2.039980359197626769e-01,1.671129140940731395e-01,-9.859377637269947092e-01,-3.729927021247458084e-15,-2.259510946945925358e+00,3.499349465927370338e-15,-3.189999054984656596e-15,1.000000000000000000e+00,2.751945315245816685e-15
-9.858208566464281564e-01,-1.678011877219648951e-01,2.917050748899857542e-15,2.041662374856914319e-01,1.678011877219652837e-01,-9.858208566464284894e-01,-3.729927021247458084e-15,-2.259539358365029837e+00,3.501575652443140077e-15,-3.187555271004186539e-15,1.000000000000000000e+00,2.751348700776509973e-15
-9.857034690888221151e-01,-1.684893795651850879e-01,2.917050748899857542e-15,2.017279836451615072e-01,1.684893795651854764e-01,-9.857034690888224482e-01,-3.729927021247458084e-15,-2.259123455932529723e+00,3.503800132332143252e-15,-3.185109933449460968e-15,1.000000000000000000e+00,2.760012496689220200e-15
-9.856740471315645902e-01,-1.686614147079333881e-01,2.917050748899857542e-15,1.744883750699988967e-01,1.686614147079337767e-01,-9.856740471315649232e-01,-3.729927021247458084e-15,-2.254467613965390083e+00,3.504355985517232375e-15,-3.184498356454077209e-15,1.000000000000000000e+00,2.856837768043029859e-15
-9.857915547996001226e-01,-1.679732433627038612e-01,2.917050748899857542e-15,1.214376918571987291e-01,1.679732433627042498e-01,-9.857915547996004557e-01,-3.729927021247458084e-15,-2.245404349972710101e+00,3.502131932452457345e-15,-3.186944082218260031e-15,1.000000000000000000e+00,3.045394616505573704e-15
-9.860541902732936625e-01,-1.664245590184285917e-01,2.917050748899857542e-15,6.627748259579441248e-02,1.664245590184289803e-01,-9.860541902732938846e-01,-3.729927021247458084e-15,-2.236027095859558500e+00,3.497121573874587395e-15,-3.192441284194604993e-15,1.000000000000000000e+00,3.241273883589808186e-15
-9.851093261547287927e-01,-1.719291002796652923e-01,2.917050748899857542e-15,-1.387894094220992747e-02,1.719291002796657086e-01,-9.851093261547291258e-01,-3.729927021247458084e-15,-2.222284976892810349e+00,3.514896894479777934e-15,-3.172859983778922256e-15,1.000000000000000000e+00,3.526351339763749131e-15
-9.851393184393015812e-01,-1.717571636495769383e-01,2.878874819753143037e-15,-7.042649859167723903e-02,1.717571636495773824e-01,-9.851393184393019142e-01,-3.948665232381449192e-15,-2.212420162483499375e+00,3.514304318319218189e-15,-3.395518002230240303e-15,1.000000000000000000e+00,3.728098472978465294e-15
-9.851393184393015812e-01,-1.717571636495767440e-01,2.878874819753143037e-15,-1.357966507400308331e-01,1.717571636495771881e-01,-9.851393184393019142e-01,-3.948665232381449192e-15,-2.201017228633185940e+00,3.514304318319217400e-15,-3.395518002230241092e-15,1.000000000000000000e+00,3.961317326403670631e-15
-9.844112232217345770e-01,-1.758821866906574716e-01,2.878874819753143037e-15,-2.087982976621702291e-01,1.758821866906579434e-01,-9.844112232217349101e-01,-3.948665232381449192e-15,-2.188197233660475138e+00,3.528496558396068950e-15,-3.380767572994902097e-15,1.000000000000000000e+00,4.222101797956375545e-15
-9.844419054607572717e-01,-1.757103718418251415e-01,2.878874819753143037e-15,-2.664377683717212841e-01,1.757103718418256133e-01,-9.844419054607576047e-01,-3.948665232381449192e-15,-2.177894448471183519e+00,3.527906449401413940e-15,-3.381383360327345642e-15,1.000000000000000000e+00,4.428720868479651007e-15
-9.847166960475918218e-01,-1.741637979751060050e-01,2.839859279656294579e-15,-3.327359512448058165e-01,1.741637979751064491e-01,-9.847166960475922659e-01,-4.167255246351128481e-15,-2.166105900571801524e+00,3.522241847939443527e-15,-3.608965139914087562e-15,1.000000000000000000e+00,4.666129265777805896e-15
-9.841956079691663861e-01,-1.770847403200005443e-01,2.839859279656294579e-15,-4.030806970247219345e-01,1.770847403200009884e-01,-9.841956079691667192e-01,-4.167255246351128481e-15,-2.153689594589768053e+00,3.532934343435459273e-15,-3.598498567661968389e-15,1.000000000000000000e+00,4.917637643766296883e-15
-9.751493543055747004e-01,-2.215484976194146416e-01,2.839859279656294579e-15,-4.749143559048379371e-01,2.215484976194151134e-01,-9.751493543055750335e-01,-4.167255246351128481e-15,-2.139746813982211116e+00,3.692536081901249997e-15,-3.434529705847416347e-15,1.000000000000000000e+00,5.179738252164223674e-15
-9.655635052850699562e-01,-2.601674792544366732e-01,2.839859279656294579e-15,-5.197119334780108124e-01,2.601674792544371173e-01,-9.655635052850702893e-01,-4.167255246351128481e-15,-2.129059546133024838e+00,3.826248773434269295e-15,-3.284910552858894502e-15,1.000000000000000000e+00,5.351493641555202837e-15
-9.450630751797932660e-01,-3.268880296549743214e-01,2.839859279656294579e-15,-5.742741642472330987e-01,3.268880296549748210e-01,-9.450630751797935991e-01,-4.167255246351128481e-15,-2.113135158236167044e+00,4.046072000458929621e-15,-3.010003053751482707e-15,1.000000000000000000e+00,5.572803687932038489e-15
-9.206411882630159971e-01,-3.904097878814782874e-01,2.839859279656294579e-15,-6.216804873321559732e-01,3.904097878814788425e-01,-9.206411882630162191e-01,-4.167255246351128481e-15,-2.095534351196155054e+00,4.241428658498449238e-15,-2.727837962812127154e-15,1.000000000000000000e+00,5.780778029936645390e-15
-8.927431500220194271e-01,-4.505659419982395719e-01,2.839859279656294579e-15,-6.739226265560525064e-01,4.505659419982401270e-01,-8.927431500220196492e-01,-4.167255246351128481e-15,-2.071977481460981263e+00,4.412888204558929066e-15,-2.440744704092510820e-15,1.000000000000000000e+00,6.027305842792236753e-15
-8.662870844471141085e-01,-4.995464816412156228e-01,2.839859279656294579e-15,-7.159532611871585184e-01,4.995464816412161779e-01,-8.662870844471143306e-01,-4.167255246351128481e-15,-2.049840935586395130e+00,4.541871112029139949e-15,-2.191397685999998436e-15,1.000000000000000000e+00,6.238915567511188047e-15
-8.460071056674736134e-01,-5.331716207377721339e-01,2.839859279656294579e-15,-7.696550197881518729e-01,5.331716207377726890e-01,-8.460071056674739465e-01,-4.167255246351128481e-15,-2.017429028816841274e+00,4.624403363409957119e-15,-2.011395174741562843e-15,1.000000000000000000e+00,6.526489693537748622e-15
-8.185509474090016946e-01,-5.744339357104734090e-01,2.839859279656294579e-15,-8.363365782236747981e-01,5.744339357104739641e-01,-8.185509474090020277e-01,-4.167255246351128481e-15,-1.973624630117468026e+00,4.718382336142506006e-15,-1.779799187118972292e-15,1.000000000000000000e+00,6.898400046336032410e-15
-7.990554615366997071e-01,-6.012573237710875373e-01,2.839859279656294579e-15,-8.891745611062170651e-01,6.012573237710880925e-01,-7.990554615367000402e-01,-4.167255246351128481e-15,-1.935856921120218344e+00,4.774797804297147617e-15,-1.622381873841700549e-15,1.000000000000000000e+00,7.205840165804791487e-15
-7.682835235934900586e-01,-6.401096994849941879e-01,2.973365224571327174e-15,-9.192904372766100840e-01,6.401096994849947430e-01,-7.682835235934903917e-01,-3.989829292081023469e-15,-1.912689937598704981e+00,4.838315940814423192e-15,-1.162040186697041964e-15,1.000000000000000000e+00,7.387870481123160232e-15
-6.732706524591214325e-01,-7.393961242373855436e-01,2.973365224571327174e-15,-9.532229361490883734e-01,7.393961242373860987e-01,-6.732706524591217656e-01,-3.989829292081023469e-15,-1.881283450138408808e+00,4.951943859679903766e-15,-4.877402476896399609e-16,1.000000000000000000e+00,7.614070716883858373e-15
-6.104216879814741148e-01,-7.920766142500649254e-01,3.137544144860716887e-15,-9.727284519703056631e-01,7.920766142500654805e-01,-6.104216879814744479e-01,-3.840333176048120087e-15,-1.858864247593658536e+00,4.957063092698666697e-15,1.409526835868462717e-16,1.000000000000000000e+00,7.761516530332133892e-15
-5.232424345780608554e-01,-8.521838737366613792e-01,3.137544144860716887e-15,-1.001532131871996967e+00,8.521838737366619343e-01,-5.232424345780610775e-01,-3.840333176048120087e-15,-1.818464100474415091e+00,4.914366239357167609e-15,6.643392427608751199e-16,1.000000000000000000e+00,8.007039372857383727e-15
-4.404093156674490084e-01,-8.977971010608842839e-01,3.137544144860716887e-15,-1.032228722187960024e+00,8.977971010608848390e-01,-4.404093156674491194e-01,-3.840333176048120087e-15,-1.763878970698126381e+00,4.829643662278463259e-15,1.125559531708153628e-15,1.000000000000000000e+00,8.312976364869195328e-15
-4.014682817664124159e-01,-9.158729271768670799e-01,3.137544144860716887e-15,-1.054253314607284553e+00,9.158729271768676350e-01,-4.014682817664125269e-01,-3.840333176048120087e-15,-1.716984066168651291e+00,4.776881644085128947e-15,1.331819778501641201e-15,1.000000000000000000e+00,8.562171553509543332e-15
-3.892847213957288943e-01,-9.211174765945157050e-01,3.137544144860716887e-15,-1.075819986253762961e+00,9.211174765945161491e-01,-3.892847213957289498e-01,-3.840333176048120087e-15,-1.667256703458095624e+00,4.758796002702552925e-15,1.395063714913338260e-15,1.000000000000000000e+00,8.820807578632811254e-15
-3.687735693615286636e-01,-9.295192599082368057e-01,3.137544144860716887e-15,-1.105511662727455047e+00,9.295192599082372498e-01,-3.687735693615286636e-01,-3.840333176048120087e-15,-1.595454167436317183e+00,4.726707004930949813e-15,1.500194338591598540e-15,1.000000000000000000e+00,9.189712185512767862e-15
-3.518416484037794056e-01,-9.360595357393192151e-01,2.931149408024185075e-15,-1.125175044313444728e+00,9.360595357393196592e-01,-3.518416484037794056e-01,-3.922217357563794535e-15,-1.545127366753539233e+00,4.702729398226856741e-15,1.363730933574541562e-15,1.000000000000000000e+00,9.444678595582485155e-15
-3.265581204993641129e-01,-9.451771230493897225e-01,2.931149408024185075e-15,-1.147882163995626703e+00,9.451771230493902776e-01,-3.265581204993641129e-01,-3.922217357563794535e-15,-1.483276953734663728e+00,4.664380759583728490e-15,1.489623436228209796e-15,1.000000000000000000e+00,9.753827319511971066e-15
-2.714404498637691399e-01,-9.624552364540145399e-01,2.931149408024185075e-15,-1.165192917689253482e+00,9.624552364540150950e-01,-2.714404498637691399e-01,-3.922217357563794535e-15,-1.430568724237762490e+00,4.570591148230107506e-15,1.756451652581365552e-15,1.000000000000000000e+00,1.001130085757269929e-14
-1.543655138292847895e-01,-9.880138096910483503e-01,2.717441415287725949e-15,-1.174867910272230809e+00,9.880138096910489054e-01,-1.543655138292847062e-01,-3.982489245014467601e-15,-1.391334843359617990e+00,4.354233611392239998e-15,2.070110646704405288e-15,1.000000000000000000e+00,1.019366279998048077e-14
-4.257316278806624887e-02,-9.990933518997207052e-01,2.498058279254401926e-15,-1.177341889550629350e+00,9.990933518997212603e-01,-4.257316278806608928e-02,-4.016765274546740297e-15,-1.372739937856735981e+00,4.119473723718078923e-15,2.324787017546402179e-15,1.000000000000000000e+00,1.027443970490945279e-14
1.474641704685733246e-01,-9.890673983243072342e-01,2.498058279254401926e-15,-1.176244939215929763e+00,9.890673983243077894e-01,1.474641704685736021e-01,-4.016765274546740297e-15,-1.339494729666841133e+00,3.604477487842963400e-15,3.063076962302656803e-15,1.000000000000000000e+00,1.040523765684617263e-14
2.358206125316055224e-01,-9.717966035674423519e-01,2.498058279254401926e-15,-1.169237575363423653e+00,9.717966035674427960e-01,2.358206125316058555e-01,-4.016765274546740297e-15,-1.301291381249699342e+00,3.314385217578744763e-15,3.374840598732255678e-15,1.000000000000000000e+00,1.054131502437304884e-14
2.965415749759500730e-01,-9.550199444570680596e-01,2.282276086347781869e-15,-1.152508990725624516e+00,9.550199444570685037e-01,2.965415749759504060e-01,-3.964402579803981296e-15,-1.239427931622580248e+00,3.109293786394335505e-15,3.355229366073348610e-15,1.000000000000000000e+00,1.074818886538536036e-14
3.635764299269472755e-01,-9.315643722264038695e-01,2.282276086347781869e-15,-1.128949344979693015e+00,9.315643722264043136e-01,3.635764299269476085e-01,-3.964402579803981296e-15,-1.170155685633764264e+00,2.863314408925858960e-15,3.567450426384219693e-15,1.000000000000000000e+00,1.096904232000347259e-14
4.021075838043738915e-01,-9.155924262721960583e-01,2.282276086347781869e-15,-1.109528051116001723e+00,9.155924262721965023e-01,4.021075838043742245e-01,-3.964402579803981296e-15,-1.122305160727607776e+00,2.712056454106670228e-15,3.683751041914986436e-15,1.000000000000000000e+00,1.111433951140180500e-14
4.375866341994277264e-01,-8.991762550078903349e-01,2.282276086347781869e-15,-1.088280528705222405e+00,8.991762550078907790e-01,4.375866341994281150e-01,-3.964402579803981296e-15,-1.075706594063214228e+00,2.566003154112993072e-15,3.786938045724218800e-15,1.000000000000000000e+00,1.125058227700903415e-14
4.840461860621091406e-01,-8.750424502609712718e-01,2.282276086347781869e-15,-1.064427401336520917e+00,8.750424502609717159e-01,4.840461860621095291e-01,-3.964402579803981296e-15,-1.028563564229048266e+00,2.364293512115189080e-15,3.916042407538689277e-15,1.000000000000000000e+00,1.138303680392518279e-14
5.677000720069744766e-01,-8.232354634266396687e-01,2.282276086347781869e-15,-1.042029142415018983e+00,8.232354634266401128e-01,5.677000720069749207e-01,-3.964402579803981296e-15,-9.904474057252569130e-01,1.967988496435263126e-15,4.129442241631412369e-15,1.000000000000000000e+00,1.148302559031746125e-14
6.414496315693438699e-01,-7.671651518151428872e-01,2.282276086347781869e-15,-1.020238974174226820e+00,7.671651518151433313e-01,6.414496315693443140e-01,-3.964402579803981296e-15,-9.612294730105741536e-01,1.577386352264354868e-15,4.293847254474889067e-15,1.000000000000000000e+00,1.154912605825463410e-14
6.686116303773925740e-01,-7.436117856274759852e-01,2.282276086347781869e-15,-1.011924642992694690e+00,7.436117856274763183e-01,6.686116303773929070e-01,-3.964402579803981296e-15,-9.515065331855468989e-01,1.422020146249883598e-15,4.347773068219045023e-15,1.000000000000000000e+00,1.156869610675066411e-14
6.692602994070536715e-01,-7.430280288371221564e-01,2.282276086347781869e-15,-1.011754158281329419e+00,7.430280288371224895e-01,6.692602994070540046e-01,-3.964402579803981296e-15,-9.513157224045263316e-01,1.418225457509876935e-15,4.349012359230805012e-15,1.000000000000000000e+00,1.156906346432335974e-14
6.686116303773917968e-01,-7.436117856274767624e-01,2.282276086347781869e-15,-1.011754158281329641e+00,7.436117856274770954e-01,6.686116303773921299e-01,-3.964402579803981296e-15,-9.513157224045255544e-01,1.422020146249888331e-15,4.347773068219044234e-15,1.000000000000000000e+00,1.156906346432336290e-14
6.686116303773912417e-01,-7.436117856274773175e-01,2.282276086347781869e-15,-1.011754158281330085e+00,7.436117856274776505e-01,6.686116303773915748e-01,-3.964402579803981296e-15,-9.513157224045247773e-01,1.422020146249891881e-15,4.347773068219043445e-15,1.000000000000000000e+00,1.156906346432336763e-14
6.686116303773906866e-01,-7.436117856274778726e-01,2.282276086347781869e-15,-1.011754158281330529e+00,7.436117856274782056e-01,6.686116303773910197e-01,-3.964402579803981296e-15,-9.513157224045240001e-01,1.422020146249895431e-15,4.347773068219042656e-15,1.000000000000000000e+00,1.156906346432337236e-14
6.686116303773901315e-01,-7.436117856274784277e-01,2.282276086347781869e-15,-1.011754158281330973e+00,7.436117856274787608e-01,6.686116303773904646e-01,-3.964402579803981296e-15,-9.513157224045232230e-01,1.422020146249898981e-15,4.347773068219041868e-15,1.000000000000000000e+00,1.156906346432337710e-14
6.688711591184010041e-01,-7.433783508413501773e-01,2.282276086347781869e-15,-1.022875618391494434e+00,7.433783508413505103e-01,6.688711591184013372e-01,-3.964402579803981296e-15,-9.636824165446156165e-01,1.420502400542226965e-15,4.348269181999336510e-15,1.000000000000000000e+00,1.154541915262544419e-14
6.691306063593303044e-01,-7.431448254769682515e-01,2.447339238570170858e-15,-1.046183425310509785e+00,7.431448254769685846e-01,6.691306063593306375e-01,-4.112921812076174867e-15,-9.895802608468640127e-01,1.418906973564322622e-15,4.570809357353216191e-15,1.000000000000000000e+00,1.149594452221872925e-14
6.692602994070504518e-01,-7.430280288371251540e-01,2.447339238570170858e-15,-1.068585633508229771e+00,7.430280288371253761e-01,6.692602994070508959e-01,-4.112921812076174867e-15,-1.014457163293460029e+00,1.418109195232079161e-15,4.571056933718438197e-15,1.000000000000000000e+00,1.144845357068213141e-14
6.702971095347792785e-01,-7.420928411926088764e-01,2.612324603681535132e-15,-1.073953090205379324e+00,7.420928411926092094e-01,6.702971095347797226e-01,-4.261527450850021402e-15,-1.020412832814098891e+00,1.411415382807265276e-15,4.795076919771276458e-15,1.000000000000000000e+00,1.143709467412570209e-14
6.705561079616503273e-01,-7.418588181556662331e-01,2.612324603681535132e-15,-1.073495683216649343e+00,7.418588181556666772e-01,6.705561079616508824e-01,-4.261527450850021402e-15,-1.019906510558952872e+00,1.409741499248372968e-15,4.795569304539881169e-15,1.000000000000000000e+00,1.143805748478442797e-14
6.705561079616504383e-01,-7.418588181556661221e-01,2.612324603681535132e-15,-1.073495683216648677e+00,7.418588181556665662e-01,6.705561079616509934e-01,-4.261527450850021402e-15,-1.019906510558952206e+00,1.409741499248372376e-15,4.795569304539881169e-15,1.000000000000000000e+00,1.143805748478442955e-14
6.705561079616505493e-01,-7.418588181556660111e-01,2.612324603681535132e-15,-1.073495683216648011e+00,7.418588181556664551e-01,6.705561079616511044e-01,-4.261527450850021402e-15,-1.019906510558951540e+00,1.409741499248371784e-15,4.795569304539881169e-15,1.000000000000000000e+00,1.143805748478443112e-14
