9.999999999791009397e-01,6.415513454062794492e-06,-7.995693052708752858e-07,6.965666264295578003e-02,-6.415513306258167610e-06,9.999999999794034755e-01,1.848577318125031234e-07,-3.916225396096706390e-04,7.995704912116724086e-07,-1.848526021611225343e-07,9.999999999996632694e-01,4.133766196900978684e-06
9.999978775247391205e-01,-2.060326071760198389e-03,-1.579541912300999797e-06,1.416796126470894479e-01,2.060326072416341497e-03,9.999978775258995256e-01,4.138866247123237836e-07,-7.241490639934292572e-04,1.578685818360552737e-06,-4.171401176325901877e-07,9.999999999986668442e-01,8.412060685387686031e-06
9.999983900273998749e-01,-1.794418253717736372e-03,-2.395569609763929871e-06,1.897643764853526038e-01,1.794418255095733697e-03,9.999983900301024908e-01,5.732023541263912258e-07,-1.559698602955259059e-03,2.394537188201652621e-06,-5.775000851254198181e-07,9.999999999969662046e-01,1.183003975740771035e-05
9.999987686987507063e-01,-1.569264426583153686e-03,-3.184626197218185547e-06,2.556924458301891301e-01,1.569264429060140834e-03,9.999987687035170048e-01,7.754458050854116805e-07,-1.926884408586544391e-03,3.183405396482486031e-06,-7.804423708891707587e-07,9.999999999946281859e-01,1.598502773283781941e-05
9.999991225833441133e-01,-1.324694948385420935e-03,-3.979387841591873388e-06,3.368226302219498036e-01,1.324694952240270968e-03,9.999991225907898240e-01,9.662248792134454165e-07,-1.269783272597311500e-03,3.978104396823833071e-06,-9.714955064184060467e-07,9.999999999916151516e-01,-1.723067937605994175e-05
9.999952649388493819e-01,-3.077349040400429586e-03,-4.771146026058881318e-06,4.060645736641963488e-01,3.077349046060729940e-03,9.999952649495182921e-01,1.179473916512800870e-06,-1.580131765325287546e-03,4.767493781516435016e-06,-1.194150813303589440e-06,9.999999999879222168e-01,-1.283631635077401748e-05
9.999824074924738015e-01,-5.931667080449113359e-03,-5.585927676635374851e-06,4.724419055040722237e-01,5.931667088112903101e-03,9.999824075071098717e-01,1.356415623448917586e-06,-1.850056460773624647e-03,5.577783600341420344e-06,-1.389525624052930437e-06,9.999999999834784381e-01,-8.505978860768558241e-06
9.999809533337694623e-01,-6.171946908324509561e-03,-6.406742385160315296e-06,5.433316937243775069e-01,6.171946918104571737e-03,9.999809533530956696e-01,1.507879555814525358e-06,-5.063033499371537814e-03,6.397313805637662212e-06,-1.547392909655089993e-06,9.999999999783396598e-01,2.274829953960966558e-02
9.999744796494942634e-01,-7.144228266602535918e-03,-7.224813311528232146e-06,6.134439046798640938e-01,7.144228278852189466e-03,9.999744796741099062e-01,1.671113345969717409e-06,-8.264342343328255625e-03,7.212690116735051518e-06,-1.722686414141041035e-06,9.999999999725044386e-01,4.544788984513709051e-02
9.999509448326719951e-01,-9.904941391883210350e-03,-8.016863116272822420e-06,6.867283365958265495e-01,9.904941407224480271e-03,9.999509448628963737e-01,1.876188772646169314e-06,-8.041097190111000381e-03,7.997886308120340511e-06,-1.955503295328409439e-06,9.999999999661045580e-01,4.545268588919054026e-02
9.999531123026239587e-01,-9.683652161096165112e-03,-8.781751532301103566e-06,7.741685167835620218e-01,9.683652179934290616e-03,9.999531123387866982e-01,2.105167270557500403e-06,-6.356565132714058278e-03,8.760954068921392583e-06,-2.190107991481001086e-06,9.999999999592241728e-01,4.539992097762526185e-02
9.999546215746887290e-01,-9.526526141331790459e-03,-9.544625910116727311e-06,8.421996123444721594e-01,9.526526164187740231e-03,9.999546216172565671e-01,2.352045074249984324e-06,-6.130327132169093030e-03,9.521785971543597027e-06,-2.442865470608364304e-06,9.999999999516836491e-01,4.540459198003535257e-02
9.999471783052685803e-01,-1.027815608254125344e-02,-1.033803003063520509e-05,9.087211640282126801e-01,1.027815610945166658e-02,9.999471783551721060e-01,2.553298423914615242e-06,-5.967168376136598555e-03,1.031124075915840172e-05,-2.659419440883775655e-06,9.999999999433025755e-01,4.540924512558237175e-02
9.999404297193034141e-01,-1.091498459867666811e-02,-1.113490207372417855e-05,9.759688838623010732e-01,1.091498462990184680e-02,9.999404297771846695e-01,2.747356310437028622e-06,-5.728254624603701557e-03,1.110425141331111983e-05,-2.868729934640602242e-06,9.999999999342326085e-01,4.541398500596903476e-02
9.999431543378242138e-01,-1.066245516238360086e-02,-1.195127061675225966e-05,1.039128792084706099e+00,1.066245519780375725e-02,9.999431544046499809e-01,2.903926768724535849e-06,-5.594056064135486013e-03,1.191962825069248752e-05,-3.031191580592405355e-06,9.999999999243667226e-01,4.541858306874755474e-02
9.999292476279685316e-01,-1.189535938097660041e-02,-1.278134216509460287e-05,1.108728990177210383e+00,1.189535942084208459e-02,9.999292477045369498e-01,3.047555953609113294e-06,-5.244976772643384320e-03,1.274418608249550243e-05,-3.199378990731059355e-06,9.999999999136743867e-01,4.542354555066788896e-02
9.999319739857023270e-01,-1.166392801333537843e-02,-1.357780246670504491e-05,1.179667227660333717e+00,1.166392805823162314e-02,9.999319740721394068e-01,3.232113324258368332e-06,-4.760454202358665315e-03,1.353917968694883964e-05,-3.390263967631686906e-06,9.999999999025979136e-01,4.542863160704417591e-02
9.999347065640357135e-01,-1.142726574735545252e-02,-1.436090156857370958e-05,1.250742040548349365e+00,1.142726579777477748e-02,9.999347066606879553e-01,3.433737044737526369e-06,-7.564881034942625912e-03,1.432072567163800259e-05,-3.597618683567448743e-06,9.999999998909865351e-01,6.819836953855441808e-02
9.999276032909398815e-01,-1.203278633351029421e-02,-1.516209247968624025e-05,1.321136573189292784e+00,1.203278638954021276e-02,9.999276033987030132e-01,3.609605257203063908e-06,-7.133478238379121518e-03,1.511756118691391247e-05,-3.791786153687953717e-06,9.999999998785402688e-01,6.820353985577920497e-02
9.999302489090967638e-01,-1.181088744203083116e-02,-1.595066810830724209e-05,1.405630711841529434e+00,1.181088750417856950e-02,9.999302490283332734e-01,3.807684369687913076e-06,-5.432692985580933956e-03,1.590458340220278041e-05,-3.995810326193016266e-06,9.999999998655383360e-01,6.816066163619957652e-02
9.999210813158448952e-01,-1.256307521653587077e-02,-1.677067884725796836e-05,1.468784694927975032e+00,1.256307528459325341e-02,9.999210814477910159e-01,3.958954729077160591e-06,-5.242119712019130233e-03,1.671961868352351389e-05,-4.169333594511147683e-06,9.999999998515349819e-01,6.816556319849072232e-02
9.998741244756101931e-01,-1.586615566142247566e-02,-1.756872169203201059e-05,1.539916142206810834e+00,1.586615573681867536e-02,9.998741246201070521e-01,4.160467475357864734e-06,-4.702921359168330158e-03,1.750049959792646654e-05,-4.438691848795300017e-06,9.999999998370147081e-01,6.817094194265287121e-02
9.998329847766814771e-01,-1.827572749983952943e-02,-1.835495854831177038e-05,1.612298917704265477e+00,1.827572758337760520e-02,9.998329849339798736e-01,4.393874063607497130e-06,-3.877288722084714073e-03,1.827159174864290969e-05,-4.728590441982661852e-06,9.999999998218941366e-01,6.817644418344627477e-02
9.998363071376762390e-01,-1.809305289202259651e-02,-1.914005466204332743e-05,1.680399778363948160e+00,1.809305298322162053e-02,9.998363073086332653e-01,4.602439819601175595e-06,-3.063252654473085351e-03,1.905364938789438177e-05,-4.947988456155535944e-06,9.999999998062373274e-01,6.818176736831593754e-02
9.997739130744290881e-01,-2.126316858626796022e-02,-1.993781667526728078e-05,1.752854459034061785e+00,2.126316868574874147e-02,9.997739132596371592e-01,4.790904344338419131e-06,-2.073210177896797797e-03,1.983143919253085107e-05,-5.213762342696241535e-06,9.999999997897646153e-01,6.818738631697805752e-02
9.996964305648490257e-01,-2.463830929724801153e-02,-2.075749975669733370e-05,1.823685787984375306e+00,2.463830940525484764e-02,9.996964307653662951e-01,4.963682522790486224e-06,-9.287003600368000378e-04,2.062890167313341150e-05,-5.473605401975780257e-06,9.999999997722432976e-01,6.819297025581952387e-02
9.996561162227312058e-01,-2.622305919680758754e-02,-2.156030116435855799e-05,1.908118162914652638e+00,2.622305931331864182e-02,9.996561164389681231e-01,5.139102011654422998e-06,1.834835451959383051e-03,2.141812395494717452e-05,-5.702711814088867651e-06,9.999999997543708163e-01,6.815066235874643608e-02
9.995784174990298698e-01,-2.903423444144265231e-02,-2.237263319345748707e-05,1.979811239167776238e+00,2.903423456711647782e-02,9.995784177316319186e-01,5.313072201012661726e-06,3.375405887375804506e-03,2.220894030411789573e-05,-5.960404582769220723e-06,9.999999997356174841e-01,6.815640927783586656e-02
9.995325329329073361e-01,-3.057311027055508931e-02,-2.317566215345828561e-05,2.047095988281216972e+00,3.057311040561440721e-02,9.995325331823480264e-01,5.495851396621128893e-06,4.878663537053292559e-03,2.299680302964493138e-05,-6.201834344828468238e-06,9.999999997163414589e-01,6.816195387026027785e-02
9.995389740152482716e-01,-3.036179919332180135e-02,-2.396433468346206237e-05,2.117902796741484739e+00,3.036179933775545042e-02,9.995389742819633661e-01,5.686329645820873129e-06,6.682171378676294952e-03,2.378063931000388141e-05,-6.411308421018369476e-06,9.999999996966874027e-01,6.816776175660806125e-02
9.995282777192896484e-01,-3.071191017564243661e-02,-2.475628735800230364e-05,2.187646154896556006e+00,3.071191033013799185e-02,9.995282780038006187e-01,5.884759377221745911e-06,8.411574560001832887e-03,2.456387707131277531e-05,-6.642296282552982687e-06,9.999999996762471977e-01,6.817356097286302041e-02
9.995104356755796227e-01,-3.128719103387964801e-02,-2.555039697243655211e-05,2.257979251629265605e+00,3.128719119852038655e-02,9.995104359785681458e-01,6.069591225851379199e-06,1.019843043664311021e-02,2.534798795716474332e-05,-6.866019925798100867e-06,9.999999996551680592e-01,6.817945104294237391e-02
9.995162504818174698e-01,-3.110087347097514540e-02,-2.630800893839599253e-05,2.333810821491384857e+00,3.110087364694715667e-02,9.995162508026701476e-01,6.306371265141472858e-06,1.233657894239062469e-02,2.609914880541050735e-05,-7.121522622976284698e-06,9.999999996340586117e-01,6.818573716476197810e-02
9.995222300893451539e-01,-3.090810286823438349e-02,-2.709813533909161866e-05,2.407553434376445534e+00,3.090810305496181562e-02,9.995222304297709526e-01,6.499203343145003061e-06,1.434289992048041161e-02,2.688431062912512260e-05,-7.333650179002361940e-06,9.999999996117250323e-01,6.819194929807821659e-02
9.995262145800518638e-01,-3.077897968535745626e-02,-2.787114527857698104e-05,2.481670413900133987e+00,3.077897988410047830e-02,9.995262149398586038e-01,6.730055719065175098e-06,1.635599267788483829e-02,2.765079609807650026e-05,-7.584712536666200030e-06,9.999999995889521376e-01,6.819824315904546297e-02
9.994863374957279056e-01,-3.204778212364151058e-02,-2.864143385808621918e-05,2.565429443380327967e+00,3.204778233585563879e-02,9.994863378749185845e-01,6.981245732067469190e-06,1.958802060396033079e-02,2.840298839613236207e-05,-7.895554165972543660e-06,9.999999995654645923e-01,6.815858345814485020e-02
9.964897149516471764e-01,-8.371527413616593194e-02,-2.952781029135282794e-05,2.659493207201497622e+00,8.371527438326921422e-02,9.964897153421260478e-01,7.232057632076792234e-06,2.372869330378697336e-02,2.881872558466858550e-05,-9.678599788779802715e-06,9.999999995379021955e-01,6.808661379067257324e-02
9.802907573485443171e-01,-1.975601936508824541e-01,-3.068620695559429455e-05,2.708789733133524003e+00,1.975601939600871160e-01,9.802907577388511040e-01,7.364917050048135408e-06,2.696531851359337470e-02,2.862639063000050414e-05,-1.328213311084746610e-05,9.999999995020566468e-01,6.809143583531739041e-02
9.594331331458915146e-01,-2.819362729650047306e-01,-3.175626651809432244e-05,2.736245653524365551e+00,2.819362733229174856e-01,9.594331335382673132e-01,7.329839904666915220e-06,3.102224147992042186e-02,2.840146655077960901e-05,-1.598573470195320312e-05,9.999999994689058314e-01,6.809484238837823500e-02
9.119773024799679995e-01,-4.102406594517075678e-01,-3.307550681227346807e-05,2.762159664949926263e+00,4.102406598792379122e-01,9.119773028599991171e-01,7.074534498284320352e-06,3.709892037839501028e-02,2.726184979549463582e-05,-2.002073262855409063e-05,9.999999994279803461e-01,6.809817282804954408e-02
8.261577455438253725e-01,-5.634388860229397888e-01,-3.457126882719841512e-05,2.770716973328804844e+00,5.634388865367194743e-01,8.261577458901251392e-01,6.633961728372122334e-06,3.883145929699356041e-02,2.482348952068695188e-05,-2.495949607969418535e-05,9.999999993804083998e-01,6.810033253618313909e-02
6.939087557899118464e-01,-7.200629398412291549e-01,-3.612897741522493207e-05,2.780155079630936665e+00,7.200629404462755012e-01,6.939087560776383556e-01,5.886294028068870359e-06,4.298086366503961475e-02,2.083171159393465001e-05,-3.009968867815476711e-05,9.999999993300237033e-01,6.810257972041960928e-02
5.408800026429534391e-01,-8.410997689584401860e-01,-3.740343789932806644e-05,2.809564396703573497e+00,8.410997696320829942e-01,5.408800028685287753e-01,4.668783835045488213e-06,7.190331522680347420e-02,1.630385859330772105e-05,-3.398527481361150412e-05,9.999999992895920453e-01,6.810656220034486119e-02
3.801835814643011457e-01,-9.249110459446354682e-01,-3.840022796188874389e-05,2.842865768898198198e+00,9.249110466716162771e-01,3.801835816191922457e-01,3.466796393341978474e-06,1.225436530401927682e-01,1.139265792330128383e-05,-3.683481410568742475e-05,9.999999992567013551e-01,6.811137281284204703e-02
2.808263848305444510e-01,-9.597585842605234063e-01,-3.900311298443671307e-05,2.868718454389546757e+00,9.597585850151262310e-01,2.808263849487643293e-01,2.524158421452816357e-06,1.842240270313396655e-01,8.530520508144728457e-06,-3.814242281336421711e-05,9.999999992361924273e-01,6.811618346173337057e-02
2.186514037802972099e-01,-9.758030344621010377e-01,-3.949001249879051883e-05,2.890443420287539755e+00,9.758030352362213611e-01,2.186514038850283503e-01,1.698295872258791609e-06,2.577014590804250216e-01,6.977344406733263323e-06,-3.890580883433974313e-05,9.999999992188267628e-01,6.812123481817781989e-02
1.326083470177388257e-01,-9.911685147864627288e-01,-3.996524222611521796e-05,2.907298783935412523e+00,9.911685155819226489e-01,1.326083470920857710e-01,7.955527270674816251e-07,3.318699365343155128e-01,4.511197897818165638e-06,-3.971778674423243733e-05,9.999999992010727423e-01,6.812614331633816411e-02
7.110734382919499386e-02,-9.974686681945859057e-01,-4.029486054607717745e-05,2.917601826424532252e+00,9.974686690040143189e-01,7.110734389179197701e-02,-1.211581788805437305e-07,4.071207961322558244e-01,2.986111993250561107e-06,-4.018424568031455952e-05,9.999999991881542982e-01,6.813086013591017343e-02
1.043209029616607754e-02,-9.999455834425404754e-01,-4.056858526840272029e-05,2.923052642676946089e+00,9.999455842644120462e-01,1.043209034714817629e-02,-1.045274442295679093e-06,4.788994056160973956e-01,1.468432708834885069e-06,-4.055547330162724096e-05,9.999999991765482488e-01,6.813530770604790676e-02
-1.137937785656084055e-01,-9.935043906786755752e-01,-4.076708114828793650e-05,2.924345740320612119e+00,9.935043915121580804e-01,-1.137937785690926878e-01,-2.241595046561824127e-06,5.366813139364515761e-01,-2.412005684213769752e-06,-4.075735372031876505e-05,9.999999991665097232e-01,6.813911872503555789e-02
-2.268633284359779789e-01,-9.739266032650417682e-01,-4.078685728877843089e-05,2.919050484956720037e+00,9.739266041012030195e-01,-2.268633284867083988e-01,-3.439502095044431468e-06,5.899273282147796671e-01,-5.903219610695019608e-06,-4.050370230466464783e-05,9.999999991623005346e-01,6.814256287908512788e-02
-3.421043182089265611e-01,-9.396619784880010373e-01,-4.058104630555748877e-05,2.909838399665147346e+00,9.396619793164666667e-01,-3.421043183081760586e-01,-4.685946553761698711e-06,6.339415111643396106e-01,-9.479745372798517337e-06,-3.973554884515142002e-05,9.999999991656098874e-01,6.814556542615810009e-02
-4.121110233477373597e-01,-9.111336360787726241e-01,-4.051118012546356162e-05,2.886045372616766080e+00,9.111336369066208585e-01,-4.121110234693927121e-01,-5.685369557820067040e-06,7.003722287122959855e-01,-1.151497246578954084e-05,-3.925410234967609822e-05,9.999999991632599894e-01,6.814907818152257657e-02
-4.413044977413637660e-01,-8.973574196746912923e-01,-4.034876656702623282e-05,2.855094249790049332e+00,8.973574205028403972e-01,-4.413044978529503948e-01,-6.575982987926546923e-06,7.693869149807300856e-01,-1.190508504297698422e-05,-3.910927595670055947e-05,9.999999991643663266e-01,6.815257002177975421e-02
-4.666945493072381934e-01,-8.844185638212055389e-01,-4.019142339166127789e-05,2.821160812052037059e+00,8.844185646507524146e-01,-4.666945494063186595e-01,-7.452244506113317622e-06,8.388394132595693442e-01,-1.216621484642871847e-05,-3.902396287843160527e-05,9.999999991645563968e-01,6.815607191363887152e-02
-4.988456789303798988e-01,-8.666908255063965338e-01,-3.994408488338032249e-05,2.785303533560845146e+00,8.666908263338781726e-01,-4.988456790221899584e-01,-8.342028284196386737e-06,9.072230049239398131e-01,-1.269597476654196664e-05,-3.878055669781381497e-05,9.999999991674399791e-01,6.815955161012304808e-02
-5.257478985832912954e-01,-8.506404325915205566e-01,-3.969590302315326825e-05,2.748098069321669890e+00,8.506404334178695459e-01,-5.257478986642000196e-01,-9.210699385656364517e-06,9.723775202575284382e-01,-1.303504429011550149e-05,-3.860944599902003287e-05,9.999999991696988388e-01,6.816293999193186182e-02
-5.530637416817493213e-01,-8.331389416419621163e-01,-3.945497816211681453e-05,2.706260667182035728e+00,8.331389424678771194e-01,-5.530637417533188493e-01,-1.006606260879330560e-05,1.040328278070306922e+00,-1.343468910474401485e-05,-3.843865303150113485e-05,9.999999991709892511e-01,6.816641118579883085e-02
-6.033689145581133673e-01,-7.974621943419373249e-01,-3.924674686293204434e-05,2.654308462386945955e+00,7.974621951676144072e-01,-6.033689146438679929e-01,-1.095127297036678016e-05,1.116704301371986618e+00,-1.494704088420368418e-05,-3.790545459166125405e-05,9.999999991698810264e-01,6.809613472802990286e-02
-6.937238731906053557e-01,-7.202410612194241057e-01,-3.871618999283060443e-05,2.604491500168288010e+00,7.202410620296502142e-01,-6.937238733259964985e-01,-1.199908564804242667e-05,1.181616141511369955e+00,-1.821611110144277662e-05,-3.620904196868380279e-05,9.999999991785389897e-01,6.805922983825746231e-02
-7.938967843529826096e-01,-6.080525424212543939e-01,-3.806630045194924031e-05,2.565947025135435489e+00,6.080525432058462298e-01,-7.938967845563468240e-01,-1.311471579998783546e-05,1.222682465022909559e+00,-2.224627724344349085e-05,-3.355804150155916040e-05,9.999999991894802376e-01,6.806187429421496626e-02
-8.865493108900132091e-01,-4.626341081176150727e-01,-3.696839961862862981e-05,2.512471562813401338e+00,4.626341088508663657e-01,-8.865493111654252356e-01,-1.413770319026293099e-05,1.263760214674607640e+00,-2.623372551052449855e-05,-2.963661363410207704e-05,9.999999992167312168e-01,6.807022378303485832e-02
-9.485676361813574209e-01,-3.165745383035479810e-01,-3.587768730644529358e-05,2.460710295966296979e+00,3.165745389817012367e-01,-9.485676365151834988e-01,-1.498405584946805142e-05,1.291523016107386068e+00,-2.928884248944565381e-05,-2.557135275630687815e-05,9.999999992441347407e-01,6.807243545312771649e-02
-9.788609575160341914e-01,-2.045268310927018385e-01,-3.484208715457521953e-05,2.397381453793538064e+00,2.045268317225804322e-01,-9.788609578809444045e-01,-1.555387583902053926e-05,1.316490419271958645e+00,-3.092437387013460305e-05,-2.235122349319641928e-05,9.999999992720528530e-01,9.061397154439199131e-02
-9.902796948963270562e-01,-1.390903473331286111e-01,-3.398217494297255776e-05,2.324749189694610862e+00,1.390903479342402993e-01,-9.902796952656117702e-01,-1.600558529596334437e-05,1.331948228865219352e+00,-3.142563542890398453e-05,-2.057659865990397216e-05,9.999999992945164395e-01,9.061598403477730268e-02
-9.939575263202075073e-01,-1.097653623625869240e-01,-3.311835076150589042e-05,2.261277054109019691e+00,1.097653629448847173e-01,-9.939575266739349990e-01,-1.630371310370715992e-05,1.341398175400053905e+00,-3.112865103374212489e-05,-1.984044613786779181e-05,9.999999993186817759e-01,9.061791067178774639e-02
-9.977431908533033189e-01,-6.714554391821524193e-02,-3.221485780406214375e-05,2.188869439092112845e+00,6.714554447635290302e-02,-9.977431911982643786e-01,-1.656736497639017046e-05,1.349706668321000391e+00,-3.102973029679194296e-05,-1.869305976305680675e-05,9.999999993438626333e-01,9.061990029860086948e-02
-9.998515396007692235e-01,-1.723072193930351437e-02,-3.129573696966856376e-05,2.114300999388116331e+00,1.723072247179043698e-02,-9.998515399398067993e-01,-1.682548207838727584e-05,1.354988832943106791e+00,-3.100117559948681171e-05,-1.736223231887515709e-05,9.999999993687400668e-01,9.062190654504259646e-02
-9.998834507883589406e-01,1.526708602445369344e-02,-3.039550458041685697e-05,2.049526045305771316e+00,-1.526708551218075929e-02,-9.998834511134073733e-01,-1.701487239285136567e-05,1.356619220910328050e+00,-3.065172953871733458e-05,-1.654883855527267944e-05,9.999999993933038622e-01,9.062386200865073238e-02
-9.980527725249080939e-01,6.237517443832587410e-02,-2.948107434588381716e-05,1.985999459828972080e+00,-6.237517394981757779e-02,-9.980527728424737344e-01,-1.720985869172067208e-05,1.356195241323359335e+00,-3.049713593523946406e-05,-1.533746004148167747e-05,9.999999994173436324e-01,9.062583253696748775e-02
-9.944078348853992999e-01,1.056080352207544454e-01,-2.855425476611882005e-05,1.927110094515063210e+00,-1.056080347553159243e-01,-9.944078351934650950e-01,-1.734836997493291989e-05,1.353176904934966229e+00,-3.022670193487428139e-05,-1.423579629581147529e-05,9.999999994418443672e-01,9.062778561422425716e-02
-9.896418889964645471e-01,1.435581094236051958e-01,-2.760852547195294149e-05,1.864349273849209787e+00,-1.435581089813875721e-01,-9.896418892928785516e-01,-1.739280014157410721e-05,1.347072514962441847e+00,-2.981943081456105480e-05,-1.324921587852732409e-05,9.999999994676299631e-01,9.062977899176126451e-02
-9.812336648524339067e-01,1.928224422853694053e-01,-2.667148254625523510e-05,1.797940309219426602e+00,-1.928224418676012519e-01,-9.812336651416647682e-01,-1.746053209674854113e-05,1.337901516391609258e+00,-2.953773901612109372e-05,-1.199000150676806718e-05,9.999999994918810087e-01,9.063182363778563011e-02
-9.731493197587087751e-01,2.301747179658870379e-01,-2.573884016703740208e-05,1.735265352567066710e+00,-2.301747175701825687e-01,-9.731493200363440232e-01,-1.744383447243666186e-05,1.326135419286693651e+00,-2.906286448701330313e-05,-1.105102538480333401e-05,9.999999995166125588e-01,9.063386410711306296e-02
-9.637462798400145969e-01,2.668203655632558902e-01,-2.480370422553808253e-05,1.668834299359977402e+00,-2.668203651888508832e-01,-9.637462801056829731e-01,-1.740534692098391430e-05,1.310863848784569408e+00,-2.854857870841614049e-05,-1.015620492492877240e-05,9.999999995409153408e-01,9.063596676049145984e-02
-9.490345439299864294e-01,3.151720702384320782e-01,-2.385842608431797902e-05,1.602102393170252714e+00,-3.151720698869650561e-01,-9.490345441874336041e-01,-1.738146800838647862e-05,1.292808727577103634e+00,-2.812062377994651753e-05,-8.976104030933041442e-06,9.999999995643302775e-01,9.063811173990336811e-02
-9.414292695305948033e-01,3.372105127996466445e-01,-2.298893203805194577e-05,1.540179075870616421e+00,-3.372105124626270101e-01,-9.414292697722048686e-01,-1.734545531000020676e-05,1.272778163305101851e+00,-2.749152338125459706e-05,-8.577409768649056884e-06,9.999999995853222634e-01,9.064025193573245487e-02
-9.407918407727006160e-01,3.389848253881903584e-01,-2.218225823304391167e-05,1.472518324600195383e+00,-3.389848250589090894e-01,-9.407918409931589343e-01,-1.733444133609942094e-05,1.248902813938131073e+00,-2.674500012997051309e-05,-8.788652046815414190e-06,9.999999996037324257e-01,9.064249293972524713e-02
-9.358352271723784366e-01,3.524378344162315546e-01,-2.133589802621007050e-05,1.429379226982757878e+00,-3.524378340985395153e-01,-9.358352273755147221e-01,-1.729011814741184577e-05,1.234421699587099353e+00,-2.606057677729369928e-05,-8.661123955415632862e-06,9.999999996229157473e-01,9.064453161514925139e-02
-9.323011240563554569e-01,3.616830292725974338e-01,-2.048057818555321755e-05,1.395206847934814309e+00,-3.616830289671248977e-01,-9.323011242415876199e-01,-1.717664061477587980e-05,1.222874641515377947e+00,-2.530656547778785341e-05,-8.606323799518680325e-06,9.999999996427545446e-01,9.064650273104170319e-02
-9.193176881884734808e-01,3.935161849285176983e-01,-1.957308848001857330e-05,1.345739224483108787e+00,-3.935161846397277063e-01,-9.193176883622152795e-01,-1.705707927851739497e-05,1.204560533943032308e+00,-2.470612321926519853e-05,-7.978547589301401084e-06,9.999999996629752586e-01,9.064868779388331188e-02
-9.130313211213800795e-01,4.078894535301736957e-01,-1.871373743094392389e-05,1.302271436474541133e+00,-4.078894532530608630e-01,-9.130313212793691457e-01,-1.696372080222017072e-05,1.187003905363894773e+00,-2.400555122050592415e-05,-7.855272286156255175e-06,9.999999996810142733e-01,9.065083466087871245e-02
-9.077073434746035785e-01,4.196038349241177356e-01,-1.786762556116946473e-05,1.229532953373270177e+00,-4.196038346587886991e-01,-9.077073436171487764e-01,-1.682671746317611393e-05,1.153990965750170572e+00,-2.327913011160830442e-05,-7.776410806183205830e-06,9.999999996988049311e-01,9.061940188368673710e-02
-8.977552311088931036e-01,4.404946591363138597e-01,-1.700002696379958761e-05,1.168987605359960824e+00,-4.404946588842860722e-01,-8.977552312386928302e-01,-1.667263492401831147e-05,1.130010174861781014e+00,-2.260606977570953961e-05,-7.479524140963688051e-06,9.999999997165113230e-01,1.129438812153614469e-01
-8.933722213495355335e-01,4.493173420418841157e-01,-1.616828037286529351e-05,1.103881200605660196e+00,-4.493173418006456421e-01,-8.933722214643999848e-01,-1.652162430770093046e-05,1.098425276752888147e+00,-2.186774487411666758e-05,-7.495271449449866957e-06,9.999999997328115064e-01,1.129464809165559580e-01
-8.863649051871046458e-01,4.629873158282249435e-01,-1.532418998302761533e-05,1.040217434053166246e+00,-4.629873155983392219e-01,-8.863649052886066748e-01,-1.636344931829375216e-05,1.066804054255726664e+00,-2.115889368049888623e-05,-7.409081619582507369e-06,9.999999997487034609e-01,1.129491152984249402e-01
-8.799558318614234542e-01,4.750555059813704739e-01,-1.448636796012666419e-05,9.801007619469654930e-01,-4.750555057626032474e-01,-8.799558319498556047e-01,-1.618870317266167395e-05,1.035902930695840274e+00,-2.043789654715597422e-05,-7.363514909096009991e-06,9.999999997640357519e-01,1.129517463767865659e-01
-8.688636538730216685e-01,4.950514627720750682e-01,-1.362539716442126369e-05,9.189126338494439938e-01,-4.950514625667707946e-01,-8.688636539509348999e-01,-1.592264481861714945e-05,1.003324423400078880e+00,-1.972114097546835929e-05,-7.089334562126141681e-06,9.999999997804092100e-01,1.129544539649646462e-01
-8.623730695052912454e-01,5.062733341074113769e-01,-1.279797773966031040e-05,8.628383887241751760e-01,-5.062733339127636345e-01,-8.623730695711926408e-01,-1.572302978484695725e-05,9.719828023883134716e-01,-1.899678205909923181e-05,-7.079842599882415642e-06,9.999999997944992725e-01,1.129571256569972121e-01
-8.535378829342838980e-01,5.210307882006368629e-01,-1.196178522782696871e-05,8.012672511947440679e-01,-5.210307880161657579e-01,-8.535378829890720720e-01,-1.554945923041032443e-05,9.362456036962450989e-01,-1.831158383904371841e-05,-7.039594128962559975e-06,9.999999998075651542e-01,1.129599658401035100e-01
-8.429884325322449801e-01,5.379316894299377427e-01,-1.113023981221904501e-05,7.435690620370770665e-01,-5.379316892565061403e-01,-8.429884325773064901e-01,-1.531329136036437704e-05,9.015521256744857270e-01,-1.762016810572571761e-05,-6.921618776766117018e-06,9.999999998208106700e-01,1.129627843223803274e-01
-8.201644544015953553e-01,5.721278420343709481e-01,-1.025805821144234878e-05,6.982655236850886515e-01,-5.721278418739207394e-01,-8.201644544405168880e-01,-1.499927486656895690e-05,8.735979057150478067e-01,-1.699479747809712574e-05,-6.432951381029519729e-06,9.999999998348971797e-01,1.129653825895068631e-01
-8.101604116053454652e-01,5.862082457440332961e-01,-9.442503328263054569e-06,6.726402366332200344e-01,-5.862082455949628734e-01,-8.101604116355268781e-01,-1.466384833681835168e-05,8.574081979953568355e-01,-1.624601119267824714e-05,-6.344796094189424760e-06,9.999999998479055519e-01,1.129675649147236227e-01
-8.063814617253637351e-01,5.913957542208942986e-01,-8.669825987678927314e-06,6.460750510078541176e-01,-5.913957540835939053e-01,-8.063814617469196033e-01,-1.424070881233873279e-05,8.398453500312678122e-01,-1.541308168174913945e-05,-6.356145310342049953e-06,9.999999998610183960e-01,1.129698010269624270e-01
-8.063106322012922877e-01,5.914923197615565842e-01,-7.889586883130125208e-06,6.211303250991033753e-01,-5.914923196343928602e-01,-8.063106322133557491e-01,-1.390046752101115496e-05,8.232771736234959503e-01,-1.458347756741188486e-05,-6.541464708300309024e-06,9.999999998722659544e-01,1.129720233967631132e-01
-8.049960912685555359e-01,5.932801134301697310e-01,-7.115683792875369567e-06,5.900846062363789279e-01,-5.932801133131523352e-01,-8.049960912722583517e-01,-1.354689194258798364e-05,8.019882815752782390e-01,-1.376519922831885634e-05,-6.683601375683149289e-06,9.999999998829245396e-01,1.129744402382791280e-01
-8.038046448630304930e-01,5.948933457824980842e-01,-6.350044148882064359e-06,5.444765730507327151e-01,-5.948933456751255289e-01,-8.038046448589865056e-01,-1.321261862593642842e-05,7.692851188361914394e-01,-1.296429388286248129e-05,-6.842765213418281666e-06,9.999999998925519495e-01,1.129773093124800259e-01
-8.028580872582886663e-01,5.961701868533629822e-01,-5.584687570418399218e-06,4.932959572494248213e-01,-5.961701867552464673e-01,-8.028580872469742724e-01,-1.289742005412093055e-05,7.320938841699385913e-01,-1.217276890424962867e-05,-7.025373763392179974e-06,9.999999999012340046e-01,1.129803919789762606e-01
-8.012231353559161606e-01,5.983656802885209958e-01,-4.826085158117591887e-06,4.405355084036949309e-01,-5.983656801996573016e-01,-8.012231353382762711e-01,-1.256593162387902145e-05,6.935390665876848271e-01,-1.138579330637788297e-05,-7.180351406013900674e-06,9.999999999094031367e-01,1.129835755106712025e-01
-8.006267048143649312e-01,5.991634831341887679e-01,-4.074144309245189984e-06,3.892748398992397774e-01,-5.991634830547362123e-01,-8.006267047911798107e-01,-1.220380141617918389e-05,6.598002011237539266e-01,-1.057394089715055514e-05,-7.329610819249436438e-06,9.999999999172343168e-01,1.350322045366413315e-01
-7.957875699657834812e-01,6.055758775554280771e-01,-3.305523219862030512e-06,3.609793533040697722e-01,-6.055758774854889115e-01,-7.957875699383130108e-01,-1.180481127570267436e-05,6.402227667480090423e-01,-9.779203238168508310e-06,-7.392376954579501601e-06,9.999999999248599947e-01,1.350346890665848343e-01
-7.952110434060111199e-01,6.063327439934659280e-01,-2.545078338120737747e-06,3.420121302990533629e-01,-6.063327439328580759e-01,-7.952110433744217222e-01,-1.141112003550142386e-05,6.277684494889306244e-01,-8.942810123891000457e-06,-7.531084337585497150e-06,9.999999999316545596e-01,1.350368867365797365e-01
-7.952896740410160259e-01,6.062296053151564612e-01,-1.778822534269118061e-06,3.082738833515710208e-01,-6.062296052634448262e-01,-7.952896740056109026e-01,-1.105331863378682145e-05,6.066411784086965797e-01,-8.115528186175944859e-06,-7.712215290552119603e-06,9.999999999373300197e-01,1.554951239479245018e-01
-7.953673047991144385e-01,6.061277509366882477e-01,-1.012212752898999384e-06,2.850099649920051492e-01,-6.061277508937322756e-01,-7.953673047606055757e-01,-1.069366562608340334e-05,5.907134648134919619e-01,-7.286808424324469854e-06,-7.891861768100267527e-06,9.999999999423104802e-01,1.554975166216356064e-01
-7.922062618582359494e-01,6.102534216803250366e-01,-2.348310577643645319e-07,2.505632251793277754e-01,-6.102534216458304073e-01,-7.922062618174336990e-01,-1.033454297757426573e-05,5.658146180550981397e-01,-6.492724847997187041e-06,-8.043783203767979488e-06,9.999999999465709610e-01,1.555003518180769484e-01
-7.872197737627135705e-01,6.166725450323621294e-01,5.393405285811601250e-07,1.954589578833909602e-01,-6.166725450059817870e-01,-7.872197737203099344e-01,-9.979398802449784031e-06,5.233646941608891545e-01,-5.729441728531737115e-06,-8.188576563937430467e-06,9.999999999500602810e-01,1.555030184199236165e-01
-7.820597572293026545e-01,6.232034468139288075e-01,1.297086221673887481e-06,1.734390701998496098e-01,-6.232034467957821011e-01,-7.820597571866797493e-01,-9.537686065406652817e-06,5.079823599645473253e-01,-4.929519895018110248e-06,-8.267389052979715072e-06,9.999999999536750561e-01,1.555054378099042789e-01
-7.806133584139537396e-01,6.250142275672263548e-01,2.057024747067077009e-06,1.347861004658209572e-01,-6.250142275570721440e-01,-7.806133583711539758e-01,-9.151175799766380725e-06,4.818491772423879049e-01,-4.113874077762247911e-06,-8.429199807846044832e-06,9.999999999560122976e-01,1.764697233588347625e-01
-7.799216144799373529e-01,6.258772046169857051e-01,2.799231880631414619e-06,9.583193139323724352e-02,-6.258772046146729995e-01,-7.799216144380469729e-01,-8.721957334579584107e-06,4.518217691017463178e-01,-3.275692827826754300e-06,-8.554418470328304969e-06,9.999999999580458931e-01,1.764729105047779245e-01
-7.788676717552108775e-01,6.271882890185743742e-01,3.545480258805348700e-06,5.338568335941925452e-02,-6.271882890237514552e-01,-7.788676717145335271e-01,-8.333089181366987535e-06,4.187733995589502101e-01,-2.464955991615161735e-06,-8.714057466507455537e-06,9.999999999589945787e-01,1.764762922550156266e-01
-7.764873551606077395e-01,6.301328330259122756e-01,4.292112264910842875e-06,2.281470720558634313e-03,-6.301328330382891529e-01,-7.764873551216692205e-01,-7.955758871253247299e-06,3.782679690368222492e-01,-1.680413975947916706e-06,-8.882147025441631820e-06,9.999999999591419053e-01,1.764801063395808611e-01
-7.689044231539319263e-01,6.393637368732462134e-01,5.079150826845050607e-06,-2.924005213759943433e-02,-6.393637368926984310e-01,-7.689044231168625787e-01,-7.611093732060668299e-06,3.541642341339104050e-01,-9.608757937839926768e-07,-9.099628488513904296e-06,9.999999999581368204e-01,1.764830824704820278e-01
-7.642455986891721897e-01,6.449253172657691824e-01,5.820303797477469192e-06,-5.242254150345144331e-02,-6.449253172920136334e-01,-7.642455986558531755e-01,-7.138056345872597921e-06,3.367284662740641088e-01,-1.553716934606890915e-07,-9.208889418852516198e-06,9.999999999575861498e-01,1.764857075642404238e-01
-7.562353934832372060e-01,6.542996481732246128e-01,6.606653311745844203e-06,-7.538694820920119333e-02,-6.542996482063525576e-01,-7.562353934528236454e-01,-6.804120487694695014e-06,3.192057454668151273e-01,5.442514253876786162e-07,-9.468247672015795010e-06,9.999999999550280849e-01,1.764883517323931339e-01
-7.002323261892083872e-01,7.139150434775045628e-01,7.494179032817588737e-06,-9.119497058710056281e-02,-7.139150435163599262e-01,-7.002323261623144557e-01,-6.192554314521144524e-06,3.077166704382602314e-01,8.267087341385612321e-07,-9.686433863043524616e-06,9.999999999527448002e-01,1.764906692165274238e-01
-6.524519296003945534e-01,7.578301125524001813e-01,8.338948680786102783e-06,-1.100299503936264106e-01,-7.578301125974331587e-01,-6.524519295766116889e-01,-5.684843610401607743e-06,2.906650527772347004e-01,1.132617484305818988e-06,-1.002859360078735913e-05,9.999999999490722935e-01,1.764932122621575006e-01
-5.840692763912410657e-01,8.117038131558376168e-01,9.169782336995341794e-06,-1.199342418891343881e-01,-8.117038132065408362e-01,-5.840692763717141300e-01,-4.958104329562897381e-06,2.819442175068189727e-01,1.331275943724352660e-06,-1.033902369725319542e-05,9.999999999456662403e-01,1.764953014850832169e-01
-5.451185201232802147e-01,8.383589916738962700e-01,9.906196502823281648e-06,-1.415246306354897843e-01,-8.383589917305650507e-01,-5.451185201088906140e-01,-4.336217285159716537e-06,2.540938494984226748e-01,1.764744426661504383e-06,-1.066870126141104163e-05,9.999999999415323249e-01,1.764982306672008838e-01
-5.445560713835878586e-01,8.387244392580217589e-01,1.051616320696125697e-05,-1.583554934743125753e-01,-8.387244393199870807e-01,-5.445560713767482186e-01,-3.754299972529438048e-06,2.308190650641539776e-01,2.577817382673398674e-06,-1.086458993339221260e-05,9.999999999376578685e-01,1.765009260431578408e-01
-5.446219364393702911e-01,8.386816715685773138e-01,1.113406494411099577e-05,-1.742901186124446167e-01,-8.386816716356281232e-01,-5.446219364406009733e-01,-3.187150376318149534e-06,2.089670882661543161e-01,3.390851405166246541e-06,-1.107372820910052895e-05,9.999999999329374223e-01,1.765035793777128270e-01
-5.446987846477054918e-01,8.386317629718411659e-01,1.174964011245795847e-05,-1.901552019664723425e-01,-8.386317630436145310e-01,-5.446987846576297754e-01,-2.619036790047502118e-06,1.872323855876101006e-01,4.203607248894768239e-06,-1.128020755912510508e-05,9.999999999275434037e-01,1.765062495539090615e-01
-5.434321577756944244e-01,8.394530896616013704e-01,1.236301659899648800e-05,-2.085921176482259942e-01,-8.394530897377414647e-01,-5.434321577948563187e-01,-2.045785730390349707e-06,1.613157535158308564e-01,5.001119635084524185e-06,-1.148991823631935214e-05,9.999999999214854718e-01,1.765091413117919061e-01
-5.398611928302985419e-01,8.417540568997953221e-01,1.298396842533631595e-05,-2.272795845251322500e-01,-8.417540569801873485e-01,-5.398611928590637543e-01,-1.477820743695240437e-06,1.348981284534587211e-01,5.765579075770372993e-06,-1.172712616721018326e-05,9.999999999146165219e-01,1.765120816723222685e-01
-4.825569882059554394e-01,8.758645745468591759e-01,1.369112354138774186e-05,-2.493788128079757471e-01,-8.758645746340359972e-01,-4.825569882412609202e-01,-8.140730662261870074e-07,1.025897052470900184e-01,5.893729581970868791e-06,-1.238440674385732013e-05,9.999999999059454581e-01,1.765153336968421360e-01
-3.991141251806165635e-01,9.169012568840042565e-01,1.434728625927154782e-05,-2.680764961734231622e-01,-9.169012569778913768e-01,-3.991141252227937142e-01,8.364113555854608634e-08,7.119226375704099108e-02,5.802895267011037519e-06,-1.312166244670016296e-05,9.999999998970744430e-01,1.765184813699595956e-01
-2.746159521605088250e-01,9.615539915125149717e-01,1.501092204110028568e-05,-2.791529895366844372e-01,-9.615539916150630528e-01,-2.746159522089576810e-01,1.227385262606394275e-06,4.959199423184591782e-02,5.302435848234027433e-06,-1.409675243388409826e-05,9.999999998865830575e-01,1.765211078653557142e-01
-1.150028622819648932e-01,9.933651601620939742e-01,1.559144184250070095e-05,-2.940501293531219140e-01,-9.933651602751484289e-01,-1.150028623346526224e-01,2.522914120321767905e-06,5.431222431929103034e-04,4.299235429020515923e-06,-1.519785277966780302e-05,9.999999998752711061e-01,1.765248497996105836e-01
2.182572899908829384e-02,9.997617902767232945e-01,1.601060540104905599e-05,-3.027864056751736199e-01,-9.997617903993930577e-01,2.182572894290189108e-02,3.675670408865815515e-06,-7.913913847818240810e-02,3.325351694739826382e-06,-1.608701570736489650e-05,9.999999998650751509e-01,1.764947896629465163e-01
9.653704524175227286e-02,9.953293920266936823e-01,1.624082173844089365e-05,-3.017480674879283731e-01,-9.953293921545071088e-01,9.653704517836846077e-02,4.644212111128181425e-06,-1.468645629796882790e-01,3.054679875114541410e-06,-1.661330574369638391e-05,9.999999998573336768e-01,1.764990850751404494e-01
1.159167303268758970e-01,9.932589346996294477e-01,1.642204716651746328e-05,-2.929992218703911799e-01,-9.932589348290393749e-01,1.159167302511850545e-01,5.491440004899180860e-06,-2.302833031511880846e-01,3.550831837659663469e-06,-1.694789484648152311e-05,9.999999998500803677e-01,1.764571844165356285e-01
1.834946241558097768e-01,9.830207132275791126e-01,1.647603618593330809e-05,-2.867953158795040203e-01,-9.830207133599679903e-01,1.834946240719705080e-01,6.476538583312569179e-06,-2.891041280392165347e-01,3.343307511279857637e-06,-1.738469485801637945e-05,9.999999998432974602e-01,1.764611533179188396e-01
2.427467555600614224e-01,9.700896929620426157e-01,1.654912585710275840e-05,-2.826445257735609173e-01,-9.700896930978868404e-01,2.427467554669394956e-01,7.451250263822610257e-06,-3.312536801938729125e-01,3.211134472989301188e-06,-1.786290325016414338e-05,9.999999998353027442e-01,1.971080287490170890e-01
2.600076330329113561e-01,9.656065609199047106e-01,1.652444455526302710e-05,-2.759580362080591431e-01,-9.656065610539923405e-01,2.600076329263106278e-01,8.339009893909672205e-06,-3.634080813073198857e-01,3.755720950899190558e-06,-1.812431830468841476e-05,9.999999998287019132e-01,1.971109388273437901e-01
2.623485380534421596e-01,9.649731832073850102e-01,1.648721686891856835e-05,-2.668994384678612386e-01,-9.649731833375757573e-01,2.623485379319541733e-01,9.182107529867433981e-06,-4.015092503290999537e-01,4.535090291520853725e-06,-1.831863463308758743e-05,9.999999998219303299e-01,1.971141204257457757e-01
2.690798442590197626e-01,9.631178729217665380e-01,1.649829914101914234e-05,-2.575895545450200830e-01,-9.631178730489691198e-01,2.690798441228866578e-01,1.002159551063188650e-05,-4.401196720026546716e-01,5.212617990323934311e-06,-1.858641613685174470e-05,9.999999998136869239e-01,1.971173553727877115e-01
2.689507663589082442e-01,9.631539259139906273e-01,1.647492745763079092e-05,-2.389599935698661082e-01,-9.631539260360608701e-01,2.689507662073348793e-01,1.085399132160902001e-05,-5.068429750168478298e-01,6.023119990304060973e-06,-1.878708034597611340e-05,9.999999998053838990e-01,1.971217327282373533e-01
2.357612105055773566e-01,9.718110162724681311e-01,1.650508962905528851e-05,-2.280311885858350984e-01,-9.718110163856582551e-01,2.357612103385001712e-01,1.145420329241344190e-05,-5.498078024598832547e-01,7.240061034500264686e-06,-1.874028476154500562e-05,9.999999997981916522e-01,1.971252225795884494e-01
1.567111787762662800e-01,9.876444735630275362e-01,1.694000979258795814e-05,-2.163646669699267888e-01,-9.876444736685140446e-01,1.567111785929382606e-01,1.166428928966654279e-05,-6.013534394134351091e-01,8.865481955007209890e-06,-1.855863157971106379e-05,9.999999997884903014e-01,1.971291368898433483e-01
3.957125963810384506e-02,9.992167508125601172e-01,1.749984239209942830e-05,-2.054151408330217587e-01,-9.992167509065025266e-01,3.957125943888330222e-02,1.158760776497134988e-05,-6.702828342091471381e-01,1.088604097716774506e-05,-1.794467189186169350e-05,9.999999997797415219e-01,1.971321321814797078e-01
-8.804059582224926794e-02,9.961168872986355671e-01,1.804830242008050831e-05,-2.046853198901255055e-01,-9.961168873781732769e-01,-8.804059603563325898e-02,1.138900737479630372e-05,-7.146789513736326871e-01,1.293376587809856906e-05,-1.697552383404952453e-05,9.999999997722747169e-01,1.971358399570405096e-01
-1.681248503556268536e-01,9.857657096644454331e-01,1.851082946526062052e-05,-2.094263926448275970e-01,-9.857657097330959628e-01,-1.681248505823239314e-01,1.144885166833203034e-05,-7.557838623012503865e-01,1.439801582767813708e-05,-1.632250447208887930e-05,9.999999997631365822e-01,1.971394886158406579e-01
-1.814329269511148479e-01,9.834033214633008946e-01,1.878561941265226352e-05,-2.158729591350917465e-01,-9.834033215230453262e-01,-1.814329271939598975e-01,1.213557886158059173e-05,-7.853501070434192322e-01,1.534249847954737657e-05,-1.627204693416742158e-05,9.999999997499141591e-01,1.971426326242798066e-01
-1.815852547079132295e-01,9.833752055585179841e-01,1.911557467346660199e-05,-2.237737227271395235e-01,-9.833752056114832829e-01,-1.815852549685745276e-01,1.290620066542196340e-05,-8.214800234325361217e-01,1.616274423329108214e-05,-1.645420643975982001e-05,9.999999997340125457e-01,1.971461529393855605e-01
-1.817027610972132556e-01,9.833535001368526318e-01,1.944866123082117303e-05,-2.345552262686088629e-01,-9.833535001824487143e-01,-1.817027613762277061e-01,1.368136436136686500e-05,-8.764771731323397486e-01,1.698749298210871302e-05,-1.663896741515334549e-05,9.999999997172850374e-01,1.971929342922966177e-01
-1.789665895477083601e-01,9.838551516531357510e-01,1.977997659433947296e-05,-2.425888666257988158e-01,-9.838551516915439166e-01,-1.789665898454201043e-01,1.446062520186065358e-05,-9.133789050620604311e-01,1.776711555928695688e-05,-1.687266309757442864e-05,9.999999996998215623e-01,1.971965576029390543e-01
-1.602439030317385771e-01,9.870774494109577635e-01,2.013735539931799077e-05,-2.543829967452018725e-01,-9.870774494469819471e-01,-1.602439033488398945e-01,1.525673307908472299e-05,-9.750636356435121721e-01,1.828646560635631047e-05,-1.743233095006026617e-05,9.999999996808597302e-01,1.972015648979321412e-01
-1.438068817286834167e-01,9.896057701671271412e-01,2.047924951974074059e-05,-2.658000369544665231e-01,-9.896057702000380374e-01,-1.438068820654770652e-01,1.604353207725746583e-05,-1.042794275394297143e+00,1.882182893799024185e-05,-1.795921317415731739e-05,9.999999996616029119e-01,1.972069262433061021e-01
-1.328494280263938510e-01,9.911362313224241216e-01,2.080966655701455342e-05,-2.753789947542256700e-01,-9.911362313502453114e-01,-1.328494283833568101e-01,1.682402110692198636e-05,-1.104773087845853263e+00,1.943944918255124276e-05,-1.839015290581610298e-05,9.999999996419551840e-01,1.972119955675094016e-01
-1.224871298680848819e-01,9.924701016008222743e-01,2.109816194159461520e-05,-2.827572981638142857e-01,-9.924701016220007777e-01,-1.224871302453896804e-01,1.762565875528033748e-05,-1.152897165191540507e+00,2.007719264531295170e-05,-1.878037857324329316e-05,9.999999996221019538e-01,1.972163222672643768e-01
-1.227019269783073269e-01,9.924435685019336040e-01,2.132974358984639993e-05,-2.906849361774513918e-01,-9.924435685105102989e-01,-1.227019273758784418e-01,1.844906769223800716e-05,-1.214290946692642592e+00,2.092685922492589152e-05,-1.890483068693053130e-05,9.999999996023370974e-01,1.972449009870701209e-01
-1.112715789387861559e-01,9.937900357981264143e-01,2.165243602874306837e-05,-2.974347013921912475e-01,-9.937900358009280621e-01,-1.112715793581568191e-01,1.923358861793339692e-05,-1.261104728995277924e+00,2.152344947501219944e-05,-1.937782340200538647e-05,9.999999995806206909e-01,1.972492211327764311e-01
-8.334780240895026115e-02,9.965205182792060690e-01,2.195771001147568593e-05,-3.036867529951716160e-01,-9.965205182818432927e-01,-8.334780285156470625e-02,2.007741103733067526e-05,-1.308472820966944727e+00,2.183767893773375275e-05,-2.020790047289548251e-05,9.999999995573785050e-01,1.972535977409259345e-01
-7.291998388314968604e-02,9.973377940570271605e-01,2.226979701865506033e-05,-3.081720280955873026e-01,-9.973377940535185227e-01,-7.291998434863650180e-02,2.085797346916095006e-05,-1.348534656375526053e+00,2.242635849828064756e-05,-2.068954714339871142e-05,9.999999995345006942e-01,1.972575563573831792e-01
-6.174374229370171996e-02,9.980920347243811275e-01,2.252362318564928500e-05,-3.127451224601258684e-01,-9.980920347126021053e-01,-6.174374278245285674e-02,2.169035095405692703e-05,-1.399237259665787381e+00,2.303965931412424559e-05,-2.114140545489742571e-05,9.999999995111077400e-01,1.972621609037464585e-01
-1.021898735866359764e-02,9.999477845270564602e-01,2.273312276854494424e-05,-3.168385827909204200e-01,-9.999477845243265328e-01,-1.021898787292597685e-02,2.262174119273576342e-05,-1.452406254701533728e+00,2.285286949370609721e-05,-2.250076446044654225e-05,9.999999994857312613e-01,1.972669403296452295e-01
1.060778246244490353e-01,9.943578302591937756e-01,2.291664847787418087e-05,-3.182419169606687248e-01,-9.943578302964084514e-01,1.060778240797724259e-01,2.380585836995286153e-05,-1.501988853081523745e+00,2.124059347047009037e-05,-2.531262252732682490e-05,9.999999994540543780e-01,1.972714910497828933e-01
2.479184123427102815e-01,9.687809144981437415e-01,2.292618251225240911e-05,-3.167511071577609472e-01,-9.687809145888621742e-01,2.479184117701912493e-01,2.517364935239169274e-05,-1.529625074768914184e+00,1.870392828447449291e-05,-2.845145924256815031e-05,9.999999994203390141e-01,1.972747058456724711e-01
3.839544325408110748e-01,9.233520418659242335e-01,2.267800647274885944e-05,-3.116338132183161802e-01,-9.233520420089611491e-01,3.839544319479867296e-01,2.655897962848034429e-05,-1.555590504373860039e+00,1.581596697687576888e-05,-3.113722153742127130e-05,9.999999993901645956e-01,1.972777886190203445e-01
5.277378274057874519e-01,8.494073139690092589e-01,2.238239873244991706e-05,-2.899374618349751520e-01,-8.494073141801946614e-01,5.277378268006163164e-01,2.794547564630509565e-05,-1.609541450432049547e+00,1.192505294066639422e-05,-3.375965779564292003e-05,9.999999993590394931e-01,1.972824406251256768e-01
6.198289835680712567e-01,7.847369181094192570e-01,2.202503196566408383e-05,-2.523206652324654908e-01,-7.847369183655038549e-01,6.198289829558712993e-01,2.901898321186813221e-05,-1.670725440767080849e+00,9.120514289502254773e-06,-3.527066258002814215e-05,9.999999993363984929e-01,1.972875217518289814e-01
6.535099514661792952e-01,7.569179234673114598e-01,2.164728788934724692e-05,-2.091595618000293144e-01,-7.569179237295440288e-01,6.535099508382924416e-01,2.987117692190945420e-05,-1.725982932721695340e+00,8.463311162906698344e-06,-3.590633158405518062e-05,9.999999993195539671e-01,1.972923252415960949e-01
7.042192993767312226e-01,7.099825194570227316e-01,2.123214637212900952e-05,-1.650311614679560168e-01,-7.099825197412363842e-01,7.042192987393677273e-01,3.073949359526908706e-05,-1.782651661898130513e+00,6.872415880689854605e-06,-3.672179742365488199e-05,9.999999993021397859e-01,2.201129282535398690e-01
7.839729780548976290e-01,6.207949494421177716e-01,2.066139608361664036e-05,-1.110587386290521617e-01,-6.207949497759882584e-01,7.839729774196133594e-01,3.175615253382588064e-05,-1.837364668304455328e+00,3.516082901393731206e-06,-3.772245581753971437e-05,9.999999992823267458e-01,2.201178621608758657e-01
8.491581580652836081e-01,5.281386391802340707e-01,1.990038272792270073e-05,-5.942064900639472402e-02,-5.281386395550400348e-01,8.491581574369462260e-01,3.266864973073216072e-05,-1.878863738646413983e+00,3.550038831117158565e-07,-3.825101149237821965e-05,9.999999992683670236e-01,2.201221216131623026e-01
9.076704654401488437e-01,4.196836020276093482e-01,1.888900967461540931e-05,-1.240742042417236624e-02,-4.196836024411322308e-01,9.076704648297831968e-01,3.343228556715541352e-05,-1.908975052762334368e+00,-3.114014160693024013e-06,-3.827290582825597283e-05,9.999999992627437440e-01,2.201257956468040677e-01
9.381854348867887383e-01,3.461330516413146929e-01,1.810407854483352458e-05,5.437787917078053257e-02,-3.461330520759453022e-01,9.381854342816645653e-01,3.409273035321446198e-05,-1.940173854148757204e+00,-5.184361995911432188e-06,-3.825172301465445734e-05,9.999999992549638561e-01,2.201298598695503317e-01
9.475669542057512107e-01,3.195572984548674667e-01,1.736266299215762120e-05,1.207929910451236710e-01,-3.195572988809959880e-01,9.475669535894610807e-01,3.459868189540439608e-05,-1.968547906475470510e+00,-5.396024361084536692e-06,-3.833293331031698866e-05,9.999999992507343505e-01,2.429788232818632931e-01
9.451183636536648613e-01,3.267281414301252407e-01,1.679984264565417040e-05,1.905132843468346771e-01,-3.267281418321333342e-01,9.451183630134447622e-01,3.506717689633251752e-05,-1.992366891197856482e+00,-4.420406247604001790e-06,-3.863161421690226405e-05,9.999999992440289365e-01,2.429827182013758191e-01
9.291522479190013062e-01,3.696973085026150629e-01,1.652237058389838527e-05,2.496279525570258007e-01,-3.696973088650907235e-01,9.291522472438360492e-01,3.549138256671534986e-05,-2.013401359701058713e+00,-2.230729147873357931e-06,-3.908517383455584963e-05,9.999999992336863208e-01,2.429863426299081475e-01
8.891428019377161096e-01,4.576298476749679489e-01,1.671324273219260590e-05,3.012624581959530978e-01,-4.576298479774126848e-01,8.891428012127911007e-01,3.593939894222256885e-05,-2.034741105180259080e+00,1.586482203208149135e-06,-3.960373660618813447e-05,9.999999992145133243e-01,2.429898743053012788e-01
8.147592882365809475e-01,5.797993635157492331e-01,1.729021225023703141e-05,3.383203191166638257e-01,-5.797993637317240267e-01,8.147592874572993082e-01,3.630924093928780227e-05,-2.055030973319227350e+00,6.964713773350459335e-06,-3.960814536557862134e-05,9.999999991913435249e-01,2.429931111263323451e-01
7.089657377941439576e-01,7.052429243230733391e-01,1.806223372533924420e-05,3.672512519974481804e-01,-7.052429244351994253e-01,7.089657369709877477e-01,3.654135773010439031e-05,-2.077127350289856622e+00,1.296502913988700644e-05,-3.864483317741360883e-05,9.999999991692422041e-01,2.429963253299491921e-01
5.937934670968683104e-01,8.046174979957507745e-01,1.876533448728539419e-05,3.922439380341123938e-01,-8.046174980047702263e-01,5.937934662479587011e-01,3.668483119040042605e-05,-2.103719261598214096e+00,1.837452407630893461e-05,-3.688212958679347507e-05,9.999999991510424291e-01,2.429997610196726610e-01
5.002112363914203996e-01,8.659034118272882496e-01,1.932945052393045929e-05,4.225380257986306454e-01,-8.659034117563936261e-01,5.002112355268274468e-01,3.689662719204798573e-05,-2.146170911330441911e+00,2.228010704188393898e-05,-3.519354466245548418e-05,9.999999991325053683e-01,2.430042407219852041e-01
4.223204961481518138e-01,9.064465776552904641e-01,1.975322743541146545e-05,4.494065779813359307e-01,-9.064465775161352212e-01,4.223204952733976003e-01,3.716606265084585858e-05,-2.194201310254294768e+00,2.534685750101034083e-05,-3.360123542230512351e-05,9.999999991142467515e-01,2.430090902587657142e-01
3.772247721099354911e-01,9.261217365523648493e-01,1.979492005043509339e-05,4.680515570736465958e-01,-9.261217363584250961e-01,3.772247712261133645e-01,3.765449965676278502e-05,-2.236541986972878426e+00,2.740551642366703631e-05,-3.253671578012119747e-05,9.999999990951496942e-01,2.430135701180329011e-01
3.769593071838472365e-01,9.262298204781823641e-01,1.960682410594409840e-05,4.857919284369233148e-01,-9.262298202549809067e-01,3.769593062785210891e-01,3.847650009053063406e-05,-2.282495918254695333e+00,2.824710695817932892e-05,-3.266449998440534966e-05,9.999999990675655370e-01,2.430183338896661494e-01
3.915747571046686581e-01,9.201462977275384203e-01,1.940936597078020379e-05,4.974795248971776163e-01,-9.201462974877053780e-01,3.915747561726876658e-01,3.934420681919669166e-05,-2.314622439524992359e+00,2.860220849423573269e-05,-3.326565446330012360e-05,9.999999990376546855e-01,2.430221714303723302e-01
4.001268160323901979e-01,9.164597812880311833e-01,1.932033115324618689e-05,5.113398471257909472e-01,-9.164597810299297542e-01,4.001268150726627337e-01,4.017933960386625784e-05,-2.350215727207470184e+00,2.909216621515930387e-05,-3.378313768410891749e-05,9.999999990061724242e-01,2.430262808330622137e-01
4.040995816262317186e-01,9.147149981068540825e-01,1.918024778845597890e-05,5.243749200440418479e-01,-9.147149978235336043e-01,4.040995806409790059e-01,4.101800784738570440e-05,-2.383202240205650302e+00,2.976905688256326104e-05,-3.411982012434245753e-05,9.999999989748202811e-01,2.430302320982704878e-01
4.067942150510182597e-01,9.135198225759706414e-01,1.902084281833882606e-05,5.359923278597955587e-01,-9.135198222649915101e-01,4.067942140411112129e-01,4.185226690576531676e-05,-2.412826750513391350e+00,3.049530663347129494e-05,-3.440117701477579416e-05,9.999999989432973857e-01,2.430339679881704240e-01
4.190109970262577699e-01,9.079811584018826487e-01,1.892712771180321324e-05,5.504577623382927998e-01,-9.079811580752409350e-01,4.190109959853178800e-01,4.270521882580611346e-05,-2.448219142242510138e+00,3.084485942559739768e-05,-3.507943165722665998e-05,9.999999989090138097e-01,2.430381535134854276e-01
4.613993765894723875e-01,8.871925467066232862e-01,1.873664728333862767e-05,5.765870430096975419e-01,-8.871925463955429025e-01,4.613993755065647906e-01,4.361586885638193051e-05,-2.506142274480041898e+00,3.005059641189641043e-05,-3.674734851396319822e-05,9.999999988732968248e-01,2.430440418305411521e-01
5.507613638252811805e-01,8.346627581103688298e-01,1.846369355245091909e-05,6.062570370723855406e-01,-8.346627578738321507e-01,5.507613626807916773e-01,4.468160334393418167e-05,-2.564280707280886418e+00,2.712498126277319827e-05,-4.001985817663147345e-05,9.999999988313230670e-01,2.430499943704632071e-01
6.568482257983584427e-01,7.540228165947401306e-01,1.789087653719659550e-05,6.197385116204455757e-01,-7.540228164616006312e-01,6.568482245944176068e-01,4.585276902527786637e-05,-2.587385190134917856e+00,2.282244355921258955e-05,-4.360843909773949850e-05,9.999999987887199238e-01,2.430533347491216078e-01
7.571187758166517678e-01,6.532772451342910847e-01,1.719435307934667938e-05,6.249607368010715591e-01,-6.532772451212423004e-01,7.571187745645896472e-01,4.699589320611601749e-05,-2.596257546230795743e+00,1.768318011345099901e-05,-4.681415274394227333e-05,9.999999987478699337e-01,2.430555960092465606e-01
8.534194951974999332e-01,5.212246779994972323e-01,1.616058508562477988e-05,6.404092876612286211e-01,-5.212246781279129548e-01,8.534194939162099702e-01,4.810668577790307528e-05,-2.611696049413746668e+00,1.128263345904678302e-05,-4.947847925181638314e-05,9.999999987122909495e-01,2.430584319634679080e-01
9.248443846399598822e-01,3.803457163874459646e-01,1.502179587192979723e-05,6.596392296361628382e-01,-3.803457166543814383e-01,9.248443833527665303e-01,4.902556312113870744e-05,-2.625261396651967782e+00,4.753839386581408133e-06,-5.105449247274207317e-05,9.999999986854196665e-01,2.430612122242262474e-01
9.774004892262302402e-01,2.113960346708403937e-01,1.362976035818139371e-05,6.782280003745614350e-01,-2.113960350917158670e-01,9.774004879624063058e-01,4.978304808265514081e-05,-2.634660073836237348e+00,-2.797795466396084454e-06,-5.153925285012994200e-05,9.999999986679386499e-01,2.430637325128884030e-01
9.991399102160688495e-01,4.146612673061286780e-02,1.214027971019450918e-05,7.038864667369859607e-01,-4.146612729084376420e-02,9.991399090029426944e-01,5.025028059802718971e-05,-2.641719776317018376e+00,-1.004615346138738301e-05,-5.071047122885459643e-05,9.999999986637613247e-01,2.430662861124338880e-01
9.944321522093685362e-01,-1.053788144450911735e-01,1.088073363936675131e-05,7.494083043379401454e-01,1.053788137685909565e-01,9.944321510521816343e-01,5.062070251943453895e-05,-2.644606925034247880e+00,-1.615450097589699510e-05,-4.919225534890307960e-05,9.999999986595770052e-01,2.430691291528174203e-01
9.848446014128973136e-01,-1.734390699069678354e-01,9.883186804844430517e-06,8.228843350533774359e-01,1.734390691982661825e-01,9.848446002801135579e-01,5.074191706044569005e-05,-2.636619555925369340e+00,-1.853403405857094807e-05,-4.825877236217617335e-05,9.999999986637901905e-01,2.430572900862022212e-01
9.812015366757095292e-01,-1.929858656586790899e-01,9.010910420643782827e-06,8.846554114789325629e-01,1.929858649681488458e-01,9.812015355372989411e-01,5.081084464521678183e-05,-2.626318615452690075e+00,-1.864729398003058883e-05,-4.811670050399905699e-05,9.999999986685307318e-01,2.430600323699886878e-01
9.815072323624298711e-01,-1.914250577976658874e-01,8.209963229933356276e-06,9.490153831160301756e-01,1.914250571467506490e-01,9.815072312061341453e-01,5.085696873468218906e-05,-2.614165957786016570e+00,-1.779343645756672367e-05,-4.834488994865786824e-05,9.999999986730825352e-01,2.430628159259820009e-01
9.927679230744834715e-01,-1.200493683887320640e-01,7.990176954592117752e-06,1.011471898776596934e+00,1.200493678272579190e-01,9.927679218476056500e-01,5.132895497491814782e-05,-2.602541147434457525e+00,-1.409439999519767566e-05,-4.999852433180650011e-05,9.999999986507476235e-01,2.430656206648575679e-01
9.994492311977406507e-01,-3.318484888695231311e-02,7.911704180678495746e-06,1.072798752970212322e+00,3.318484843322657557e-02,9.994492298983019829e-01,5.186669933884174752e-05,-2.598791043351554642e+00,-9.628535230386785221e-06,-5.157558407488545531e-05,9.999999986236250971e-01,2.651196886655805551e-01
9.983899752641858250e-01,5.672263418713593963e-02,7.927833476361225275e-06,1.131542559457193065e+00,-5.672263452603917150e-02,9.983899738987176420e-01,5.244942993222994596e-05,-2.597506965089765529e+00,-4.939999630167995286e-06,-5.281467265352269132e-05,9.999999985931032898e-01,2.651228907754509811e-01
9.956790982580632221e-01,9.286082723826423468e-02,7.525634784997894987e-06,1.199902658793410959e+00,-9.286082750721491585e-02,9.956790968588905555e-01,5.284826044805286742e-05,-2.605030488345175588e+00,-2.585584062707152934e-06,-5.331874498107658401e-05,9.999999985752130449e-01,2.877178007282319427e-01
9.964570034433632983e-01,8.410374690444696877e-02,6.730950548635778893e-06,1.273747597407940191e+00,-8.410374714401031015e-02,9.964570020291382280e-01,5.313602852405448424e-05,-2.612196242164372073e+00,-2.238163710005466628e-06,-5.351386592094176282e-05,9.999999985656283785e-01,2.877219239518464811e-01
9.993516970331721705e-01,3.600257773179157267e-02,5.795272155909721982e-06,1.340932592342155338e+00,-3.600257799010272985e-02,9.993516956171212273e-01,5.334088752734832757e-05,-2.621514285829996904e+00,-3.871105606084991592e-06,-5.351495120947817764e-05,9.999999985605821928e-01,3.102474133785652066e-01
9.970307296245097817e-01,-7.700470221029916129e-02,4.681967591119602838e-06,1.412750067440236457e+00,7.700470185003382984e-02,9.970307282208265010e-01,5.363240386528157403e-05,-2.624437554266252359e+00,-8.798012845348826156e-06,-5.311262123889242342e-05,9.999999985508221112e-01,3.102513683625027219e-01
9.744847131200466972e-01,-2.244538791906097175e-01,3.409880283110127735e-06,1.480341558876545394e+00,2.244538786869736124e-01,9.744847117521119317e-01,5.388669419196546599e-05,-2.619657888193543283e+00,-1.541795375294056865e-05,-5.174639887524288927e-05,9.999999985422983739e-01,3.102548596443430728e-01
9.348886012882969831e-01,-3.549412672213415609e-01,2.126023056415566907e-06,1.538814643138591176e+00,3.549412666016646400e-01,9.348885999783282941e-01,5.379373928144282388e-05,-2.606844716433252884e+00,-2.108121270786381468e-05,-4.953654035842694362e-05,9.999999985508567502e-01,3.102577437710284936e-01
8.836987917227557832e-01,-4.680560281706949155e-01,9.029783611607149066e-07,1.589644239206324361e+00,4.680560274599480097e-01,8.836987904839455066e-01,5.343803278836945772e-05,-2.588385142163674768e+00,-2.580995426577051857e-05,-4.680048054251594150e-05,9.999999985717806794e-01,3.102602042705895347e-01
8.204084640638116266e-01,-5.717778870264134117e-01,-2.608807346380404383e-07,1.637145661765726512e+00,5.717778862355841207e-01,8.204084629049315236e-01,5.297107128277586343e-05,-2.564133982756851005e+00,-3.007365844908525227e-05,-4.360708106592776521e-05,9.999999985969988403e-01,3.102623996936113016e-01
7.531446729510018478e-01,-6.578549244353601999e-01,-1.294412206087020846e-06,1.698079864336721201e+00,6.578549235797681582e-01,7.531446718681358288e-01,5.252137629587431679e-05,-2.526093162974365036e+00,-3.357656637814804051e-05,-4.040773021620887128e-05,9.999999986199148427e-01,3.330809291558485263e-01
7.322512620939073402e-01,-6.810345726594215776e-01,-2.116455745374862753e-06,1.756075723322972904e+00,6.810345718158491435e-01,7.322512610248428366e-01,5.214527865757425220e-05,-2.480255363719933381e+00,-3.396296017831356491e-05,-3.962482564156581612e-05,9.999999986381952199e-01,3.560530469349880711e-01
7.244104752673471426e-01,-6.893688876898014239e-01,-2.874526484833142986e-06,1.812347859555272001e+00,6.893688868739148434e-01,7.244104741937786862e-01,5.185136336787692074e-05,-2.428213659571611949e+00,-3.366237959615251578e-05,-3.954327990372265392e-05,9.999999986515866190e-01,3.560548427416466155e-01
7.182220423546623600e-01,-6.958139822271531827e-01,-3.617896514648154665e-06,1.866819237169217160e+00,6.958139814443058402e-01,7.182220412790665254e-01,5.145438444247618409e-05,-2.376733960270196899e+00,-3.320422712207924374e-05,-3.947305606068802640e-05,9.999999986696785914e-01,3.560566580731965303e-01
7.153195131127728645e-01,-6.987975344411530010e-01,-4.367152517053065666e-06,1.924102033535962208e+00,6.987975336938971882e-01,7.153195120282692665e-01,5.113673082790036684e-05,-2.326290595503264669e+00,-3.261031201446627374e-05,-3.963085680617438853e-05,9.999999986829815057e-01,3.792058239822090338e-01
7.134815089592964066e-01,-7.006740585658777221e-01,-5.097784055459251097e-06,1.983821748401003005e+00,7.006740578551996501e-01,7.134815078659265675e-01,5.081428872543584452e-05,-2.267017701989270773e+00,-3.196707925972552643e-05,-3.982694043672549764e-05,9.999999986959604570e-01,3.791600707255029512e-01
7.079488283983741415e-01,-7.062637300154850362e-01,-5.829635028380662177e-06,2.039274828728641520e+00,7.062637293373978942e-01,7.079488273023744060e-01,5.043434877454453565e-05,-2.212831117173443829e+00,-3.149286800446881413e-05,-3.982219790179382867e-05,9.999999987111960476e-01,3.791620228678638793e-01
7.034094404780566467e-01,-7.107848894027369857e-01,-6.564110022486289775e-06,2.096528068701300374e+00,7.107848887591391440e-01,7.034094393790004673e-01,5.004176766620241319e-05,-2.155872578703556641e+00,-3.095167534519999917e-05,-3.986552200675201125e-05,9.999999987263670231e-01,3.791640253992098475e-01
7.014172923493918743e-01,-7.127508554467424373e-01,-7.292875272507517752e-06,2.156979329470214424e+00,7.127508548406104039e-01,7.014172912446915431e-01,4.966828563141441447e-05,-2.093670677259187318e+00,-3.028576425333617258e-05,-4.003619750794857528e-05,9.999999987399377233e-01,3.791101184963387438e-01
6.970566409632781291e-01,-7.170160662247117012e-01,-8.039456356650270935e-06,2.209322463772937173e+00,7.170160656517351461e-01,6.970566398530769758e-01,4.933603524575269698e-05,-2.040871808901255857e+00,-2.977077348082124333e-05,-4.015443037367446481e-05,9.999999987506614785e-01,3.791121837657570603e-01
6.926334161232211573e-01,-7.212897828145466983e-01,-8.764816341845145135e-06,2.258473494237703605e+00,7.212897822751747068e-01,6.926334150104157539e-01,4.895345038401957940e-05,-1.990858434939567934e+00,-2.923881892072088468e-05,-4.022876804139345923e-05,9.999999987633688692e-01,3.791142622827894382e-01
6.876058723733897704e-01,-7.260841302407097242e-01,-9.498571071592828811e-06,2.304216444929232832e+00,7.260841297341966705e-01,6.876058712583035248e-01,4.857204500121721844e-05,-1.943938471637952192e+00,-2.873611781132993326e-05,-4.029518508625739589e-05,9.999999987752667963e-01,3.791163484247588866e-01
6.548789859526541468e-01,-7.557337584440934064e-01,-1.027566513601365871e-05,2.359821019357708938e+00,7.557337579345402290e-01,6.548789848575969907e-01,4.806267906623431629e-05,-1.885385826730969994e+00,-2.959327193860830234e-05,-3.924090555757992149e-05,9.999999987921948108e-01,3.791185735617837449e-01
5.743813480475296052e-01,-8.185878492197757872e-01,-1.117342552680189635e-05,2.406214438067411088e+00,8.185878486530013820e-01,5.743813470017974376e-01,4.747685499900647404e-05,-1.832416527549558083e+00,-3.244616941664714112e-05,-3.641625033945571999e-05,9.999999988105514603e-01,3.791206659657529454e-01
5.263977689333239063e-01,-8.502384305125811892e-01,-1.189633695953218895e-05,2.431337009995494736e+00,8.502384299331897655e-01,5.263977679191668146e-01,4.684510122666809618e-05,-1.798497900425666929e+00,-3.356730012225324746e-05,-3.477387962960262389e-05,9.999999988320068534e-01,3.791224618370317434e-01
5.023721753946768231e-01,-8.646514888852214753e-01,-1.256148366179000121e-05,2.448129726627097380e+00,8.646514883211060543e-01,5.023721743952579422e-01,4.623285449311887509e-05,-1.774031521710028647e+00,-3.366476661208508655e-05,-3.408740523010166562e-05,9.999999988523661232e-01,3.791241800927920846e-01
4.776396091721551440e-01,-8.785558625246197018e-01,-1.317169645955819683e-05,2.472015571331262151e+00,8.785558619757490861e-01,4.776396081907429148e-01,4.555702370216839270e-05,-1.734893467852403504e+00,-3.373306631656231892e-05,-3.333191013286039664e-05,9.999999988755319258e-01,3.791259300152869938e-01
4.371778509450553463e-01,-8.993750755126229679e-01,-1.377418132252874082e-05,2.493792812043775786e+00,8.993750749644969789e-01,4.371778499921890604e-01,4.481978294577413746e-05,-1.697026350284033702e+00,-3.428802869532929655e-05,-3.198237174758124490e-05,9.999999989007294365e-01,3.791276714065555109e-01
3.613174577012526756e-01,-9.324428639618703718e-01,-1.438365743758407464e-05,2.513284025352364726e+00,9.324428633859813687e-01,3.613174568000485087e-01,4.395563231691669684e-05,-1.659395470534788197e+00,-3.578904916000976832e-05,-2.929387604746332708e-05,9.999999989305062842e-01,3.791293850350785921e-01
2.469339610521826267e-01,-9.690323104285164524e-01,-1.498838012222505076e-05,2.540941133122237350e+00,9.690323098035531491e-01,2.469339602290165359e-01,4.292325079855765764e-05,-1.587016178210402861e+00,-3.789287683143009760e-05,-2.512343295097751178e-05,9.999999989664714040e-01,3.791046649668289303e-01
1.195510717624529567e-01,-9.928280520829352307e-01,-1.541604395333612127e-05,2.554039392846614742e+00,9.928280514145232383e-01,1.195510710344616506e-01,4.170077055005212035e-05,-1.539253901647109402e+00,-3.955869022983001394e-05,-2.029085269129021340e-05,9.999999990116955617e-01,3.791062055315403967e-01
-5.417377787895317348e-02,-9.985315225578328402e-01,-1.576892827933941849e-05,2.560941137212768837e+00,9.985315218406375370e-01,-5.417377847495030707e-02,4.020407580897445094e-05,-1.489253194546750203e+00,-4.099929945795811691e-05,-1.356776527986068191e-05,9.999999990674864891e-01,3.791076560817914221e-01
-2.196265726406009255e-01,-9.755840139834895952e-01,-1.581158704040946245e-05,2.557744714753813930e+00,9.755840132419968391e-01,-2.196265731003028132e-01,3.866338096601762214e-05,-1.425521457761979027e+00,-4.119202107396261755e-05,-6.934025692343515525e-06,9.999999991275683175e-01,3.791263369867982069e-01
-3.673575465480813929e-01,-9.300797991273628273e-01,-1.579176024240818913e-05,2.543437973655990891e+00,9.300797983789546031e-01,-3.673575468862078086e-01,3.732440404266154172e-05,-1.359901478392319785e+00,-4.051589651821340039e-05,-9.761956868263671310e-07,9.999999991787545950e-01,3.791276157829365223e-01
-4.736248308114126560e-01,-8.807266996034605055e-01,-1.563514546037060463e-05,2.516401459525939632e+00,8.807266988670687802e-01,-4.736248310575530973e-01,3.617209040342024914e-05,-1.290701765069034446e+00,-3.926291892599062338e-05,3.361710149796400079e-06,9.999999992235609758e-01,3.791289099934156415e-01
-5.211867975064498060e-01,-8.534426295110053573e-01,-1.543738503734660888e-05,2.485070037756910821e+00,8.534426287991960791e-01,-5.211867977092109472e-01,3.524110989006318495e-05,-1.231471786713972616e+00,-3.812202676408058791e-05,5.192278736116440962e-06,9.999999992598755938e-01,3.791303140515540626e-01
-5.346052656563329286e-01,-8.451018930875950907e-01,-1.524092169781138418e-05,2.442178851350194080e+00,8.451018924047150049e-01,-5.346052658450786144e-01,3.441921811384538192e-05,-1.161102054085989987e+00,-3.723562338258806114e-05,5.520563474623093091e-06,9.999999992915158398e-01,3.791317740558683980e-01
-5.454552468190276837e-01,-8.381399486312692826e-01,-1.503222705234742764e-05,2.402677342617942191e+00,8.381399479769383598e-01,-5.454552469960214367e-01,3.361137478895203051e-05,-1.098145350280169019e+00,-3.637044305877703675e-05,5.734390731802673875e-06,9.999999993221537764e-01,3.791333101713836307e-01
-5.575107140933192040e-01,-8.301697437592475692e-01,-1.476019849051757522e-05,2.361069917273891150e+00,8.301697431330377075e-01,-5.575107142560389306e-01,3.280469197144909361e-05,-1.033814895865864614e+00,-3.546243153104830845e-05,6.035497057148332282e-06,9.999999993529943287e-01,3.791349116509672990e-01
-5.921332311336133802e-01,-8.058400811443859890e-01,-1.443874482400576861e-05,2.324444065155324868e+00,8.058400805426275681e-01,-5.921332312645840590e-01,3.198772230007559638e-05,-9.784271682671216164e-01,-3.432664936196033116e-05,7.305674070237244139e-06,9.999999993841541812e-01,3.791365682850799113e-01
-6.532286150540457248e-01,-7.571607334482842733e-01,-1.409363966514091943e-05,2.296469552510980172e+00,7.571607328730811659e-01,-6.532286151355020110e-01,3.103631872468091729e-05,-9.387957598243771296e-01,-3.270585056979290867e-05,9.602660959192034994e-06,9.999999994190581498e-01,3.791382536883658450e-01
-6.746247420218205448e-01,-7.381608613739700786e-01,-1.369786892972990779e-05,2.270676441729024830e+00,7.381608608264000893e-01,-6.746247420824598162e-01,3.023578692226319605e-05,-9.071867483290531053e-01,-3.155979581265600865e-05,1.028657923160191480e-05,9.999999994490827993e-01,3.791399827640855591e-01
-6.745905475735398671e-01,-7.381921111392260038e-01,-1.327573893802289807e-05,2.258242976739213592e+00,7.381921106191300375e-01,-6.745905476286390146e-01,2.949181689139718712e-05,-8.911573900900294776e-01,-3.072631457276769982e-05,1.009485515901851040e-05,9.999999994769938061e-01,3.791416464842479184e-01
-6.977830793068184878e-01,-7.163091330335804585e-01,-1.287539346211193096e-05,2.240220047252265978e+00,7.163091325403944110e-01,-6.977830793420790600e-01,2.868996132067521660e-05,-8.693110921043880612e-01,-2.953511301811316946e-05,1.079660763357260459e-05,9.999999995055552926e-01,3.791433777195137300e-01
-7.422895428725968525e-01,-6.700792747039783226e-01,-1.241704124913773846e-05,2.189009342921258483e+00,6.700792742397851942e-01,-7.422895428739892942e-01,2.782458169862680761e-05,-8.169822779039865868e-01,-2.786171539622737153e-05,1.233349404126722496e-05,9.999999995358050953e-01,3.791327669855429350e-01
-7.482245309532301603e-01,-6.634455901865087268e-01,-1.191197374574915362e-05,2.168661816377123408e+00,6.634455897477673503e-01,-7.482245309454319537e-01,2.712427477742080761e-05,-7.966977014749713204e-01,-2.690831145663445011e-05,1.239210132597375072e-05,9.999999995611895676e-01,3.791345798053979976e-01
