9.999993060261236355e-01,-1.178111453508068687e-03,-8.211140757129088640e-07,2.526485919952392578e-02,1.178111453674888804e-03,9.999993060264400491e-01,2.027091420620510176e-07,-1.508933259174227715e-03,8.208746919194564225e-07,-2.036763652845729517e-07,9.999999999996422861e-01,2.503909399820258841e-06
9.999946086521256383e-01,-3.283696689855684307e-03,-1.652554523181261405e-06,4.827232991138981355e-02,3.283696690493145311e-03,9.999946086534157175e-01,3.831772958069268392e-07,-3.047625052016694758e-03,1.651287375669208139e-06,-3.886017177834573082e-07,9.999999999985610399e-01,4.944075183538936672e-06
9.999951193726578369e-01,-3.124295873410260372e-03,-2.481750187602767215e-06,8.054220282178546630e-02,3.124295874785991065e-03,9.999951193755816092e-01,5.506554770711606537e-07,-4.274394683723480547e-03,2.480017664477516616e-06,-5.584065114003596831e-07,9.999999999967688069e-01,7.758819223215415834e-06
9.999956168555133029e-01,-2.960786861414058113e-03,-3.304952274558619500e-06,1.101206493678910520e-01,2.960786863824375718e-03,9.999956168607051499e-01,7.246504842356134135e-07,-5.582458817368765765e-03,3.302792252859594671e-06,-7.344325672679180966e-07,9.999999999942760232e-01,1.049507456728808974e-05
9.999961675983288778e-01,-2.768532386452670409e-03,-4.132839810386086770e-06,1.681856261028605859e-01,2.768532390137671932e-03,9.999961676064662575e-01,8.861844751258959814e-07,-5.933780983578515120e-03,4.130370541297763478e-06,-8.976229797893364711e-07,9.999999999910671455e-01,5.015544492963496122e-05
9.999900281953835179e-01,-4.465812937997661741e-03,-4.959735564512160982e-06,2.103234966256093685e-01,4.465812943252906765e-03,9.999900282071094715e-01,1.049012784491750306e-06,-6.901447438168550712e-03,4.955001412191211368e-06,-1.071151575220332965e-06,9.999999999871502787e-01,5.345375410604357212e-05
9.999823699006812339e-01,-5.938000819753252828e-03,-5.837960230668711118e-06,2.330383247327279805e-01,5.938000826463205734e-03,9.999823699170410363e-01,1.132705440172721888e-06,-8.373308657072366448e-03,5.831131301113248197e-06,-1.167351283137882593e-06,9.999999999823175889e-01,5.597799264279835845e-05
9.999833020831365715e-01,-5.778884875914311325e-03,-6.670650164082437898e-06,2.634815449754652761e-01,5.778884884671488600e-03,9.999833021044974846e-01,1.294264678646847112e-06,-9.571347918259833637e-03,6.663059371686200764e-06,-1.332791986526990776e-06,9.999999999769136894e-01,5.885082966339796786e-05
9.999842983314158884e-01,-5.603841044414976935e-03,-7.494985764561766493e-06,3.021498346159363080e-01,5.603841055527661492e-03,9.999842983583719924e-01,1.462504477339323319e-06,-1.300475657383122312e-02,7.486672438363527913e-06,-1.504482222516763627e-06,9.999999999708431009e-01,2.044475854645846219e-02
9.999854129120785418e-01,-5.401286262511093526e-03,-8.352858192293132757e-06,3.330925531016261654e-01,5.401286275913358935e-03,9.999854129456391405e-01,1.582787370282765051e-06,-1.419758296916403054e-02,8.344187261017026142e-06,-1.627880460342916806e-06,9.999999999638623516e-01,2.044770431667926325e-02
9.999861718303491021e-01,-5.258903312197766439e-03,-9.167144996625961617e-06,3.981337230373718783e-01,5.258903328649290609e-03,9.999861718707123703e-01,1.771437935391762438e-06,-1.405099978222450023e-02,9.157702411333962185e-06,-1.819622568984432526e-06,9.999999999564127551e-01,2.046565250269005362e-02
9.999530220914428780e-01,-9.692961865052841797e-03,-1.002362118657549243e-05,4.292863273633065191e-01,9.692961884463295943e-03,9.999530221397080476e-01,1.889707289446975009e-06,-1.524809990512780364e-02,1.000483343760704434e-05,-1.986777093056506412e-06,9.999999999479779467e-01,2.046866003625660152e-02
9.999546264520358108e-01,-9.526012778615845777e-03,-1.084947791293890084e-05,4.624574630314067236e-01,9.526012801457114584e-03,9.999546265085637042e-01,2.055559356315807140e-06,-1.623683792023956907e-02,1.082940434955025762e-05,-2.158818353782541935e-06,9.999999999390316585e-01,2.047178818085789581e-02
9.999563698769367015e-01,-9.341210104595388738e-03,-1.167565472992209730e-05,4.940904237924709230e-01,9.341210131091360822e-03,9.999563699423952290e-01,2.216865201737257669e-06,-1.728448941785275944e-02,1.165443711681065725e-05,-2.325833223885963595e-06,9.999999999293822661e-01,2.047487083258599933e-02
9.999578234069584903e-01,-9.184293708557011299e-03,-1.250172743058995237e-05,5.262419116470373748e-01,9.184293739064638973e-03,9.999578234819836986e-01,2.385053125701491874e-06,-1.832008127656574795e-02,1.247929512284078098e-05,-2.499772069254685851e-06,9.999999999190092304e-01,2.047800486541002246e-02
9.999592763455609212e-01,-9.024714553776458370e-03,-1.332987279275867178e-05,5.588949854188469679e-01,9.024714588540257848e-03,9.999592764308417037e-01,2.550117857362439710e-06,-1.934347727159821742e-02,1.330631586702093361e-05,-2.670312304700231371e-06,9.999999999079057789e-01,2.048119030029457027e-02
9.999608741076427831e-01,-8.845906027486244785e-03,-1.415741323676750113e-05,5.924232307945199727e-01,8.845906066726010736e-03,9.999608742038395004e-01,2.711461619153271887e-06,-2.034214592755162823e-02,1.413287398202286618e-05,-2.836590678438097658e-06,9.999999998961079939e-01,2.048444669501085433e-02
9.999623912181629937e-01,-8.672711491757287283e-03,-1.498781544869153466e-05,6.336869699855542937e-01,8.672711535719305337e-03,9.999623913259826358e-01,2.870683539517560001e-06,-2.363216236724383773e-02,1.496235516670371189e-05,-3.000560576543697156e-06,9.999999998835624737e-01,4.106090963417191597e-02
9.999639789445230464e-01,-8.487671257606107036e-03,-1.581330103808286822e-05,6.684512373354706272e-01,8.487671306593475018e-03,9.999639790645412640e-01,3.033328006903216203e-06,-2.460078226805736262e-02,1.578698553724769462e-05,-3.167436844710259340e-06,9.999999998703693604e-01,4.106428578155764397e-02
9.999652647887470325e-01,-8.334802893850806402e-03,-1.663405127579461185e-05,7.003153666146554324e-01,8.334802948348374318e-03,9.999652649214924027e-01,3.209637193689632065e-06,-2.567346082505847504e-02,1.660672179734746387e-05,-3.348167245880133786e-06,9.999999998565034520e-01,4.106753873921762527e-02
9.999667839607416786e-01,-8.150501240089282756e-03,-1.745699240854837875e-05,7.350402582655657380e-01,8.150501300214772413e-03,9.999667841069316276e-01,3.375837726055045060e-06,-2.665513697193613168e-02,1.742889778938268571e-05,-3.518008833420319126e-06,9.999999998419286662e-01,4.107097039821314133e-02
9.999682539092517031e-01,-7.968113915815738107e-03,-1.828405826192429007e-05,7.683734497398272412e-01,7.968113981775031690e-03,9.999682540696277488e-01,3.537469995585453622e-06,-2.768958798762847714e-02,1.825529085358517452e-05,-3.683047155022382202e-06,9.999999998265898249e-01,4.107435557793188974e-02
9.999696398142838838e-01,-7.792245151555724295e-03,-1.910992583193824398e-05,8.021051069746619744e-01,7.792245223672844730e-03,9.999696399894686394e-01,3.702256678508130280e-06,-2.871690562165507207e-02,1.908049676273580525e-05,-3.851053505596465004e-06,9.999999998105520982e-01,4.107779039406908583e-02
9.999710053525877607e-01,-7.614988949910397355e-03,-1.993558125464905186e-05,8.354125920097166258e-01,7.614989028457054381e-03,9.999710055432318168e-01,3.867087170359629482e-06,-2.976413415530259135e-02,1.990555540722957660e-05,-4.018784278060679215e-06,9.999999997938091578e-01,4.108122963464308497e-02
9.999584614638191704e-01,-9.114544146805909908e-03,-2.078238010573587639e-05,8.735799197452560616e-01,9.114544231720705589e-03,9.999584616710281981e-01,3.994857879423354540e-06,-3.065790247684167108e-02,2.074510553189200072e-05,-4.184113861588956070e-06,9.999999997760669057e-01,4.108497131519484730e-02
9.999460732188710788e-01,-1.038509446582964318e-02,-2.161239288454777703e-05,9.164781805544272020e-01,1.038509455756425094e-02,9.999460734429225228e-01,4.136648294047785767e-06,-3.133224479808935370e-02,2.156826791930370029e-05,-4.360871961641884399e-06,9.999999997578963296e-01,4.108901657058427331e-02
9.999480032909281446e-01,-1.019755907674775065e-02,-2.243572733305296849e-05,9.708770482801731827e-01,1.019755917569581914e-02,9.999480035323663474e-01,4.300321633755034320e-06,-3.145804472832666732e-02,2.239070797057361546e-05,-4.528887688310713048e-06,9.999999997390727202e-01,4.114126296001335142e-02
9.999498237753121632e-01,-1.001745431978843213e-02,-2.325237377613728973e-05,1.006180644749425257e+00,1.001745442642784818e-02,9.999498240345839895e-01,4.474245134514745214e-06,-3.235462240179425020e-02,2.320638651958431147e-05,-4.706950228394289044e-06,9.999999997196542534e-01,4.114493095894623115e-02
9.999516344744167062e-01,-9.835046131053846660e-03,-2.407368638892075930e-05,1.040063705309306030e+00,9.835046245539918325e-03,9.999516347523017545e-01,4.641894743788682188e-06,-3.330755022787618147e-02,2.402686881017488565e-05,-4.878436055045357540e-06,9.999999996994554108e-01,4.114854300068593318e-02
9.999529712487139621e-01,-9.698178659978289040e-03,-2.493085854328445960e-05,1.076654158049015431e+00,9.698178781395404985e-03,9.999529715470245606e-01,4.753880943087637770e-06,-3.417185757130056234e-02,2.488358209686148453e-05,-4.995441297329574428e-06,9.999999996779267430e-01,4.115234723455103716e-02
9.999257051586570855e-01,-1.218948310817168784e-02,-2.577824531457599151e-05,1.126556606077538492e+00,1.218948323784602335e-02,9.999257054774554065e-01,4.879258041528882044e-06,-3.457689396632571133e-02,2.571685449867067657e-05,-5.193119026989922824e-06,9.999999996558377457e-01,4.115700152591744015e-02
9.999074805272722966e-01,-1.360256149689669652e-02,-2.657678960088248190e-05,1.191743686199634888e+00,1.360256163634108485e-02,9.999074808657010260e-01,5.073147847323740440e-06,-3.428642723004838438e-02,2.650532293374009018e-05,-5.434190901001908706e-06,9.999999996339690167e-01,4.116265013370035142e-02
9.998860776642533033e-01,-1.509406981153360409e-02,-2.738100077902425611e-05,1.252145180876019559e+00,1.509406996076800324e-02,9.998860780231101364e-01,5.251845391028484306e-06,-3.408943570547347951e-02,2.729860976031472152e-05,-5.664537829888993734e-06,9.999999996113496659e-01,4.116804826607158713e-02
9.999608877259069661e-01,-8.844333099996447983e-03,-2.811462612739888279e-05,1.315833853331702885e+00,8.844333256469690333e-03,9.999608881049237841e-01,5.446096394090791435e-06,-3.366992266019392527e-02,2.806535942048765509e-05,-5.694538507727654976e-06,9.999999995899541139e-01,4.117370453861880775e-02
9.999196878544395206e-01,1.267347692953396145e-02,-2.869837667741000583e-05,1.380623992068541028e+00,-1.267347677053455753e-02,9.999196882519513219e-01,5.715462146528676742e-06,-3.361105489949908764e-02,2.876850663826854214e-05,-5.351294915327613066e-06,9.999999995718685808e-01,4.117948078538570533e-02
9.993014361526205702e-01,3.737163156876478071e-02,-2.927795217664273626e-05,1.457791121237621557e+00,-3.737163140971929559e-02,9.993014365696888390e-01,5.960830145722215168e-06,-3.424016973558815374e-02,2.948026561798765285e-05,-4.862501288105163421e-06,9.999999995536352770e-01,4.116075435170771235e-02
9.972553476619533397e-01,7.403898078620814449e-02,-2.972837041049828478e-05,1.536700253752833145e+00,-7.403898063133511342e-02,9.972553480967927264e-01,6.278279249160118128e-06,-3.676075721812991498e-02,3.011161377877087753e-05,-4.059989314315963698e-06,9.999999995384037943e-01,4.113650869199907828e-02
9.950167125504046917e-01,9.970827864944357966e-02,-3.023491688814953376e-05,1.601002585215757890e+00,-9.970827849349775396e-02,9.950167130033352736e-01,6.625770493442942915e-06,-4.205713224738023143e-02,3.074489179060304960e-05,-3.578080861187699135e-06,9.999999995209747361e-01,4.114239864644820416e-02
9.916308804742054450e-01,1.291053676082870860e-01,-3.073566803438508257e-05,1.654924219049205725e+00,-1.291053674541877694e-01,9.916308809462092144e-01,6.954391474942995909e-06,-4.824329362994569242e-02,3.137628683727197146e-05,-2.928049625930812639e-06,9.999999995034778433e-01,4.114763878194285796e-02
9.842115662396127007e-01,1.769960223122775955e-01,-3.107732924859504993e-05,1.705082156909220714e+00,-1.769960221694085456e-01,9.842115667287999470e-01,7.310717101416812458e-06,-5.564982876426383118e-02,3.188063475670761094e-05,-1.694728672069825461e-06,9.999999994903767675e-01,4.115266948880787201e-02
9.758961915723223246e-01,2.182352452791518627e-01,-3.150533083660836381e-05,1.757191035915987021e+00,-2.182352451467815257e-01,9.758961920807107671e-01,7.621820027034329754e-06,-6.584240635994909052e-02,3.240928215676248714e-05,-5.625315386747761606e-07,9.999999994746612275e-01,4.115788893344097393e-02
9.657453799356311430e-01,2.594915415100872425e-01,-3.190144591218555838e-05,1.804443378997185876e+00,-2.594915413883487343e-01,9.657453804623556959e-01,7.969825480854489814e-06,-7.735294597896809343e-02,3.287677631935621316e-05,5.813332352415741279e-07,9.999999994593899988e-01,4.116282696287092840e-02
9.469538144241813615e-01,3.213696817125279437e-01,-3.199189860171280762e-05,1.855209927452580398e+00,-3.213696816102682430e-01,9.469538149617929834e-01,8.427364324398351714e-06,-9.183887756652636680e-02,3.300314981937021649e-05,2.300901475209145372e-06,9.999999994527490887e-01,4.116807631526878120e-02
9.313283766438871236e-01,3.641805236638739895e-01,-3.227643414906544679e-05,1.908920226603655346e+00,-3.641805235732852308e-01,9.313283771965550351e-01,8.849763880800081708e-06,-1.108176707710138431e-01,3.328287068215201152e-05,3.512412458698068770e-06,9.999999994399568770e-01,4.117362217016031639e-02
9.008942161161731521e-01,4.340387198491298948e-01,-3.225142474968889186e-05,1.957234740852489052e+00,-4.340387197860638424e-01,9.008942166759018599e-01,9.294469093228143372e-06,-1.306024766394227044e-01,3.308928150345481821e-05,5.625033661671772894e-06,9.999999994367293477e-01,4.117884959248013094e-02
8.609859147907686916e-01,5.086287973565895015e-01,-3.211685591334109295e-05,2.003711408849416120e+00,-5.086287973255196881e-01,8.609859153530711184e-01,9.738002527380157852e-06,-1.539225220903983615e-01,3.260518910096748001e-05,7.951274782808461400e-06,9.999999994368394818e-01,4.118405049557902903e-02
8.296805355670292537e-01,5.582384865493460468e-01,-3.219166097146773458e-05,2.050169190761771620e+00,-5.582384865373452021e-01,8.296805361370059861e-01,1.019332021532097514e-05,-1.822678935980902304e-01,3.239909818386171566e-05,9.513424724381736310e-06,9.999999994298967021e-01,4.118939283081885644e-02
7.850968470891738216e-01,6.193730214249230093e-01,-3.196248262052081454e-05,2.100329705921891499e+00,-6.193730214382267008e-01,7.850968476567642407e-01,1.067206189168399837e-05,-2.167562384880538373e-01,3.170363156734110001e-05,1.141809729023715071e-05,9.999999994322535946e-01,4.119517029119473123e-02
7.348662514563769621e-01,6.782120549359025308e-01,-3.178164711763774091e-05,2.148283359659222569e+00,-6.782120549772545637e-01,7.348662520215596405e-01,1.110469595861159475e-05,-2.553462100271142177e-01,3.088659856593863089e-05,1.339422990954734548e-05,9.999999994333064190e-01,4.120095096581916083e-02
6.886196302160011440e-01,7.251227509007854843e-01,-3.173728074427675512e-05,2.187436755796322352e+00,-7.251227509656884562e-01,6.886196307824316021e-01,1.153337942283958888e-05,-2.925500935900748889e-01,3.021803036243418656e-05,1.507131284816369593e-05,9.999999994298631734e-01,4.120616756093391231e-02
6.506208659271125461e-01,7.594027178048088356e-01,-3.179502834434275865e-05,2.223211111809740181e+00,-7.594027178853688387e-01,6.506208664990794643e-01,1.201254422512846313e-05,-3.314052857898014959e-01,2.980886762407208805e-05,1.632961901419540377e-05,9.999999994223875976e-01,4.121126629951743503e-02
6.259618077894749666e-01,7.798537133141846267e-01,-3.192192744885357768e-05,2.254366848333086981e+00,-7.798537133981364722e-01,6.259618083722211512e-01,1.259027809000426260e-05,-3.691730681164965278e-01,2.980048255275926571e-05,1.701340042602306988e-05,9.999999994112378499e-01,4.121608415607318221e-02
6.221053233565591034e-01,7.829335639818203463e-01,-3.228242886159785264e-05,2.291407522622566972e+00,-7.829335640537908869e-01,6.221053239616628483e-01,1.328842175519236366e-05,-4.163354378420960344e-01,3.048702226969997434e-05,1.700819917201148155e-05,9.999999993906313334e-01,4.122163831682812418e-02
6.232950831791490565e-01,7.819867250878050902e-01,-3.272837485866735691e-05,2.326964457445220624e+00,-7.819867251436715128e-01,6.232950838105764113e-01,1.402288643529260081e-05,-4.621850586535910521e-01,3.136514619032969384e-05,1.685275850790629240e-05,9.999999993661060627e-01,4.122710187661791231e-02
6.282618717424081067e-01,7.780019404956382001e-01,-3.316242946084929373e-05,2.363349104932221945e+00,-7.780019405309297476e-01,6.282618724003758981e-01,1.476753967515310342e-05,-5.088839890500277408e-01,3.232386455003399584e-05,1.652255235591885887e-05,9.999999993410865207e-01,4.123269725285130805e-02
6.378460728460170204e-01,7.701638697224888475e-01,-3.360050772834672158e-05,2.401578133349689281e+00,-7.701638697317034765e-01,6.378460735309624541e-01,1.552483848346421889e-05,-5.571712244477522447e-01,3.338862160641412774e-05,1.597543979876714940e-05,9.999999993149926159e-01,4.123851553178989326e-02
6.439162471331713045e-01,7.650959845165520301e-01,-3.397911107985707169e-05,2.437743057447831152e+00,-7.650959845005569360e-01,6.439162478428409608e-01,1.628249503704901278e-05,-6.019304839540438046e-01,3.433737328233355093e-05,1.551271834587593338e-05,9.999999992901501544e-01,4.124411445783389418e-02
6.510739036301349536e-01,7.590143416499572915e-01,-3.437294090238010640e-05,2.475531945040385651e+00,-7.590143416071311044e-01,6.510739043646613933e-01,1.703080322819205616e-05,-6.478378242146340948e-01,3.530594873782453690e-05,1.500124356838515108e-05,9.999999992642263358e-01,4.124990523752212340e-02
6.589615097610268535e-01,7.521766597309336166e-01,-3.477761969511531390e-05,2.513718797181810238e+00,-7.521766596592854848e-01,6.589615105205400836e-01,1.778445636540332378e-05,-6.933532549698097069e-01,3.629416579066167793e-05,1.443964159634753286e-05,9.999999992371151336e-01,4.125575052907850399e-02
6.830398039204009786e-01,7.303811505043393826e-01,-3.533181463528242629e-05,2.553427596916854725e+00,-7.303811503867354560e-01,6.830398047079647705e-01,1.855408082391085979e-05,-7.396057719705767530e-01,3.768458666717982257e-05,1.313251569068112037e-05,9.999999992037044150e-01,4.126176842505191456e-02
7.326493556986247713e-01,6.806062887707797771e-01,-3.577786250640531315e-05,2.605523740016253420e+00,-6.806062885687466091e-01,7.326493565023401988e-01,1.942633492046124785e-05,-7.956336694347725391e-01,3.943431365698037535e-05,1.011794645034579599e-05,9.999999991712810177e-01,4.126903384393990071e-02
7.635300006830977315e-01,6.457723567435686984e-01,-3.636929059473791948e-05,2.666251788136575485e+00,-6.457723564785489145e-01,7.635300015066019963e-01,2.018588554997778278e-05,-8.512492327553062843e-01,4.080453138715937688e-05,8.073753283053552535e-06,9.999999991349023398e-01,4.123497600510107886e-02
7.790497352097650596e-01,6.269621270167435867e-01,-3.682709869591800010e-05,2.717206414891405686e+00,-6.269621267043101742e-01,7.790497360506363211e-01,2.092467754864791587e-05,-8.949417370436631991e-01,4.180912186160543422e-05,6.787831615118394516e-06,9.999999991029613344e-01,4.124175182184976890e-02
7.788477157052270394e-01,6.272130693338999752e-01,-3.738312176695631118e-05,2.766743472836919349e+00,-6.272130689991474162e-01,7.788477165738733055e-01,2.154841417927932446e-05,-9.394762751085634633e-01,4.263120602326088247e-05,6.664249371619661481e-06,9.999999990690839891e-01,6.368045999691722414e-02
7.762542918204128339e-01,6.304199179858305246e-01,-3.790946604775099501e-05,2.810673485496861801e+00,-6.304199176322698994e-01,7.762542927171520724e-01,2.215210808985274964e-05,-9.757661136950661618e-01,4.339251591940004334e-05,6.703213485688617607e-06,9.999999990360781688e-01,6.368655242817852780e-02
7.601432014659632586e-01,6.497555785099705661e-01,-3.821320006825015608e-05,2.855649211920940012e+00,-6.497555781576761502e-01,7.601432023887243483e-01,2.269798468180929933e-05,-1.013158987625020213e+00,4.379564644134012420e-05,7.575521160744903890e-06,9.999999990122763194e-01,6.369280939041190026e-02
7.168104157598262915e-01,6.972681165848190199e-01,-3.811146219859191464e-05,2.898793918844341455e+00,-6.972681162715822500e-01,7.168104167035941332e-01,2.315812246271560794e-05,-1.050960661147091635e+00,4.346611353297423442e-05,9.973924064851639500e-06,9.999999990056088750e-01,6.369899832753574132e-02
6.415498763927943715e-01,7.670813220768010199e-01,-3.770008530320377224e-05,2.936707148238463905e+00,-7.670813218425779345e-01,6.415498773508833130e-01,2.347997627876276778e-05,-1.088948154479067565e+00,4.219753634863347111e-05,1.385545538861348659e-05,9.999999990136970718e-01,6.370486956931679934e-02
5.514758243110697844e-01,8.341908737321201972e-01,-3.718154236444494941e-05,2.968929243545604724e+00,-8.341908735875231962e-01,5.514758252729161647e-01,2.372425487876837834e-05,-1.128807771088245593e+00,4.029527866631545937e-05,1.793315029089310940e-05,9.999999990273463757e-01,6.371047812221630746e-02
4.876893502973972949e-01,8.730172370835719287e-01,-3.689807694333132953e-05,2.998606263199661282e+00,-8.730172369912402308e-01,4.876893512637786587e-01,2.408515123989138620e-05,-1.175079404389367532e+00,3.902155139756416868e-05,2.046658542336010845e-05,9.999999990292186558e-01,6.371627369723864565e-02
4.181197009061988767e-01,9.083919387506899090e-01,-3.642626566312793011e-05,3.038438502121668439e+00,-9.083919387112345811e-01,4.181197018665581688e-01,2.440213631952760056e-05,-1.245332110194888653e+00,3.739724326013337869e-05,2.288631214634607094e-05,9.999999990388314108e-01,6.368714306025352601e-02
3.274501466083870604e-01,9.448684565584145600e-01,-3.587568249881987461e-05,3.063789351325135968e+00,-9.448684565923867185e-01,3.274501475533233563e-01,2.457696215215952960e-05,-1.301811692744097027e+00,3.496949382342027623e-05,2.585007089194499530e-05,9.999999990544542472e-01,6.369329389207173397e-02
2.013473212690204406e-01,9.795199104537863910e-01,-3.524763013465484680e-05,3.078194840897626516e+00,-9.795199105938697803e-01,2.013473221800602397e-01,2.451725837107311139e-05,-1.346333282104978490e+00,3.111215866501182322e-05,2.958927122026684076e-05,9.999999990782543202e-01,6.369819889944114411e-02
7.974231491316985387e-02,9.968155105190475984e-01,-3.465456376237638570e-05,3.084413248901962223e+00,-9.968155107524128145e-01,7.974231578143588239e-02,2.443807989445957041e-05,-1.382635632102354961e+00,2.712369225290830761e-05,3.259545761387804046e-05,9.999999991009207445e-01,6.370223594483864771e-02
-2.346472570167863758e-02,9.997246648382372980e-01,-3.408545789564094248e-05,3.087199941714422025e+00,-9.997246651410498508e-01,-2.346472487708150742e-02,2.439382015264282978e-05,-1.429540040446017457e+00,2.358729778439453090e-05,3.464846727959680243e-05,9.999999991215615669e-01,6.370677985619839501e-02
-1.125472628770546324e-01,9.936463719522566906e-01,-3.354101929626378140e-05,3.085155356306678254e+00,-9.936463723080644073e-01,-1.125472620946469660e-01,2.437256722708296776e-05,-1.488210933573432149e+00,2.044276311069525521e-05,3.607097787794245121e-05,9.999999991404889821e-01,6.371187296179220416e-02
-1.558295676803539698e-01,9.877839565093977647e-01,-3.315408686069721834e-05,3.077707824665874004e+00,-9.877839568780418800e-01,-1.558295669085509039e-01,2.472755130125169886e-05,-1.548487440004963522e+00,1.925909146238858962e-05,3.660235873500559500e-05,9.999999991446772984e-01,6.371689834200480740e-02
-1.939896200238653279e-01,9.810035811594685073e-01,-3.279167372790868582e-05,3.067647482096774514e+00,-9.810035815368937095e-01,-1.939896192582918344e-01,2.513582985871441942e-05,-1.608288967621228194e+00,1.829709480549481231e-05,3.704483945494419606e-05,9.999999991464481042e-01,6.372184621462312348e-02
-2.322388485405962599e-01,9.726587871292131648e-01,-3.238619315972622858e-05,3.054458617102170592e+00,-9.726587875149634854e-01,-2.322388477838256415e-01,2.549434828233203143e-05,-1.672423563196674401e+00,1.727596969542358437e-05,3.742149346034640971e-05,9.999999991505863495e-01,6.372700603307256129e-02
-2.708020905626175034e-01,9.626350433712929089e-01,-3.194471088736901531e-05,3.038775882243278659e+00,-9.626350437651076675e-01,-2.708020898169164470e-01,2.580968406995908451e-05,-1.735962903922987355e+00,1.619461187718770559e-05,3.774041456603176634e-05,9.999999991566979052e-01,6.373209712924669812e-02
-3.074025984085834162e-01,9.515795507990815194e-01,-3.150664816047036356e-05,3.021000633404468338e+00,-9.515795511994561418e-01,-3.074025976724464870e-01,2.613950141782143280e-05,-1.797151212339577864e+00,1.518858952880208500e-05,3.801643277328269483e-05,9.999999991620288631e-01,6.373702419296460586e-02
-3.359627897912542682e-01,9.418752586799228332e-01,-3.102104742363905813e-05,2.999875318447366546e+00,-9.418752590788417312e-01,-3.359627890613643419e-01,2.648157401963964090e-05,-1.861081027600064886e+00,1.452042176794898925e-05,3.811478056473878884e-05,9.999999991682104739e-01,6.374207797775174877e-02
-3.937708005495720864e-01,9.192086573278220873e-01,-3.046524130372839977e-05,2.973440100732521962e+00,-9.192086577502389666e-01,-3.937707998541136734e-01,2.644343859485209479e-05,-1.936619637705294217e+00,1.231071524998700374e-05,3.841656755161566215e-05,9.999999991863068871e-01,6.371326911279717731e-02
-4.404282084649440709e-01,8.977878325581969410e-01,-2.998022752591670089e-05,2.944980026889971292e+00,-8.977878329955540915e-01,-4.404282077920885219e-01,2.657434222654742417e-05,-1.993813565788176367e+00,1.065398323079326279e-05,3.861997344117899339e-05,9.999999991974951596e-01,8.594870451913969034e-02
-4.759035640178961302e-01,8.794974683798891801e-01,-2.946912772984184545e-05,2.915400004973450088e+00,-8.794974688220977832e-01,-4.759035633602742288e-01,2.676782188772152559e-05,-2.053023206630476327e+00,9.517768688544078569e-06,3.865692508415389649e-05,9.999999992075271349e-01,8.595339748477634489e-02
-5.113084549789440603e-01,8.593972672919878431e-01,-2.895009521455439304e-05,2.883253947058569633e+00,-8.593972677391230608e-01,-5.113084543377911517e-01,2.693006441062089141e-05,-2.111450949353670836e+00,8.341195325399133520e-06,3.864920235445350134e-05,9.999999992183318254e-01,8.595803883012297086e-02
-5.473737567976674212e-01,8.368882658761473969e-01,-2.842572908708584993e-05,2.850208555706533087e+00,-8.368882663289131107e-01,-5.473737561747578084e-01,2.705775927670407287e-05,-2.165934825576985023e+00,7.084823137170877766e-06,3.859986648064306223e-05,9.999999992299277718e-01,8.596246520570764715e-02
-5.829796624568310826e-01,8.124867459746075715e-01,-2.788031385678965576e-05,2.812804725788388804e+00,-8.124867464323849431e-01,-5.829796618546154718e-01,2.712185156397592685e-05,-2.222314744529237274e+00,5.782488977389355047e-06,3.846387336498771224e-05,9.999999992435465446e-01,8.596698785791508091e-02
-6.153621595581618697e-01,7.882445127220889525e-01,-2.733918516810550928e-05,2.773226798220906453e+00,-7.882445131826346651e-01,-6.153621589739551867e-01,2.720998298418361689e-05,-2.276698417404046992e+00,4.624619768910026232e-06,3.829395659433128848e-05,9.999999992560927309e-01,8.597140513998619005e-02
-6.469284440907783207e-01,7.625507114337799486e-01,-2.679775870918850753e-05,2.732298977269039586e+00,-7.625507118967670417e-01,-6.469284435248519038e-01,2.728085800990156791e-05,-2.328334069787958871e+00,3.466805352284529729e-06,3.808341300673655217e-05,9.999999992688173300e-01,8.597568657213926213e-02
-6.844462633189282164e-01,7.290633113380823316e-01,-2.625844703424752861e-05,2.687913052486044396e+00,-7.290633118086712328e-01,-6.844462627827179180e-01,2.715403956630461690e-05,-2.379987046103226422e+00,1.824518063346706728e-06,3.772955127291260414e-05,9.999999992865759024e-01,8.597998297267092638e-02
-7.278441899762654321e-01,6.857425423976369894e-01,-2.576467348038364360e-05,2.644701429999806397e+00,-6.857425428815989710e-01,-7.278441894772567089e-01,2.695315981301185459e-05,-2.425181092000479044e+00,-2.697395506514131638e-07,3.728563348035481489e-05,9.999999993048542812e-01,8.598394744207231433e-02
-7.841661969558223477e-01,6.205508640781484120e-01,-2.537134756594076830e-05,2.587641845734556245e+00,-6.205508645872191975e-01,-7.841661965155605207e-01,2.650233165799381813e-05,-2.479521403636019805e+00,-3.449308310804336159e-06,3.652644429449828891e-05,9.999999993269604870e-01,8.595785876149916738e-02
-8.411777982061450221e-01,5.407586441066346561e-01,-2.508018175082474168e-05,2.543572217643445654e+00,-5.407586446427217197e-01,-8.411777978323975447e-01,2.603851511419082827e-05,-2.513445678762386226e+00,-7.016339926695066180e-06,3.546534590328158349e-05,9.999999993464899761e-01,8.596125775480778497e-02
-8.895409778730982708e-01,4.568553907621052956e-01,-2.482288653713391309e-05,2.501204412987402037e+00,-4.568553913182356596e-01,-8.895409775659863794e-01,2.558144945512651276e-05,-2.539622317362661086e+00,-1.039395166916876776e-05,3.409621710629495781e-05,9.999999993647067376e-01,8.596428127033810263e-02
-9.302975346608854945e-01,3.668058020222378923e-01,-2.463130027060863838e-05,2.455937125451848502e+00,-3.668058025918722320e-01,-9.302975344261988910e-01,2.500934760693471578e-05,-2.561886926401571341e+00,-1.374086410444392852e-05,3.230103828685049113e-05,9.999999993839157053e-01,8.596715534495663613e-02
-9.590756037703656034e-01,2.831501115219368647e-01,-2.444632757579461751e-05,2.405319260894036137e+00,-2.831501120952059081e-01,-9.590756036009601138e-01,2.445252764905827154e-05,-2.581003169862482238e+00,-1.652214044475789663e-05,3.037380311213449602e-05,9.999999994022253924e-01,8.596994930491839992e-02
-9.776941645789405388e-01,2.100336162648329674e-01,-2.422816481919061622e-05,2.347876965283522299e+00,-2.100336168329874631e-01,-9.776941644644946416e-01,2.391917873909353245e-05,-2.597292462918445732e+00,-1.866390375074988630e-05,2.847437056093276412e-05,9.999999994204342713e-01,8.597271171100183407e-02
-9.915461864698319472e-01,1.297542273580130079e-01,-2.408024640250155853e-05,2.287494564863630231e+00,-1.297542279184857317e-01,-9.915461864131575043e-01,2.338378455909565463e-05,-2.609657012952995458e+00,-2.084253159011785993e-05,2.631061618484692492e-05,9.999999994366700617e-01,8.597538366289751710e-02
-9.985900099467299729e-01,5.308475733145761460e-02,-2.395099639373150257e-05,2.230008970649258959e+00,-5.308475787848596777e-02,-9.985900099443051348e-01,2.281260906083791819e-05,-2.613504814123679409e+00,-2.270622391090033852e-05,2.405187635348272931e-05,9.999999994529672476e-01,1.077466900944342720e-01
-9.994464307106977197e-01,-3.326907826035249011e-02,-2.390300071626240164e-05,2.178757998758072745e+00,3.326907772948453634e-02,-9.994464307660031466e-01,2.227389658456724165e-05,-2.615373892543464418e+00,-2.463080075910061188e-05,2.146633565066767470e-05,9.999999994662600589e-01,1.077489642077596732e-01
-9.940530700439511591e-01,-1.088967096268358276e-01,-2.384626755323505863e-05,2.123107171983943608e+00,1.088967091168538542e-01,-9.940530701482199749e-01,2.173516613826822702e-05,-2.612778262528609563e+00,-2.607134354851919366e-05,1.900912856639356147e-05,9.999999994794690483e-01,1.077511977495579781e-01
-9.820492326930158056e-01,-1.886247703680376253e-01,-2.388857908747434895e-05,2.061628903846467686e+00,1.886247698828257269e-01,-9.820492328484841105e-01,2.117438772120323106e-05,-2.602381523983328115e+00,-2.745377478829025370e-05,1.628831348114952721e-05,9.999999994904904543e-01,1.298712872422944642e-01
-9.625639507656024163e-01,-2.710546810371362580e-01,-2.396605457198245194e-05,2.004969691797410469e+00,2.710546805812710791e-01,-9.625639509711654274e-01,2.063406796903224368e-05,-2.590796880229949029e+00,-2.866182088984259071e-05,1.336549871783564425e-05,9.999999994999315689e-01,1.298733878844050282e-01
-9.373173193334297659e-01,-3.484770326670895146e-01,-2.410672266421992447e-05,1.946128115229910804e+00,3.484770322448304536e-01,-9.373173195856642215e-01,2.006442843928632683e-05,-2.573601919262451521e+00,-2.958764115630523262e-05,1.040609710749275377e-05,9.999999995081422233e-01,1.298754498151302172e-01
-9.081293290279899288e-01,-4.186897672095578615e-01,-2.435527684763945478e-05,1.872985030666000306e+00,4.186897668249964233e-01,-9.081293293240551012e-01,1.942864037382916693e-05,-2.546816175550542738e+00,-3.025231414446522658e-05,7.446412962315214613e-06,9.999999995146741094e-01,1.298499164196866840e-01
-8.659805410774532586e-01,-5.000776958321512256e-01,-2.462535901481751759e-05,1.823831396673261551e+00,5.000776954910542971e-01,-8.659805414180521410e-01,1.891173406187343276e-05,-2.523302278421470035e+00,-3.078241812611763693e-05,4.062600908844272659e-06,9.999999995179689183e-01,1.298518390833088565e-01
-8.215331129943242994e-01,-5.701608050667956729e-01,-2.488852797613252981e-05,1.772757730975181634e+00,5.701608047703622395e-01,-8.215331133707962641e-01,1.840922119671630790e-05,-2.489604703136067965e+00,-3.094296625362078569e-05,9.333216571180693231e-07,9.999999995208308512e-01,1.518860290122604484e-01
-7.729493674527073699e-01,-6.344677097526694176e-01,-2.521234730419283262e-05,1.723255041370839402e+00,6.344677095036376224e-01,-7.729493678608952978e-01,1.790670151340216859e-05,-2.454497260442007445e+00,-3.084909180949810980e-05,-2.155446637352776753e-06,9.999999995218437077e-01,1.518879550310970883e-01
-7.166069987655081519e-01,-6.974771742987293521e-01,-2.554508117757950037e-05,1.679046531700562728e+00,6.974771741005100223e-01,-7.166069992011523393e-01,1.745526372056395632e-05,-2.417315161120420886e+00,-3.048043198347314168e-05,-5.308546884452464147e-06,9.999999995213811887e-01,1.518898716648014735e-01
-6.505804601235319895e-01,-7.594373339711086857e-01,-2.600593345284414384e-05,1.639067341263193311e+00,7.594373338291605657e-01,-6.505804605856730927e-01,1.704668340310734430e-05,-2.377394381226601183e+00,-2.986483996041708160e-05,-8.659637633192758118e-06,9.999999995165509414e-01,1.518918040320203777e-01
-5.917154379284568222e-01,-8.061469095778527327e-01,-2.636687708908921134e-05,1.601578667468722905e+00,8.061469094873878749e-01,-5.917154384057043970e-01,1.662161531716273345e-05,-2.332595976270118943e+00,-2.900115205628237282e-05,-1.142031009172976550e-05,9.999999995142548892e-01,1.518937863181788195e-01
-5.186176798627504247e-01,-8.550062581157749086e-01,-2.677011600771903512e-05,1.567046893514342010e+00,8.550062580823174496e-01,-5.186176803527388079e-01,1.629778768548136814e-05,-2.284445712367803250e+00,-2.781816593122573352e-05,-1.443629587984932347e-05,9.999999995088716398e-01,1.518958271408881733e-01
-4.415821020186666557e-01,-8.972208459639295919e-01,-2.728638696987300787e-05,1.536830788532666414e+00,8.972208459899120303e-01,-4.415821025185067694e-01,1.601503738405787359e-05,-2.233374701686094088e+00,-2.641820551815845749e-05,-1.740996132915774292e-05,9.999999994994860364e-01,1.518979407716475050e-01
-3.757142479816152902e-01,-9.267355626589506290e-01,-2.769129578339871953e-05,1.501793001209196676e+00,9.267355627373971005e-01,-3.757142484817146411e-01,1.567226717399417961e-05,-2.163112823431773801e+00,-2.492806172237740833e-05,-1.977421450531152423e-05,9.999999994937862624e-01,1.518706663216451980e-01
-2.985245309488612220e-01,-9.544019612440348688e-01,-2.820110879077355283e-05,1.480008960001960583e+00,9.544019613799582524e-01,-2.985245314474120892e-01,1.543345096543553971e-05,-2.107662483794461306e+00,-2.314843865823848254e-05,-2.230792983262494357e-05,9.999999994832531325e-01,1.518729575798695164e-01
-2.196435817907621824e-01,-9.755801843806554130e-01,-2.866935062960211745e-05,1.463499860144485520e+00,9.755801845727662958e-01,-2.196435822812600469e-01,1.521914680697057976e-05,-2.052547565594202705e+00,-2.114453692202391730e-05,-2.462646246232610178e-05,9.999999994732230446e-01,1.518753299305439231e-01
-1.119390725876299314e-01,-9.937150714226058446e-01,-2.925383982418812073e-05,1.452296983880216663e+00,9.937150716826755881e-01,-1.119390730653027910e-01,1.523074388885228253e-05,-1.999262158465152872e+00,-1.840966746485071651e-05,-2.736506619214874674e-05,9.999999994561187266e-01,1.518777730529762282e-01
-3.478859921957087181e-02,-9.993946930411400364e-01,-2.975812695705880019e-05,1.446031017630201587e+00,9.993946933542227073e-01,-3.478859967981995371e-02,1.509092924612653847e-05,-1.938263606307399467e+00,-1.611703816756856756e-05,-2.921512187565138683e-05,9.999999994433589334e-01,1.518804882545093937e-01
3.506663508543771124e-02,-9.993849759688834267e-01,-3.019039420216854152e-05,1.444675372544473424e+00,9.993849763293488619e-01,3.506663464836156513e-02,1.488707481340538420e-05,-1.879900013748652121e+00,-1.381924338126464644e-05,-3.069386601507919358e-05,9.999999994334577424e-01,1.518832867249665375e-01
1.129775555889725169e-01,-9.935975397476718429e-01,-3.066781942084947519e-05,1.447399077862789429e+00,9.935975401573371446e-01,1.129775551786316168e-01,1.480365004661449835e-05,-1.821430031019306339e+00,-1.124409500477433776e-05,-3.214395013460650418e-05,9.999999994201685949e-01,1.518862237384247804e-01
1.848562583537833037e-01,-9.827655685755076753e-01,-3.114320569990121411e-05,1.454851240046687755e+00,9.827655690305034941e-01,1.848562579733827316e-01,1.470472774571745148e-05,-1.761399967646490872e+00,-8.694283656788990785e-06,-3.332473122228179558e-05,9.999999994069360687e-01,1.518893607394945500e-01
2.622496122840948796e-01,-9.650000724636471627e-01,-3.165436044061719159e-05,1.466667881245631522e+00,9.650000729647643105e-01,2.622496119374501666e-01,1.471926367925304760e-05,-1.701925250747467366e+00,-5.902746775410687518e-06,-3.440658132783997369e-05,9.999999993906726337e-01,1.518926566880964835e-01
3.246860696667112633e-01,-9.458218411153481719e-01,-3.214898620646374730e-05,1.483557612695627359e+00,9.458218416555597141e-01,3.246860693542623633e-01,1.464802437806468060e-05,-1.641977490079821411e+00,-3.416093420862529472e-06,-3.516322280485268775e-05,9.999999993759393080e-01,1.518961718253298288e-01
3.923319194036098967e-01,-9.198237135175878487e-01,-3.267712652090785810e-05,1.504687966149269807e+00,9.198237140977347792e-01,3.923319191278243911e-01,1.472844358355449117e-05,-1.582108524489252321e+00,-7.272919118288796481e-07,-3.583563442346673509e-05,9.999999993576395019e-01,1.518998813955920735e-01
4.656571810538129297e-01,-8.849651906333747542e-01,-3.317004483365812380e-05,1.529424761751465356e+00,8.849651912520380970e-01,4.656571808223017306e-01,1.486170003872913176e-05,-1.525624168461954699e+00,2.293782357080626753e-06,-3.627479241575885647e-05,9.999999993394392828e-01,1.519036979885641514e-01
5.312648758599508581e-01,-8.472057781575589308e-01,-3.367427707811911200e-05,1.559629654873111448e+00,8.472057788110185506e-01,5.312648756729475563e-01,1.501411198481266227e-05,-1.469376085055893455e+00,5.169918197845381324e-06,-3.650551247762480028e-05,9.999999993203101400e-01,1.519077842505087150e-01
5.896959350273315303e-01,-8.076253481944623003e-01,-3.414697150660758431e-05,1.601955863483345066e+00,8.076253488774755018e-01,5.896959348866649409e-01,1.512213026497413290e-05,-1.400938503759782794e+00,7.923314565445501443e-06,-3.649541852234216454e-05,9.999999993026531531e-01,1.518768080089106798e-01
6.429520667565775671e-01,-7.659064163818550819e-01,-3.462009137144662701e-05,1.639032781305750364e+00,7.659064170912377456e-01,6.429520666627429604e-01,1.525028849711710528e-05,-1.351146975440575604e+00,1.057876548370819544e-05,-3.632095464953142780e-05,9.999999992844393892e-01,1.518811765970366490e-01
6.941753767428705535e-01,-7.198059079317998821e-01,-3.507665510692846959e-05,1.689310870749388460e+00,7.198059086644220672e-01,6.941753766982842189e-01,1.541368265031157331e-05,-1.290602795593276175e+00,1.325449043748769514e-05,-3.594818256292623142e-05,9.999999992660236758e-01,1.518562154569672307e-01
7.310607333239644845e-01,-6.823123939434183605e-01,-3.553912673735915961e-05,1.723973183058100211e+00,6.823123946918592253e-01,7.310607333292993282e-01,1.529340720962988438e-05,-1.255974243764644172e+00,1.554637876974257715e-05,-3.542919615911900019e-05,9.999999992515414826e-01,1.518602724361674261e-01
7.728297425967773915e-01,-6.346134159177061473e-01,-3.598694101828094777e-05,1.767498482645785352e+00,6.346134166799975995e-01,7.728297426571080209e-01,1.530648516528749419e-05,-1.220334964824746571e+00,1.809807752973777894e-05,-3.466710258582331183e-05,9.999999992353262313e-01,1.735337130876592193e-01
8.193697971188828033e-01,-5.732653262197484612e-01,-3.638030899135684794e-05,1.816097718707567532e+00,5.732653269945039431e-01,8.193697972358631176e-01,1.560594677858204125e-05,-1.181170064793090502e+00,2.086257823063422605e-05,-3.364261117590609568e-05,9.999999992164642082e-01,1.735387303803085091e-01
8.638328562039002678e-01,-5.037785179957053883e-01,-3.672414919804058939e-05,1.866340725523834010e+00,5.037785187784870056e-01,8.638328563798608473e-01,1.599889730639259173e-05,-1.146765185571828605e+00,2.366362592528362287e-05,-3.232121064268302205e-05,9.999999991976864511e-01,1.735438332385631222e-01
8.950896071787403097e-01,-4.458863013626220839e-01,-3.711832299605081689e-05,1.924369180440943072e+00,4.458863021525567572e-01,8.950896074061335250e-01,1.631726210596690812e-05,-1.117133824798764330e+00,2.594858150931511636e-05,-3.115596351147575282e-05,9.999999991779888742e-01,1.958740812072287396e-01
9.177946865650754571e-01,-3.970553008096763259e-01,-3.757463531918927554e-05,1.989788205768922902e+00,3.970553016036314498e-01,9.177946868432711458e-01,1.645331393411960234e-05,-1.084359694840770771e+00,2.795292514259752880e-05,-3.001997226442922962e-05,9.999999991587179560e-01,1.958676768454615247e-01
9.463942470220952918e-01,-3.230138197825819790e-01,-3.785429757504116710e-05,2.044448184022463533e+00,3.230138205711680643e-01,9.463942473603738081e-01,1.682882339001834341e-05,-1.061424206239799828e+00,3.038914693723041206e-05,-2.815416292521616347e-05,9.999999991419218359e-01,1.958731058477263254e-01
9.693952167296372435e-01,-2.455054222059692148e-01,-3.806795493653821703e-05,2.099142886637396010e+00,2.455054229851781344e-01,9.693952171255869610e-01,1.728887690438690754e-05,-1.043492002167479171e+00,3.265838041735397439e-05,-2.610564395261566226e-05,9.999999991259631571e-01,1.958785639537724554e-01
9.819260687408135624e-01,-1.892648780170541334e-01,-3.842397018911759637e-05,2.174894167739130690e+00,1.892648787914606168e-01,9.819260691856240841e-01,1.759894806660214624e-05,-1.023896979233428928e+00,3.439863525125190220e-05,-2.455317394954240610e-05,9.999999991069381533e-01,1.958567659065063582e-01
9.931783214736482623e-01,-1.166054040757594640e-01,-3.866673302627984490e-05,2.227631186654455142e+00,1.166054048334093790e-01,9.931783219752141623e-01,1.794810841893602476e-05,-1.014543573070885163e+00,3.631011458871862344e-05,-2.233442225126063915e-05,9.999999990913749359e-01,1.958621702193960035e-01
9.992479312926785262e-01,-3.877589844885161868e-02,-3.881736555912189109e-05,2.280827603714311813e+00,3.877589918492483495e-02,9.992479318488036721e-01,1.839264229733937169e-05,-1.009102546433710001e+00,3.807498102484383401e-05,-1.988398802016744981e-05,9.999999990774618430e-01,1.958676688899597951e-01
9.991931356411742904e-01,4.016311950939887437e-02,-3.897220458370261167e-05,2.328251359486323668e+00,-4.016311880154291997e-02,9.991931362531860650e-01,1.877911847382512180e-05,-1.008214219583283278e+00,3.969498730423598248e-05,-1.719872098978512414e-05,9.999999990642565173e-01,1.958728108512259314e-01
9.932734525063726672e-01,1.157922580298082066e-01,-3.906955432352935396e-05,2.381228740717194370e+00,-1.157922573499086255e-01,9.932734531675800893e-01,1.924484276823487216e-05,-1.011153860860069420e+00,4.103515493621286928e-05,-1.459143953057058828e-05,9.999999990516035275e-01,1.958784548478023635e-01
9.846550502569695329e-01,1.745119779859451714e-01,-3.927949666697353408e-05,2.453836744547422732e+00,-1.745119773262545082e-01,9.846550509609826030e-01,1.966483890632307071e-05,-1.019454852714792858e+00,4.210850472665795370e-05,-1.250834030986716582e-05,9.999999990352081980e-01,1.958734338091125959e-01
9.839167621230079375e-01,1.786275555805086346e-01,-4.000886925585451891e-05,2.515057420539172917e+00,-1.786275549017130315e-01,9.839167628570121282e-01,1.997032819962877664e-05,-1.030891449444304220e+00,4.293264803422997786e-05,-1.250245417115692051e-05,9.999999990002387262e-01,1.958799262480127590e-01
9.833547220557244950e-01,1.816961445765038208e-01,-4.070312164846812011e-05,2.584174896968723267e+00,-1.816961438762520753e-01,9.833547228175918420e-01,2.031840990207691553e-05,-1.043820723160249209e+00,4.371738364957250062e-05,-1.258460407461846018e-05,9.999999989652095245e-01,1.958871077129624438e-01
9.824677028691690683e-01,1.864328595115231357e-01,-4.139246167545952606e-05,2.652266834644843474e+00,-1.864328587918228641e-01,9.824677036607294411e-01,2.064756576845113548e-05,-1.056809095271733057e+00,4.451614149931802574e-05,-1.256865154778337941e-05,9.999999989301715519e-01,1.958942645202361166e-01
9.824323022896076507e-01,1.866193174489493012e-01,-4.210499311135000095e-05,2.717605388579269032e+00,-1.866193167035515299e-01,9.824323031085523406e-01,2.102202555938745461e-05,-1.069684810161187105e+00,4.528842141604054293e-05,-1.279511192485209922e-05,9.999999988926224770e-01,1.959012561968138111e-01
9.823764829521896003e-01,1.869129313431504846e-01,-4.288587656993761432e-05,2.781400072932254108e+00,-1.869129305744335334e-01,9.823764838032417179e-01,2.131798928857077058e-05,-1.082320127135361298e+00,4.611468449786376435e-05,-1.292636647097811569e-05,9.999999988531729223e-01,1.959081718605161226e-01
9.795096398387979075e-01,2.013972779484295150e-01,-4.356412069629039666e-05,2.858317661599367732e+00,-2.013972771712085608e-01,9.795096407293764074e-01,2.159240217650273565e-05,-1.096550832131155007e+00,4.702012723462996394e-05,-1.237627078856987774e-05,9.999999988179681942e-01,1.958874994805804848e-01
9.605732011360791356e-01,2.780271989652700060e-01,-4.352830066239984414e-05,2.933232228775295436e+00,-2.780271982364982963e-01,9.605732020789216064e-01,2.210453665823869184e-05,-1.111632870414551055e+00,4.795778155985066659e-05,-9.130974060271198603e-06,9.999999988083386748e-01,1.958725216455672324e-01
9.321754446245368309e-01,3.620068211488342569e-01,-4.336777749385867589e-05,2.988833547756509557e+00,-3.620068204819779090e-01,9.321754456177541170e-01,2.262456461829272480e-05,-1.128437054545550433e+00,4.861662402813383038e-05,-5.390632340571919718e-06,9.999999988036828436e-01,1.958790220936266757e-01
8.872073177738556415e-01,4.613709716025181651e-01,-4.302406538847275332e-05,3.042422953114125139e+00,-4.613709710243703022e-01,8.872073188168184688e-01,2.310633050921154371e-05,-1.149989714650256234e+00,4.883185585511019182e-05,-6.500506889781053485e-07,9.999999988075140012e-01,1.958855306315443190e-01
8.262718488803796335e-01,5.632715419233118581e-01,-4.251040784219521472e-05,3.091241159493590906e+00,-5.632715414482560856e-01,8.262718499618058043e-01,2.356270735914615030e-05,-1.176221900731536651e+00,4.839735583647548326e-05,4.475701178598311907e-06,9.999999988188323918e-01,1.958918479855868700e-01
7.596311495209607800e-01,6.503541457628859712e-01,-4.202965193102361054e-05,3.134544906971945988e+00,-6.503541453847393461e-01,7.596311506289602500e-01,2.397932265980508559e-05,-1.206724675216000575e+00,4.752208476128828293e-05,9.118717925617153447e-06,9.999999988292506137e-01,1.958979283916636172e-01
6.628056430923213727e-01,7.487914781654644303e-01,-4.137335178341637371e-05,3.160405988630821561e+00,-7.487914779217050842e-01,6.628056442158083428e-01,2.423833421571089676e-05,-1.230525246364353897e+00,4.557194918782522998e-05,1.491470853114806754e-05,9.999999988503748272e-01,1.959024519242460738e-01
5.339958692690235376e-01,8.454870844386604967e-01,-4.063292317203198988e-05,3.175474715222958100e+00,-8.454870843588609963e-01,5.339958703874501111e-01,2.432083182303818855e-05,-1.249855902496584958e+00,4.226076236481912635e-05,2.136738801100989885e-05,9.999999988787318106e-01,1.959060183531065591e-01
4.254846277029822321e-01,9.049656512728995184e-01,-4.005836317070076227e-05,3.194085644600108687e+00,-9.049656513118965462e-01,4.254846288034444535e-01,2.444649470722339056e-05,-1.281605860731251045e+00,3.916745578822106199e-05,2.584983501811580211e-05,9.999999988988487187e-01,1.959104735321121338e-01
3.005421702618845115e-01,9.537685266067025269e-01,-3.935425207484906824e-05,3.212007552711504399e+00,-9.537685267719107074e-01,3.005421713217419355e-01,2.442443317864751196e-05,-1.322143795177217696e+00,3.512286801532078084e-05,3.019427486871206651e-05,9.999999989273454792e-01,1.959153856560481854e-01
2.260086294679209407e-01,9.741252988706303739e-01,-3.881028309920622358e-05,3.229744194234005050e+00,-9.741252990921349664e-01,2.260086305013510044e-01,2.464880438747179073e-05,-1.380462821363972248e+00,3.278248287337096653e-05,3.223523613422927500e-05,9.999999989430997660e-01,1.959213223036214979e-01
1.375511922533095011e-01,9.904946582636446895e-01,-3.822145904008469690e-05,3.242746207513205192e+00,-9.904946585539347037e-01,1.375511932483150512e-01,2.474046330754660445e-05,-1.439284741585227900e+00,2.976270404774784332e-05,3.445507079648955559e-05,9.999999989635154352e-01,1.959270647808508126e-01
3.817527560809216847e-02,9.992710577790587800e-01,-3.764795104781383284e-05,3.247789077114372702e+00,-9.992710581460377828e-01,3.817527655394535591e-02,2.473316121063638803e-05,-1.502061009015416504e+00,2.615235310811228549e-05,3.667631263470369436e-05,9.999999989854518878e-01,2.180969179944035052e-01
-9.606579901566766888e-02,9.953749850607991334e-01,-3.707689756679767606e-05,3.248243691295766844e+00,-9.953749855338942520e-01,-9.606579814943298767e-02,2.448088438070239125e-05,-1.543097372746694118e+00,2.080583816705760161e-05,3.925719209783522489e-05,9.999999990129956329e-01,2.181010325722535226e-01
-1.987674211654501255e-01,9.800466881478751002e-01,-3.651875063649614886e-05,3.242251862638322102e+00,-9.800466886881457063e-01,-1.987674203689477059e-01,2.431617561881343928e-05,-1.597084345630727764e+00,1.657224952452701373e-05,4.062334415668385798e-05,9.999999990375528780e-01,2.181057024783109310e-01
-2.929313514478846803e-01,9.561334750185920273e-01,-3.588576540412411386e-05,3.230890605671594251e+00,-9.561334756105688282e-01,-2.929313507266805838e-01,2.404782291886205326e-05,-1.649046158160668352e+00,1.248086276235246357e-05,4.135594286779232528e-05,9.999999990669576899e-01,2.181100800328155398e-01
-3.455054380413807302e-01,9.384167469920732252e-01,-3.533623725997211463e-05,3.210757184077982718e+00,-9.384167475996719743e-01,-3.455054373576246229e-01,2.409920798720454393e-05,-1.713218788679269133e+00,1.040623825535843042e-05,4.148652425398277057e-05,9.999999990852899145e-01,2.181149463418662060e-01
-3.940081024695728518e-01,9.191069654714810744e-01,-3.478696777494553799e-05,3.183214435181512147e+00,-9.191069660905046845e-01,-3.940081018205162100e-01,2.415994874638390172e-05,-1.777505605396873634e+00,8.499230037137675347e-06,4.149215997244315814e-05,9.999999991030824598e-01,2.407964829624781311e-01
-4.351404814418184941e-01,9.003625715432898025e-01,-3.427152576755142818e-05,3.158373399944504278e+00,-9.003625721685520888e-01,-4.351404808187713247e-01,2.430717190663298467e-05,-1.833948053273253054e+00,6.972339603915658623e-06,4.143383357815469794e-05,9.999999991173124103e-01,2.408008227866616502e-01
-4.695204011657851950e-01,8.829216226536296119e-01,-3.376096047135835959e-05,3.129058254648153348e+00,-8.829216232800995989e-01,-4.695204005615539189e-01,2.451434488095900248e-05,-1.893515918359632400e+00,5.792785476732071180e-06,4.131826706569123722e-05,9.999999991296226742e-01,2.408052798275387707e-01
-5.125465612963283624e-01,8.586594327199191801e-01,-3.323276208262566597e-05,3.096400641932772313e+00,-8.586594333533891232e-01,-5.125465607233381515e-01,2.457469307516523064e-05,-1.954046524079241287e+00,4.067954106400777046e-06,4.113129908922393089e-05,9.999999991458345949e-01,2.408097626201764208e-01
-5.540115616296512613e-01,8.325089720318801234e-01,-3.266646824979353524e-05,3.060140509486936722e+00,-8.325089726694935299e-01,-5.540115610908162846e-01,2.454592574453504203e-05,-2.014050520655505938e+00,2.337102338762048273e-06,4.079385457675151346e-05,9.999999991652003262e-01,2.408141825132698033e-01
-5.858110057695480322e-01,8.104476938632164673e-01,-3.211020753526799230e-05,3.026136884541478889e+00,-8.104476944984786435e-01,-5.858110052518458177e-01,2.465610622048188916e-05,-2.064021903815520087e+00,1.171971470955339891e-06,4.046746205020688297e-05,9.999999991805061939e-01,2.408180937043042369e-01
-6.164110220012970487e-01,7.874245684252120236e-01,-3.155448726353805405e-05,2.987597912998472882e+00,-7.874245690574540602e-01,-6.164110215044024121e-01,2.475040876508054240e-05,-2.116474262314905541e+00,3.854621302600787361e-08,4.010320329715349043e-05,9.999999991958664625e-01,2.408221154507371453e-01
-6.640043020276898966e-01,7.477287515696781073e-01,-3.106077321470273879e-05,2.950516805342498827e+00,-7.477287522114975937e-01,-6.640043015755662248e-01,2.460451111008569891e-05,-2.162785708413256014e+00,-2.226986649499070733e-06,3.956253442493894596e-05,9.999999992149237737e-01,2.408258460012987212e-01
-7.000038933024761434e-01,7.141390259808559904e-01,-3.053670776185868292e-05,2.907952579876957433e+00,-7.141390266233784700e-01,-7.000038928826507467e-01,2.454686317852511175e-05,-2.209893192916180915e+00,-3.845941347923653062e-06,3.899035455066706887e-05,9.999999992324810627e-01,2.408295902053370907e-01
-7.291654806024780999e-01,6.843374175045802144e-01,-3.001532301928887145e-05,2.866785825310139035e+00,-6.843374181444835669e-01,-7.291654802026835691e-01,2.466034478105783091e-05,-2.250916717981883863e+00,-5.010140760556743903e-06,3.852208081389564310e-05,9.999999992454744469e-01,2.408330500591679968e-01
-7.695511649108927044e-01,6.385851577605609064e-01,-2.953317000151982954e-05,2.818492545397822457e+00,-6.385851584032612438e-01,-7.695511645585187965e-01,2.436616125765766192e-05,-2.295569807003118523e+00,-7.167416437033690305e-06,3.761045182380806391e-05,9.999999992670416393e-01,2.408366928060311773e-01
-7.973782885482166849e-01,6.034797959426202452e-01,-2.899949828813900622e-05,2.768305860192706191e+00,-6.034797965795690722e-01,-7.973782882251418958e-01,2.423685478211933303e-05,-2.336547369717382416e+00,-8.497118126179892256e-06,3.682655311379362707e-05,9.999999992858026321e-01,2.408401641446050734e-01
-8.220759333888630893e-01,5.693778700761927825e-01,-2.846626623712944772e-05,2.719913281528610671e+00,-5.693778707063029687e-01,-8.220759330896280082e-01,2.418211570227049795e-05,-2.372383106812500753e+00,-9.632670845971101381e-06,3.608759739431695247e-05,9.999999993024490941e-01,2.408434163814711648e-01
-8.495905615024200719e-01,5.274427713256220063e-01,-2.797053564410884228e-05,2.666996746443426769e+00,-5.274427719506142864e-01,-8.495905612352230296e-01,2.402231496253524458e-05,-2.408384033821219461e+00,-1.109310669843166925e-05,3.516198891068049399e-05,9.999999993202893789e-01,2.408467066874073192e-01
-8.778566089748059964e-01,4.789235568667069010e-01,-2.752085561952112035e-05,2.615519857652254032e+00,-4.789235574863276446e-01,-8.778566087478594238e-01,2.371388994715190618e-05,-2.439600783437229303e+00,-1.280222446335661222e-05,3.399778109297711562e-05,9.999999993401276210e-01,2.408498032877934292e-01
-9.024179382544508243e-01,4.308617689973772147e-01,-2.707466807595041127e-05,2.571979615083250792e+00,-4.308617696098894778e-01,-9.024179380632716407e-01,2.345779761198110388e-05,-2.462319175542468486e+00,-1.432559796296599504e-05,3.283417675579849911e-05,9.999999993583477131e-01,2.408525228783935934e-01
-9.184093499817174155e-01,3.956314764551617236e-01,-2.653429061135015679e-05,2.528919560510861864e+00,-3.956314770554432703e-01,-9.184093498098869768e-01,2.333900914972507346e-05,-2.481819680177259180e+00,-1.513569393913039132e-05,3.193256480960316579e-05,9.999999993756116812e-01,2.408551259549033263e-01
-9.212599319940649734e-01,3.889474733669145423e-01,-2.576401750354627676e-05,2.504091666140352057e+00,-3.889474739456387775e-01,-9.212599318115730629e-01,2.344873459038303250e-05,-2.490903025264183945e+00,-1.461503093592832855e-05,3.162322916077865600e-05,9.999999993931868447e-01,2.408572245939041567e-01
-9.213045192411608575e-01,3.888418472905053602e-01,-2.493033064941275713e-05,2.478923354916357180e+00,-3.888418478451763916e-01,-9.213045190419807406e-01,2.360453438274037234e-05,-2.499930096728700146e+00,-1.378999553469771988e-05,3.144092003851091589e-05,9.999999994106530954e-01,2.408593443441613136e-01
-9.213506046060211396e-01,3.887326366681370660e-01,-2.410721865614575584e-05,2.449790374898577205e+00,-3.887326371986681850e-01,-9.213506043920727251e-01,2.372618043574761099e-05,-2.510745951576063284e+00,-1.298805980019957036e-05,3.123139337319603655e-05,9.999999994279560322e-01,2.408615895184647027e-01
-9.319741465058992702e-01,3.625247435596229972e-01,-2.348681791143454614e-05,2.404395690896138582e+00,-3.625247440766450890e-01,-9.319741462992504610e-01,2.370541678454548919e-05,-2.528906178950490968e+00,-1.329530693150378496e-05,3.060738822786092427e-05,9.999999994432120509e-01,2.408642971402209787e-01
-9.535693844220511917e-01,3.011734194053803382e-01,-2.316509453100016697e-05,2.348932799291022278e+00,-3.011734199176102633e-01,-9.535693842594290537e-01,2.319966878622433334e-05,-2.549779393907527503e+00,-1.510240135081780316e-05,2.909920462589141678e-05,9.999999994625776711e-01,2.408672412433232879e-01
-9.756521993981854823e-01,2.193234717938679357e-01,-2.301669309874657267e-05,2.289322982161598574e+00,-2.193234723034412359e-01,-9.756521992934092946e-01,2.259857500151297267e-05,-2.568002370063037443e+00,-1.749988931532754535e-05,2.709645045485069271e-05,9.999999994797688085e-01,2.408701479227880471e-01
-9.915589187936202364e-01,1.296568935097243691e-01,-2.293982466136243665e-05,2.235548408649969065e+00,-1.296568940130578829e-01,-9.915589187489033396e-01,2.200892678347110676e-05,-2.579309809427575484e+00,-1.989257866128208094e-05,2.479745406002291475e-05,9.999999994946865423e-01,2.408727593756153362e-01
-9.993541668773630038e-01,3.593394799535431366e-02,-2.294165614972258448e-05,2.176432829026766935e+00,-3.593394848693264726e-02,-9.993541668941652301e-01,2.138709138055652377e-05,-2.586387903399216537e+00,-2.215831703923755523e-05,2.219766317883510432e-05,9.999999995081370052e-01,2.408753211770332248e-01
-9.996756512725623045e-01,-2.546746425000238900e-02,-2.274761084405591059e-05,2.104747742793311893e+00,2.546746377616512791e-02,-9.996756513253352017e-01,2.088244688611621397e-05,-2.589066417966163325e+00,-2.327205565615153546e-05,2.029634973587758084e-05,9.999999995232353722e-01,2.408699717523191397e-01
-9.994419792307968065e-01,-3.340253982795925169e-02,-2.200613306692676625e-05,2.045390563249982030e+00,3.340253937390769839e-02,-9.994419792741429109e-01,2.068715409960123028e-05,-2.586904087624386950e+00,-2.268485667731845785e-05,1.994054951172242641e-05,9.999999995438865197e-01,2.408723332965340691e-01
-9.997143768940073283e-01,-2.389904144469589056e-02,-2.120028581100546802e-05,1.974789576381792422e+00,2.389904101160317956e-02,-9.997143769199499097e-01,2.045195156680728834e-05,-2.584177760053247397e+00,-2.168301255819416853e-05,1.993944351682219279e-05,9.999999995661335017e-01,2.408748935765701038e-01
-9.999669356889426819e-01,-8.131857927735925556e-03,-2.038405670613144900e-05,1.912776235274891157e+00,8.131857516059130472e-03,-9.999669356960636524e-01,2.019810392537903999e-05,-2.582111907961048836e+00,-2.054763083301583437e-05,2.003167584425451141e-05,9.999999995882641324e-01,2.408773909278853487e-01
-9.999952147840089900e-01,3.093546146643148115e-03,-1.952749539481588568e-05,1.862249616064462154e+00,-3.093546538046863543e-03,-9.999952147725513774e-01,2.004535060586590890e-05,-2.580828098314250862e+00,-1.946539073418397859e-05,2.010566390030895989e-05,9.999999996084312226e-01,2.408797667834931266e-01
-9.999522084097046681e-01,9.776530471326117314e-03,-1.866811335106090323e-05,1.831012065284348678e+00,-9.776530842375842981e-03,-9.999522083825326257e-01,1.988930743782816113e-05,-2.579566020300854134e+00,-1.847277275150923740e-05,2.007086628214140776e-05,9.999999996279592684e-01,2.408818545429884106e-01
-9.999494544750804348e-01,1.005426163499595522e-02,-1.783156655206662283e-05,1.783559406003114134e+00,-1.005426198652024233e-02,-9.999494544357980796e-01,1.973464740849030326e-05,-2.576378897391967904e+00,-1.763224793715523919e-05,1.991293315212244576e-05,9.999999996462901608e-01,2.619118845405227769e-01
-9.999517632824618252e-01,9.821955998208963673e-03,-1.699015272370785114e-05,1.746851185378852644e+00,-9.821956330800516929e-03,-9.999517632313658089e-01,1.960403652351464481e-05,-2.575526754187978717e+00,-1.679678318952056756e-05,1.976996742724809947e-05,9.999999996635089428e-01,2.619141368317358110e-01
-9.999311929272494126e-01,1.173069263066047266e-02,-1.617076249793305851e-05,1.696140573299430132e+00,-1.173069294404768641e-02,-9.999311928656873238e-01,1.942308025488721551e-05,-2.572376153567924817e+00,-1.594180364969514680e-05,1.961143805912541092e-05,9.999999996806259173e-01,2.831839058418396116e-01
-9.998998222948514147e-01,1.415433284158801493e-02,-1.537968391183675259e-05,1.635461903777049475e+00,-1.415433313590302306e-02,-9.998998222246410217e-01,1.919919218097703803e-05,-2.572470293381794892e+00,-1.510639145289753286e-05,1.941495801957662690e-05,9.999999996974289207e-01,2.831867304743174163e-01
-9.999028689614569698e-01,1.393744705367935648e-02,-1.456962078560006496e-05,1.569616787253618417e+00,-1.393744732984327460e-02,-9.999028688827016342e-01,1.902815106271823050e-05,-2.572914767413818637e+00,-1.430300177408845309e-05,1.922936616095900745e-05,9.999999997128286022e-01,2.831897201439336209e-01
-9.999310751371872641e-01,1.174073185804699881e-02,-1.379951378330318390e-05,1.500658047292209529e+00,-1.174073211693227141e-02,-9.999310750520425950e-01,1.883148191736784817e-05,-2.573466765989806060e+00,-1.357746727285231070e-05,1.899220035473377050e-05,9.999999997274751085e-01,2.831928341232286539e-01
-9.999209722142674561e-01,1.257176030015298880e-02,-1.300115614506149521e-05,1.428970286719823291e+00,-1.257176054145509037e-02,-9.999209721218713653e-01,1.864778918480057080e-05,-2.573967989686249513e+00,-1.276569315551898923e-05,1.880976291313022828e-05,9.999999997416157971e-01,2.831960626791859004e-01
-9.999234222614198364e-01,1.237535705195995026e-02,-1.228197886531950272e-05,1.350757692922472053e+00,-1.237535727624939144e-02,-9.999234221655760591e-01,1.835669773448971419e-05,-2.574775147893628269e+00,-1.205386764921629301e-05,1.850728589660703834e-05,9.999999997560932163e-01,2.831995089224874640e-01
-9.999589364413592474e-01,9.062300837578841917e-03,-1.160151602410155280e-05,1.270891742144681702e+00,-9.062301046119221326e-03,-9.999589363438519118e-01,1.805054323772636659e-05,-2.572135937844033382e+00,-1.143746017033469100e-05,1.815493844898736952e-05,9.999999997697922582e-01,3.066139295758211758e-01
-9.999611358188708055e-01,8.816276718283500013e-03,-1.080096044290031882e-05,1.198421342288893854e+00,-8.816276910413978207e-03,-9.999611357158072478e-01,1.787154579897283282e-05,-2.569159842390181137e+00,-1.064298017815683947e-05,1.796607549414283862e-05,9.999999997819744024e-01,3.294849987742319297e-01
-9.999626659150911978e-01,8.640988102346451247e-03,-1.002990850936053253e-05,1.127641722334610908e+00,-8.640988278347508725e-03,-9.999626658083025088e-01,1.763879086830591602e-05,-2.569420495469296295e+00,-9.877117468800676632e-06,1.772480066205219012e-05,9.999999997941378949e-01,3.294884139241253673e-01
-9.999753051677801041e-01,7.027728611265473581e-03,-9.228838749240860073e-06,1.057572766324613722e+00,-7.027728771834535967e-03,-9.999753050564105239e-01,1.748280454755832877e-05,-2.569644706286811076e+00,-9.105746437864462039e-06,1.754723058824191420e-05,9.999999998045908667e-01,3.294918639725312737e-01
-9.994625605530200740e-01,-3.278093919542381107e-02,-8.846834102947684158e-06,9.887497855518609935e-01,3.278093904083967391e-02,-9.994625604511923056e-01,1.708648041640452591e-05,-2.569715741240369056e+00,-9.402190340012921973e-06,1.678728993838551255e-05,9.999999998148936253e-01,3.294953331717273559e-01
-9.963952173192469619e-01,-8.483260475967564773e-02,-8.545133677044716369e-06,9.099548772939021202e-01,8.483260460880805154e-02,-9.963952172288781384e-01,1.669438584977839406e-05,-2.567556047115433948e+00,-9.930558562888490635e-06,1.590930027024712589e-05,9.999999998241398957e-01,3.294684229958299015e-01
-9.852342939682799949e-01,-1.712115238954616536e-01,-8.615014430368942707e-06,8.544563451905905493e-01,1.712115237428109282e-01,-9.852342939006942801e-01,1.611413502436091948e-05,-2.562086916559430883e+00,-1.124673327302684431e-05,1.440120869594596318e-05,9.999999998330589834e-01,3.294714810857546361e-01
-9.701073938247961603e-01,-2.426760069947991316e-01,-8.690330700955695861e-06,7.912467328575026881e-01,2.426760068441914664e-01,-9.701073937776419909e-01,1.549545669809583793e-05,-2.550566862129405088e+00,-1.219092962542460981e-05,1.292332236085129798e-05,9.999999998421854608e-01,3.294746861077265665e-01
-9.510469153749944171e-01,-3.090465412825738056e-01,-8.774175681507697969e-06,7.177250111258360876e-01,3.090465411359759051e-01,-9.510469153465677117e-01,1.488852485870181594e-05,-2.532466445230161067e+00,-1.294589982898811795e-05,1.144805699566291899e-05,9.999999998506737819e-01,3.294574147473837145e-01
-9.258156411674589581e-01,-3.779753940266609158e-01,-8.948567165103039412e-06,6.593397859344779510e-01,3.779753938851568296e-01,-9.258156411585819479e-01,1.426480419347402468e-05,-2.512868502000045190e+00,-1.367646843315194881e-05,9.824240641571793230e-06,9.999999998582201899e-01,3.294604480484814579e-01
-9.091851252191325283e-01,-4.163921324951668779e-01,-8.740536209928498836e-06,6.118671658313362682e-01,4.163921323623290260e-01,-9.091851252178874132e-01,1.375817298344146572e-05,-2.492573931269576271e+00,-1.367556049630783956e-05,8.869235716294425370e-06,9.999999998671588175e-01,3.294632053484182199e-01
-8.940291961259571041e-01,-4.480087012569057281e-01,-8.513224507005396591e-06,5.557730143225422248e-01,4.480087011331506663e-01,-8.940291961305218971e-01,1.323632872481090807e-05,-2.466240048135452501e+00,-1.354106170388863617e-05,8.019665675663204517e-06,9.999999998761632813e-01,3.294662041215214443e-01
-8.775315024572705180e-01,-4.795189903703335754e-01,-8.324711904446544845e-06,4.983643139219239848e-01,4.795189902555448969e-01,-8.775315024676301201e-01,1.269671125993924794e-05,-2.436887944488455915e+00,-1.339351110950878996e-05,7.149906661612101010e-06,9.999999998847474147e-01,3.294692703964619551e-01
-8.440833503331319765e-01,-5.362119894420818156e-01,-8.304178623264795315e-06,4.526434822791792212e-01,5.362119893345191901e-01,-8.440833503534721505e-01,1.224644092827810590e-05,-2.410967314319937937e+00,-1.357610736799590287e-05,5.884216749027763209e-06,9.999999998905336751e-01,3.294720664011341893e-01
-7.704940635480880262e-01,-6.374471726811329342e-01,-8.830871317659280944e-06,4.163505053186717930e-01,6.374471725804017330e-01,-7.704940635906925017e-01,1.186395866624684830e-05,-2.386672751109294666e+00,-1.436678083519460272e-05,3.511895769659814525e-06,9.999999998906321519e-01,3.294746468369303960e-01
-6.973326983647440969e-01,-7.167475899533165551e-01,-9.351817145619074166e-06,3.865476519339884343e-01,7.167475898628652420e-01,-6.973326984262636641e-01,1.145946684952563779e-05,-2.360527019160879814e+00,-1.473487313189090692e-05,1.288168540040362627e-06,9.999999998906131671e-01,3.294771047688908605e-01
-6.300095324047559897e-01,-7.765873994479510767e-01,-9.889805339752330159e-06,3.361604481727332172e-01,7.765873993698489963e-01,-6.300095324819633413e-01,1.103776907276500548e-05,-2.308907743401610979e+00,-1.480246401836052080e-05,-7.263984767479358332e-07,9.999999998901808462e-01,3.294710163199438546e-01
-5.654153679587848869e-01,-8.248063176098180405e-01,-1.034228961395564584e-05,3.000569402729534874e-01,8.248063175450852658e-01,-5.654153680477731481e-01,1.063564628243277310e-05,-2.263322935548311765e+00,-1.462003773414525141e-05,-2.516827955210310299e-06,9.999999998899612441e-01,3.294738672631736809e-01
-5.224745124835921128e-01,-8.526549030493402181e-01,-1.053337849418081182e-05,2.678877943576525311e-01,8.526549029967509519e-01,-5.224745125768545106e-01,1.015771805270208699e-05,-2.215179742613370806e+00,-1.416444989596380460e-05,-3.674188030652475727e-06,9.999999998929355316e-01,3.294767245610982775e-01
-5.086811274320186538e-01,-8.609549991063312202e-01,-1.040704730870316920e-05,2.268894813002013122e-01,8.609549990640066319e-01,-5.086811275216733819e-01,9.485519394865207638e-06,-2.148999601732592968e+00,-1.346047390129172006e-05,-4.134894705865274395e-06,9.999999999008603035e-01,3.294525240787380405e-01
-4.894812947606898557e-01,-8.720137968916907845e-01,-1.048498801174035530e-05,1.920215230642187132e-01,8.720137968599320777e-01,-4.894812948493900695e-01,8.859417513876510265e-06,-2.089193606356989363e+00,-1.285773981299113077e-05,-4.806535050630747679e-06,9.999999999057891387e-01,3.294557119045106730e-01
-4.697917664477735400e-01,-8.827772629983940966e-01,-1.053299312400822028e-05,1.577720851536835167e-01,8.827772629767545176e-01,-4.697917665344448213e-01,8.228943395849403871e-06,-2.027427754904802981e+00,-1.221263757497956301e-05,-5.432396987030095976e-06,9.999999999106714554e-01,3.294589749143554958e-01
-4.478990449270587315e-01,-8.940841377860317962e-01,-1.062242837232488218e-05,1.202713924830386000e-01,8.940841377743413698e-01,-4.478990450116548394e-01,7.613131893218366335e-06,-1.957882517068560979e+00,-1.156455598826844020e-05,-6.087430208463532682e-06,9.999999999146033103e-01,3.294312397662765846e-01
-4.002001951817477643e-01,-9.164277405561149781e-01,-1.075658974479462503e-05,9.926749765549920668e-02,9.164277405550927957e-01,-4.002001952650480199e-01,7.134740887449242813e-06,-1.913904653409438383e+00,-1.084326378719119825e-05,-7.002312540171811345e-06,9.999999999166967468e-01,3.294340471928525749e-01
-3.069422136602017459e-01,-9.517281530691839020e-01,-1.135315509558665189e-05,8.256635148033368565e-02,9.517281530831273040e-01,-3.069422137478290402e-01,6.968575325933153153e-06,-1.873074542701000489e+00,-1.011695188253559886e-05,-8.666167394189162171e-06,9.999999999112735294e-01,3.294367717401210371e-01
-1.811421748571089008e-01,-9.834569194144952009e-01,-1.199110363125237389e-05,7.680575135680905996e-02,9.834569194458858687e-01,-1.811421749482613475e-01,7.001534784551201375e-06,-1.850158457051112038e+00,-9.057802422183152679e-06,-1.052446059973649059e-05,9.999999999035971143e-01,3.294389886249331489e-01
-3.257161909971672403e-02,-9.994694039673153174e-01,-1.274524463461392470e-05,7.539741706863187232e-02,9.994694040191486328e-01,-3.257161919397275063e-02,7.258826576716773379e-06,-1.833045629930879494e+00,-7.670108326905843689e-06,-1.250205032466806243e-05,9.999999998924352651e-01,3.294410554992749929e-01
5.599337573467649126e-02,-9.984311401878172010e-01,-1.330749538758800134e-05,7.466171315993899715e-02,9.984311402554616466e-01,5.599337564199245026e-02,7.238330765278248961e-06,-1.783164044459045749e+00,-6.481843250941978044e-06,-1.369191636800582443e-05,9.999999998852597827e-01,3.294440916677619513e-01
1.118903923495460362e-01,-9.937205542361023936e-01,-1.373160022606231847e-05,7.863150862628917603e-02,9.937205543162528354e-01,1.118903922619783053e-01,6.989984953037516719e-06,-1.724054525003464233e+00,-5.409657585955634261e-06,-1.442748554720456578e-05,9.999999998812928448e-01,3.294474679233820313e-01
1.714704650307480038e-01,-9.851892607108010402e-01,-1.422121796551897724e-05,8.604126820109683771e-02,9.851892608040510035e-01,1.714704649482129140e-01,6.841892600422380528e-06,-1.663749304618201030e+00,-4.302040256195370667e-06,-1.518377372106773137e-05,9.999999998754739439e-01,3.294509551006687964e-01
2.313358269657727062e-01,-9.728739563499130272e-01,-1.476916506650036872e-05,9.727661578779196738e-02,9.728739564568261722e-01,2.313358268882763913e-01,6.779310644388333804e-06,-1.602575510540949377e+00,-3.178777754822814520e-06,-1.593683348598753862e-05,9.999999998679575119e-01,3.294545561201136508e-01
2.712261408890051517e-01,-9.625156519594667559e-01,-1.521508650260173536e-05,1.117320931915581628e-01,9.625156520774211799e-01,2.712261408198793355e-01,6.475469046885945464e-06,-1.544549231103850007e+00,-2.106011117065436920e-06,-1.640107538649909706e-05,9.999999998632859155e-01,3.294581479791030554e-01
3.375132878375707857e-01,-9.413207637608116407e-01,-1.567909397967645472e-05,1.319031254367721839e-01,9.413207638911047503e-01,3.375132877776284013e-01,6.403335350501733055e-06,-1.471994220930129993e+00,-7.356899642958471354e-07,-1.692026748934378583e-05,9.999999998565828330e-01,3.294429303714793700e-01
4.129537683450529295e-01,-9.107519887137872638e-01,-1.623269803487441910e-05,1.446912168231647700e-01,9.107519888581344647e-01,4.129537682941438193e-01,6.528315436690956449e-06,-1.440124136984487047e+00,7.576775561651523343e-07,-1.747985448032205990e-05,9.999999998469415452e-01,3.294457630315454355e-01
4.741302090645443945e-01,-8.804547373785226450e-01,-1.673698821809196263e-05,1.715381231464023215e-01,8.804547375349696114e-01,4.741302090239677969e-01,6.566292527004111311e-06,-1.381469261706001150e+00,2.154188359861687754e-06,-1.784943821729339334e-05,9.999999998383797273e-01,3.294649109931144793e-01
5.115045061687316652e-01,-8.592805943772925392e-01,-1.719556108885232144e-05,1.924609560121952057e-01,8.592805945427627323e-01,5.115045061407439420e-01,6.320575029840344818e-06,-1.344903855424474104e+00,3.364459514118933196e-06,-1.800881456526626275e-05,9.999999998321826844e-01,3.294681436218618864e-01
5.093180142630606699e-01,-8.605783869184033819e-01,-1.777780068420487420e-05,2.108561205963492002e-01,8.605783870920722389e-01,5.093180142478739292e-01,5.710479806700461112e-06,-1.316532245992779959e+00,4.140238641593343683e-06,-1.820764127449529444e-05,9.999999998256713374e-01,3.294710974650368884e-01
5.093353123088443235e-01,-8.605681491298374786e-01,-1.839827824814732398e-05,2.257115348141690014e-01,8.605681493124130998e-01,5.093353123064663368e-01,5.165506959711548621e-06,-1.294324359173130601e+00,4.925622033785145008e-06,-1.846394736310109965e-05,9.999999998174117222e-01,3.294737905286450608e-01
5.093720993069540404e-01,-8.605463753256756831e-01,-1.901227801286073236e-05,2.391397813534209549e-01,8.605463755167223061e-01,5.093720993181268808e-01,4.612644586652023360e-06,-1.274673513290777160e+00,5.714929384521762116e-06,-1.871049939074331245e-05,9.999999998086297470e-01,3.294763843833933281e-01
5.094140144211646293e-01,-8.605215636613970931e-01,-1.962285601185298714e-05,2.530454879502755938e-01,8.605215638605198114e-01,5.094140144466171582e-01,4.052991397663455513e-06,-1.254169738990811522e+00,6.508471360882443057e-06,-1.895054136102766461e-05,9.999999997992597978e-01,3.294790383706635573e-01
5.094524631095735945e-01,-8.604988015228337561e-01,-2.023250025088122820e-05,2.667199296190710944e-01,8.604988017296850700e-01,5.094524631500003675e-01,3.489008492619660785e-06,-1.234082518448628152e+00,7.305209462092261978e-06,-1.918752619225410038e-05,9.999999997892377035e-01,3.294816919904487440e-01
5.078503129067443167e-01,-8.614453315479845275e-01,-2.084955094514529629e-05,2.806573417654036340e-01,8.614453317625552220e-01,5.078503129623054280e-01,2.930735986317673825e-06,-1.213526707049962905e+00,8.063782139202561462e-06,-1.944912351873941554e-05,9.999999997783548533e-01,3.294843886868361604e-01
5.067424750652317345e-01,-8.620974791206197363e-01,-2.141575120017228821e-05,2.893471301142986896e-01,8.620974793406976922e-01,5.067424751382876291e-01,2.266511677578221674e-06,-1.202312442084215949e+00,8.898316766483457650e-06,-1.961100286511623119e-05,9.999999997681155994e-01,3.294866300179919438e-01
5.067098109583575427e-01,-8.621166782944535978e-01,-2.202457400101477398e-05,2.954882213530664048e-01,8.621166785209675165e-01,5.067098110488813534e-01,1.667779683029943287e-06,-1.195657968666381743e+00,9.722247050025581303e-06,-1.983283291150234447e-05,9.999999997560696796e-01,3.294886476395758601e-01
5.066875530064248734e-01,-8.621297600221933255e-01,-2.263703849066157924e-05,3.112518916337305153e-01,8.621297602550158645e-01,5.066875531147903011e-01,1.084088873374073575e-06,-1.171645451225039158e+00,1.053528036235395672e-05,-2.006535890532897795e-05,9.999999997431959775e-01,3.294915844153293860e-01
5.067631868818387453e-01,-8.620853042952766332e-01,-2.322674420343169230e-05,3.265484245101292204e-01,8.620853045334549991e-01,5.067631870087073720e-01,4.876190328244827107e-07,-1.148474089308314738e+00,1.135008971407444121e-05,-2.027054222499439042e-05,9.999999997301416421e-01,3.294944998818933879e-01
5.068198825959683296e-01,-8.620519740930071562e-01,-2.382765076433005175e-05,3.403393959997994545e-01,8.620519743366596987e-01,5.068198827416492414e-01,-8.810372550060408289e-08,-1.128023094315671493e+00,1.215227715687951351e-05,-2.049602066538059884e-05,9.999999997161189702e-01,3.294972904351157750e-01
5.068805850581273864e-01,-8.620162828476506389e-01,-2.442638183607015063e-05,3.547945656916094981e-01,8.620162830963528089e-01,5.068805852232874942e-01,-6.677731256469000360e-07,-1.106377701659177148e+00,1.295689002751046347e-05,-2.071745764720740412e-05,9.999999997014542563e-01,3.295001671474038774e-01
