9.999999988214538504e-01,4.854989478685712228e-05,-1.216304632224032836e-09,2.162497490644454956e-02,-4.854989478687001073e-05,9.999999988214537394e-01,-1.059371111185981220e-08,-8.460660465061664581e-04,1.215790307230678648e-09,1.059377015083655831e-08,9.999999999999998890e-01,-2.345040957152377814e-05
9.999998943111306771e-01,-4.597583355995293929e-04,1.033603486087502729e-08,4.003060584987622877e-02,4.597583355995608890e-04,9.999998943111307881e-01,-3.050338685115621103e-09,-1.772254460878474724e-03,-1.033463134983430779e-08,3.055090440913112208e-09,9.999999999999998890e-01,-4.676224868812957542e-05
9.999999891697182175e-01,-1.471752798776174056e-04,-1.347719104868821169e-08,6.824809882661460325e-02,1.471752798769406466e-04,9.999999891697171073e-01,-5.019290601122602015e-08,-2.443109793957060419e-03,1.348457805771649494e-08,5.019092195825816758e-08,9.999999999999985567e-01,-7.049667793014550315e-05
9.999999861877457707e-01,1.662062183908912145e-04,-3.054779333710164312e-08,9.419796867273334817e-02,-1.662062183936525962e-04,9.999999861877422180e-01,-9.040839543662932599e-08,-3.178921398771204776e-03,3.053276647765133961e-08,9.041347142109643923e-08,9.999999999999954481e-01,-9.413291188850327854e-05
9.999998840318898852e-01,4.815975544890365042e-04,-4.602565436633996982e-08,1.451550466628796776e-01,-4.815975544949904546e-04,9.999998840318825577e-01,-1.294334808635189472e-07,-2.993386508033393355e-03,4.596331418097861482e-08,1.294556316959496685e-07,9.999999999999905631e-01,-9.666251181079932569e-05
9.999996259078296479e-01,8.649764089883788020e-04,-1.121268007153007533e-07,1.856669135177115848e-01,-8.649764090151362611e-04,9.999996259078073324e-01,-2.388053276097599555e-07,-3.394142245194585288e-03,1.119201977948168722e-07,2.389022253119938126e-07,9.999999999999651390e-01,-1.209240022998705902e-04
9.999981600179007613e-01,-1.918322390534031195e-03,-1.371645589638421878e-07,2.056895009565793686e-01,1.918322390494648201e-03,9.999981600178691199e-01,-2.866749531518662107e-07,-4.296944287784167614e-03,1.377142415649412624e-07,2.864112998304415659e-07,9.999999999999494849e-01,-1.443034499742243892e-04
9.999986921054000444e-01,-1.617339625661755233e-03,-1.561413404282912621e-07,2.327890094960138045e-01,1.617339625610804020e-03,9.999986921053591882e-01,-3.258871559507730609e-07,-4.956327132975259231e-03,1.566682064226823743e-07,3.256341961476510899e-07,9.999999999999346079e-01,-1.679858960668860544e-04
9.999991482273878907e-01,-1.305199015159247715e-03,-1.715126102368690811e-07,2.753226479813578043e-01,1.305199015096735219e-03,9.999991482273362653e-01,-3.640820373542857635e-07,-8.504692356661491467e-03,1.719876636637082959e-07,3.638578691492200765e-07,9.999999999999188427e-01,1.928631440448658196e-02
9.999995181872511907e-01,-9.816441410737568925e-04,-2.138985168337999034e-07,3.053313636949379073e-01,9.816441409809264183e-04,9.999995181871799144e-01,-4.336648861932586361e-07,-9.105283353333663149e-03,2.143241183694734540e-07,4.334547050221734444e-07,9.999999999998828715e-01,1.926250812475664015e-02
9.999997945493139806e-01,-6.410158085257437396e-04,-2.510033517831236666e-07,3.647820307570579512e-01,6.410158083996953709e-04,9.999997945492192786e-01,-5.019350421808295380e-07,-8.366152872453368194e-03,2.513250485111801462e-07,5.017740419414765586e-07,9.999999999998423483e-01,1.926079751371763057e-02
9.999928004079003951e-01,-3.794618859208616184e-03,-2.799851170562023596e-07,3.930750658961075783e-01,3.794618859051206942e-03,9.999928004077828225e-01,-5.606047099776904391e-07,-9.029989078100045946e-03,2.821103824825753551e-07,5.595382370470145672e-07,9.999999999998034905e-01,1.923706689972684916e-02
9.999939179933486910e-01,-3.487689238779514370e-03,-2.924571299394007000e-07,4.213955769442754851e-01,3.487689238605172059e-03,9.999939179932151312e-01,-5.945287394616847798e-07,-9.603871605272588929e-03,2.945288826999179343e-07,5.935051239490941334e-07,9.999999999997802869e-01,1.921333602622282352e-02
9.999949676722158509e-01,-3.172480125492807210e-03,-3.122323659399945354e-07,4.500070673429440449e-01,3.172480125293025179e-03,9.999949676720611969e-01,-6.382744613688566896e-07,-1.017826498998270976e-02,3.142557077276385721e-07,6.372806983871331168e-07,9.999999999997473132e-01,1.918959303842244363e-02
9.999958958057888481e-01,-2.865025561482645745e-03,-3.315251167449599413e-07,4.793797240700188311e-01,2.865025561256860209e-03,9.999958958056133218e-01,-6.795309876208967276e-07,-1.074052285124132630e-02,3.334706297507904032e-07,6.785783707600783932e-07,9.999999999997138955e-01,1.916581806578724831e-02
9.999967101619221532e-01,-2.565085809693467590e-03,-3.490039832940739681e-07,5.086987898623512860e-01,2.565085809442745838e-03,9.999967101617263099e-01,-7.169503942206225665e-07,-1.131327909133681905e-02,3.508418744098816838e-07,7.160528104049293268e-07,9.999999999996819211e-01,1.914204591093648586e-02
9.999974714163273326e-01,-2.248813201118235894e-03,-3.722694792174626334e-07,5.388696519989822908e-01,2.248813200833097228e-03,9.999974714161045108e-01,-7.645984969252527353e-07,-1.187167511167889697e-02,3.739879770962935603e-07,7.637593990548459077e-07,9.999999999996382893e-01,1.911823788386706954e-02
9.999981309690009201e-01,-1.933405893335093636e-03,-3.959680972563684945e-07,5.837583125926759653e-01,1.933405893012896505e-03,9.999981309687495656e-01,-8.124636810513270428e-07,-1.538619194757318530e-02,3.975381792486860246e-07,8.116965954788412037e-07,9.999999999995914379e-01,3.874574850750923949e-02
9.999987074412246546e-01,-1.607829500327331721e-03,-4.219210112716461894e-07,6.153489232723773350e-01,1.607829499961804234e-03,9.999987074409395493e-01,-8.652519000097675660e-07,-1.592594914277920340e-02,4.233116434438703852e-07,8.645724045722552514e-07,9.999999999995364819e-01,3.872188129787095673e-02
9.999991476525242895e-01,-1.305639320774630531e-03,-4.347236592799354979e-07,6.441230031555167379e-01,1.305639320383746591e-03,9.999991476522155365e-01,-8.982250108189068157e-07,-1.654983463956368264e-02,4.358960466372161985e-07,8.976566529160294824e-07,9.999999999995018429e-01,3.869813483773540397e-02
9.999995189616939228e-01,-9.808548160449201934e-04,-4.590278972851878899e-07,6.757099757213493874e-01,9.808548156089533926e-04,9.999995189613488655e-01,-9.490213139285087905e-07,-1.710950860545304084e-02,4.599585286013236228e-07,9.485706176893527262e-07,9.999999999994440003e-01,3.867426892852855735e-02
9.999997846018253700e-01,-6.563505679137954067e-04,-4.849077875256016108e-07,7.057619308802887126e-01,6.563505674279630038e-04,9.999997846014413438e-01,-1.001384903627621803e-06,-1.771872095262984684e-02,4.855649426273596594e-07,1.001066418429648972e-06,9.999999999993807176e-01,3.865046906719901698e-02
9.999999426981821538e-01,-3.385312007457718275e-04,-5.084948943645780029e-07,7.363161084441047777e-01,3.385312002119009742e-04,9.999999426977603800e-01,-1.049621070679874663e-06,-1.832499055223205456e-02,5.088501947080673151e-07,1.049448869147788817e-06,9.999999999993195443e-01,3.862664857404257690e-02
9.999999998350230790e-01,-1.815682921427386168e-05,-5.323311977717676681e-07,7.666094875591031865e-01,1.815682862937116385e-05,9.999999998345608931e-01,-1.098739251952033626e-06,-1.894747260647391615e-02,5.323511473046483208e-07,1.098729586324435562e-06,9.999999999992542632e-01,3.860283983858371626e-02
9.999999822652543280e-01,1.883325610899403639e-04,-5.808465589761131695e-07,8.019355976914822604e-01,-1.883325617745354582e-04,9.999999822647279712e-01,-1.178784863860009157e-06,-1.945570535912460527e-02,5.806245451022569839e-07,1.178894235275009999e-06,9.999999999991360244e-01,3.857881798306965482e-02
9.999999958859085991e-01,-9.070716294020948582e-05,-6.271457297094300819e-07,8.391626935995418757e-01,9.070716214896558437e-05,9.999999958853094117e-01,-1.261570451544705906e-06,-1.992480398310444295e-02,6.272601606054286753e-07,1.261513559745094720e-06,9.999999999990070165e-01,3.855471713108218207e-02
9.999999806720231144e-01,1.966102065080871635e-04,-6.167761052850692565e-07,8.865744489644220572e-01,-1.966102072890020742e-04,9.999999806714111594e-01,-1.266317137294147084e-06,-1.992966225275389497e-02,6.165271224897897788e-07,1.266438377296710393e-06,9.999999999990075716e-01,3.855187864652821067e-02
9.999998615800846924e-01,5.261553023436285875e-04,-6.399715493787106939e-07,9.197610046033338760e-01,-5.261553031861401948e-04,9.999998615794214452e-01,-1.317026309291224419e-06,-2.049771379268244473e-02,6.392785004175194830e-07,1.317362851413148689e-06,9.999999999989275246e-01,3.852795037446161974e-02
9.999996339847531113e-01,8.555874688199433626e-04,-6.658336467955580318e-07,9.509183584380140886e-01,-8.555874697318466195e-04,9.999996339840346860e-01,-1.370487444585421982e-06,-2.112556868845723648e-02,6.646608312060512142e-07,1.371056621891246341e-06,9.999999999988388177e-01,3.850410879383475704e-02
9.999992979908154389e-01,1.184912391884022833e-03,-7.073488806944562189e-07,9.820295178120106439e-01,-1.184912392901923657e-03,9.999992979900268475e-01,-1.440354798486075301e-06,-2.176478023094172501e-02,7.056416898790522717e-07,1.441191933798618371e-06,9.999999999987121413e-01,3.848026991817508208e-02
9.999995743795095926e-01,-9.226268020955159408e-04,-7.641841332697841908e-07,1.027934244743958114e+00,9.226268009266350850e-04,9.999995743786342928e-01,-1.528520524176272612e-06,-2.206769412319000562e-02,7.655940620198483969e-07,1.527814816844420453e-06,9.999999999985393906e-01,3.845580653718290443e-02
9.999995260935816699e-01,-9.735563541293843328e-04,-7.986233413815783206e-07,1.090577237688438172e+00,9.735563528579934626e-04,9.999995260926363150e-01,-1.590822601576264690e-06,-2.184648476776203385e-02,8.001717183601537334e-07,1.590044342847681077e-06,9.999999999984153787e-01,3.843063892908296642e-02
9.999990650411015869e-01,-1.367448790247179817e-03,-8.537911353008405978e-07,1.146488501079129252e+00,1.367448788804873690e-03,9.999990650400439884e-01,-1.687598353508375627e-06,-2.179431388743711603e-02,8.560980413672469472e-07,1.686429260019419193e-06,9.999999999982110976e-01,3.840575758484046642e-02
9.999774805048883275e-01,6.711071616542219932e-03,-9.238113874408396346e-07,1.205065435313791955e+00,-6.711071618227142967e-03,9.999774805036237835e-01,-1.833026260502219422e-06,-2.165086838274716402e-02,9.114890131644152734e-07,1.839184746059156403e-06,9.999999999978929077e-01,3.838076702553332165e-02
9.995841090592726408e-01,2.883763019369366479e-02,-9.960345281113640472e-07,1.261386138600557816e+00,-2.883763019563824123e-02,9.995841090577189947e-01,-1.996491631570473824e-06,-2.202100511395567103e-02,9.380461990168901959e-07,2.024384584171428488e-06,9.999999999975105469e-01,3.835587462419185606e-02
9.985502885100165926e-01,5.382677136289990005e-02,-1.099508739626358268e-06,1.330234599638928206e+00,-5.382677136521135663e-02,9.985502885080879132e-01,-2.193643467546950215e-06,-2.278785274003143624e-02,9.798380237916957484e-07,2.249646322949040413e-06,9.999999999969890752e-01,3.835511075063387232e-02
9.959637033200483547e-01,8.975690317502324489e-02,-1.201873445279338130e-06,1.399997889052193356e+00,-8.975690317769349780e-02,9.959637033176630405e-01,-2.390926229958732044e-06,-2.527302268673274274e-02,9.824201933585390845e-07,2.489152180814519156e-06,9.999999999964189756e-01,3.835444177848912339e-02
9.931189138842140274e-01,1.171103022106375208e-01,-1.253938690600029805e-06,1.459821331138360323e+00,-1.171103022134893507e-01,9.931189138814896511e-01,-2.513089651016119425e-06,-3.056418247415758696e-02,9.510015419697558028e-07,2.642646003724143736e-06,9.999999999960554886e-01,3.832939652215611170e-02
9.895475111011171609e-01,1.442072233690721017e-01,-1.329292327023950000e-06,1.507781790693587309e+00,-1.442072233721821972e-01,9.895475110979992106e-01,-2.653451072114169511e-06,-3.641028249807867767e-02,9.327511022729458438e-07,2.817409459769238500e-06,9.999999999955956342e-01,3.830484282846077088e-02
9.817723434069129951e-01,1.900606895683759068e-01,-1.446378292677971163e-06,1.552566407237355284e+00,-1.900606895718436051e-01,9.817723434031911944e-01,-2.842863855135027416e-06,-4.320305697410613266e-02,8.796975411939840936e-07,3.065944764730847886e-06,9.999999999949125140e-01,3.828041513048552336e-02
9.732734828533187166e-01,2.296491401506018659e-01,-1.630987327067842270e-06,1.600416884804780393e+00,-2.296491401547003930e-01,9.732734828488691647e-01,-3.072264062885595473e-06,-5.264763523109231708e-02,8.818539159404156687e-07,3.364707981994093742e-06,9.999999999939499506e-01,3.825583862602755653e-02
9.622300673632391277e-01,2.722375753985650793e-01,-1.801967776341364933e-06,1.655622375059036866e+00,-2.722375754032279049e-01,9.622300673580246322e-01,-3.277690725683249068e-06,-6.937900270985163098e-02,8.415969987395710764e-07,3.644455906155975966e-06,9.999999999930043737e-01,5.881767666943320261e-02
9.423656205265577013e-01,3.345848730081461553e-01,-1.928383448174384735e-06,1.702536896420367984e+00,-3.345848730130517867e-01,9.423656205204444802e-01,-3.457977122877626918e-06,-8.283630283703356800e-02,6.602554282171239219e-07,3.903886688295112210e-06,9.999999999921614924e-01,5.879309682278544003e-02
9.242338150519012752e-01,3.818269963089062635e-01,-2.080002873617543488e-06,1.751934064667154622e+00,-3.818269963141909806e-01,9.242338150449579404e-01,-3.622869854852675234e-06,-1.004674725980476135e-01,5.390994764915385744e-07,4.142580076945288014e-06,9.999999999912738691e-01,5.876835403452512069e-02
8.905617869679574028e-01,4.548622907950240490e-01,-2.267402093079499928e-06,1.797768150250790731e+00,-4.548622908005879872e-01,8.905617869598091429e-01,-3.820019012236070405e-06,-1.195718371835783195e-01,2.816790609830480122e-07,4.433318668012716434e-06,9.999999999901327818e-01,5.874372330445364054e-02
8.459891985161827055e-01,5.332000337469147144e-01,-2.497074672170396572e-06,1.839104788319540384e+00,-5.332000337527609268e-01,8.459891985066513298e-01,-4.015946419829533979e-06,-1.409465316171578664e-01,-2.880456605821509164e-08,4.728887592479942038e-06,9.999999999888179447e-01,5.871921283574011580e-02
8.119148135275191525e-01,5.837759292460193983e-01,-2.742225141967301264e-06,1.881322614991178588e+00,-5.837759292524234978e-01,8.119148135168527958e-01,-4.166895870334209896e-06,-1.677298170767727858e-01,-2.060802940141467050e-07,4.984009514022311321e-06,9.999999999875580636e-01,5.869453917939917303e-02
7.632689563229361207e-01,6.460808775264023085e-01,-2.899860907910850245e-06,1.926742144227616027e+00,-6.460808775326689624e-01,7.632689563110869324e-01,-4.289490341838948631e-06,-2.003888172395572598e-01,-5.579838755678992203e-07,5.147579496478455678e-06,9.999999999865949452e-01,5.866960022708668510e-02
7.056917525515021827e-01,7.085189837759365838e-01,-3.146904416556319619e-06,1.969266582416013822e+00,-7.085189837823420156e-01,7.056917525382637724e-01,-4.417075377807795380e-06,-2.363934370313028610e-01,-9.088372651560583650e-07,5.346735183795921525e-06,9.999999999852926535e-01,5.864465127587027010e-02
6.600068850633786788e-01,7.512595501269049292e-01,-3.472160493550918407e-06,2.005197281053523017e+00,-7.512595501341177151e-01,6.600068850488270966e-01,-4.519602942792831921e-06,-2.726412344800019927e-01,-1.103745041816638789e-06,5.591462790374498331e-06,9.999999999837581033e-01,5.861988789092967278e-02
6.196027711263911719e-01,7.849155406783884237e-01,-3.748262958604433246e-06,2.039983266277358709e+00,-7.849155406862933226e-01,6.196027711107111591e-01,-4.590298215535612708e-06,-3.123563512694064181e-01,-1.280562289719237876e-06,5.786231341429800452e-06,9.999999999824393804e-01,5.859503720624886780e-02
5.979797690143613398e-01,8.015111950773268212e-01,-3.904610015102049970e-06,2.063602852402072863e+00,-8.015111950856602663e-01,5.979797689980386188e-01,-4.626921316661740617e-06,-3.429665692300730706e-01,-1.373651439188158629e-06,5.896393979732897231e-06,9.999999999816723273e-01,5.857080158625822819e-02
5.915735288084632559e-01,8.062510527101556246e-01,-4.107063281481472296e-06,2.097246295601835619e+00,-8.062510527195267951e-01,5.915735287916146223e-01,-4.657383311800104568e-06,-3.880507602343933327e-01,-1.325390279617082393e-06,6.066508775055387935e-06,9.999999999807199780e-01,5.854578353850638239e-02
5.926726045524182140e-01,8.054434702663012535e-01,-4.293103949051623541e-06,2.131497398999296244e+00,-8.054434702768280552e-01,5.926726045352950223e-01,-4.665829208268937557e-06,-4.346550462706919027e-01,-1.213656570152815677e-06,6.223161692244793724e-06,9.999999999798991901e-01,5.852069820349668078e-02
5.974259651292973539e-01,8.019240713245695540e-01,-4.422023934309669287e-06,2.165808801798378536e+00,-8.019240713359999662e-01,5.974259651120479298e-01,-4.672466666933524057e-06,-4.812084031394353034e-01,-1.105131575972144259e-06,6.337580344974078525e-06,9.999999999793064420e-01,5.849561957084219166e-02
6.072853742987984749e-01,7.944837784009087800e-01,-4.536984782896187111e-06,2.201808008179683362e+00,-7.944837784132857683e-01,6.072853742815713662e-01,-4.673426804771194958e-06,-5.293604533906534071e-01,-9.577172839438014519e-07,6.442664559312456090e-06,9.999999999787870797e-01,5.847044650071361871e-02
6.133031801145256701e-01,7.898475860827289807e-01,-4.549291747092267755e-06,2.238497333244330534e+00,-7.898475860953144689e-01,6.133031800973713921e-01,-4.675065798224189455e-06,-5.771862002787730983e-01,-9.024943398228894843e-07,6.460479826179711277e-06,9.999999999787234639e-01,5.844527544314682965e-02
6.203655752891715780e-01,7.843127902660664841e-01,-4.603558976925255283e-06,2.275653576674379952e+00,-7.843127902791533490e-01,6.203655752720513838e-01,-4.680387025000579323e-06,-6.248600132975061783e-01,-8.149978940842479244e-07,6.514181175747349276e-06,9.999999999784501270e-01,5.842010047365234215e-02
6.294136964635461684e-01,7.770703949340170835e-01,-4.602816256670213863e-06,2.321816946141169957e+00,-7.770703949472989036e-01,6.294136964465995021e-01,-4.677313889343674272e-06,-6.809112764361261450e-01,-7.375265570473556185e-07,6.520677671052658440e-06,9.999999999784678906e-01,5.841957698572931845e-02
6.555109714912437102e-01,7.551856501763757334e-01,-4.721305301248277715e-06,2.369083570712245290e+00,-7.551856501910160224e-01,6.555109714748367233e-01,-4.657111201448584552e-06,-7.369259623677919535e-01,-4.221161259590799441e-07,6.618249501677786768e-06,9.999999999780098126e-01,5.841912331445073270e-02
7.019629720611512136e-01,7.122134412049799801e-01,-4.694280086280788953e-06,2.419342644752948690e+00,-7.122134412204497167e-01,7.019629720460968114e-01,-4.597426324116780016e-06,-7.940726727997675649e-01,2.086197799689295550e-08,6.570552420611859352e-06,9.999999999784132676e-01,5.839329939557479088e-02
7.337312295802832507e-01,6.794398300925916789e-01,-4.728213711356360499e-06,2.477301630128211585e+00,-6.794398301089439318e-01,7.337312295661735373e-01,-4.565200979311599904e-06,-8.501781207754154357e-01,3.674586823631326790e-07,6.562167248594159122e-06,9.999999999784010551e-01,5.839360460621606519e-02
7.487384438601967229e-01,6.628655539880460301e-01,-4.683173040303805244e-06,2.525416502496365734e+00,-6.628655540044022798e-01,7.487384438466049286e-01,-4.538910783031511014e-06,-8.944188814192802761e-01,4.977840837649424207e-07,6.502771088366743208e-06,9.999999999787326788e-01,5.836829728850649601e-02
7.484827675974126127e-01,6.631542404197581231e-01,-4.797042289211346967e-06,2.576883381562310671e+00,-6.631542404368754307e-01,7.484827675836264183e-01,-4.576730848125839278e-06,-9.447857196761125786e-01,5.554250196500331230e-07,6.606783107399202206e-06,9.999999999780205817e-01,7.998643007897685009e-02
7.447928836283330689e-01,6.672957069186572499e-01,-4.951994417812213702e-06,2.620483702328324060e+00,-6.672957069367647653e-01,7.447928836141607389e-01,-4.633263912528229785e-06,-9.833431658906459649e-01,5.964530842323521366e-07,6.755266605803906502e-06,9.999999999770049497e-01,7.996143802506200382e-02
7.255422037030399007e-01,6.881776737290243862e-01,-5.161917967811807526e-06,2.662397049026157259e+00,-6.881776737482047102e-01,7.255422036878493852e-01,-4.721146853183415686e-06,-1.020886552381888190e+00,4.962014788652118336e-07,6.977707991032156755e-06,9.999999999755323499e-01,7.993653014336622731e-02
6.777177864931683837e-01,7.353221075428424403e-01,-5.436280071863858586e-06,2.700613400202987791e+00,-7.353221075629257086e-01,6.777177864759594828e-01,-4.831473701614627888e-06,-1.057245198904894323e+00,1.315742721578531045e-07,7.271792582303485947e-06,9.999999999735514900e-01,7.991176579240681643e-02
5.926802070049786986e-01,8.054378760592988407e-01,-5.798407349485979771e-06,2.733893410225438636e+00,-8.054378760799777437e-01,5.926802069845011900e-01,-4.958184494656217701e-06,-1.093597876233397548e+00,-5.569083204122532870e-07,7.608874712878241737e-06,9.999999999708970577e-01,7.988713017128160065e-02
4.938754191690347684e-01,8.695326735109639715e-01,-6.122573446628491742e-06,2.760039729295737043e+00,-8.695326735314535815e-01,4.938754191451637521e-01,-5.043001640913086965e-06,-1.129607738175951281e+00,-1.361266172142643204e-06,7.814392207215637107e-06,9.999999999685407204e-01,7.986266828806927454e-02
4.216781380083650110e-01,9.067455805708286576e-01,-6.408524835552243582e-06,2.786173580695677110e+00,-9.067455805914806932e-01,4.216781379820814801e-01,-5.077779153584488291e-06,-1.175767278821957085e+00,-1.901918986759828154e-06,7.952090031448936361e-06,9.999999999665730721e-01,7.983779283463697529e-02
3.438711157499806936e-01,9.390168559237619395e-01,-6.626957716801750318e-06,2.817603445969175446e+00,-9.390168559437835905e-01,3.438711157212985259e-01,-5.103097781231000072e-06,-1.240089450254485692e+00,-2.513075490088576723e-06,7.977632927516722474e-06,9.999999999650205362e-01,7.983709674737513029e-02
2.446406893568233709e-01,9.696138061432297839e-01,-6.888982514568204435e-06,2.836415426255000316e+00,-9.696138061621931703e-01,2.446406893253078030e-01,-5.109209889263655856e-06,-1.291546722212526532e+00,-3.268635015999608139e-06,7.929573185913425817e-06,9.999999999632186443e-01,7.981208108244815247e-02
1.080296328025960872e-01,9.941476743337908095e-01,-7.297389574742732998e-06,2.845692568214895690e+00,-9.941476743515967884e-01,1.080296327675163981e-01,-5.042631237102957203e-06,-1.329973266359246287e+00,-4.224785800967873135e-06,7.799436475471199865e-06,9.999999999606596912e-01,7.978772769337398596e-02
-2.019171506599957283e-02,9.997961265102542905e-01,-7.601695567409153450e-06,2.848096410980424764e+00,-9.997961265260751906e-01,-2.019171510404096231e-02,-4.961295800921668674e-06,-1.358363919374163675e+00,-5.113775595437850545e-06,7.499968712155746685e-06,9.999999999587997346e-01,7.976385644364271388e-02
-1.318486502491488799e-01,9.912698590018959033e-01,-7.863823331040686410e-06,2.846884006785228571e+00,-9.912698590158062206e-01,-1.318486502895457324e-01,-4.858991681963528120e-06,-1.395861926625362237e+00,-5.853406491784524965e-06,7.154519549847166291e-06,9.999999999572751763e-01,7.973952688449567616e-02
-2.247610799914046276e-01,9.744139042806589934e-01,-8.100679886007214488e-06,2.839744699684276785e+00,-9.744139042930879402e-01,-2.247610800336325154e-01,-4.734663579493518538e-06,-1.449111993375626461e+00,-6.434239584135422538e-06,6.829247015629833115e-06,9.999999999559809893e-01,7.971437995399359433e-02
-2.733105611586575390e-01,9.619258480209113005e-01,-8.269906097636886400e-06,2.826979246320194150e+00,-9.619258480331402961e-01,-2.733105612017956432e-01,-4.613529757004195578e-06,-1.504551608277733488e+00,-6.698126200507258007e-06,6.694110029314807265e-06,9.999999999551619778e-01,7.968904584104903599e-02
-3.119047334552156325e-01,9.501133812218818253e-01,-8.447180568485033951e-06,2.811347123124944947e+00,-9.501133812346089780e-01,-3.119047334990075471e-01,-4.455657121512643141e-06,-1.559686939574785880e+00,-6.868095057317054286e-06,6.636038744969356800e-06,9.999999999543960350e-01,7.966367597947962564e-02
-3.545812256061222079e-01,9.350252159026206655e-01,-8.597602783666252502e-06,2.792393360611023834e+00,-9.350252159152593334e-01,-3.545812256506696292e-01,-4.323492265912544575e-06,-1.617829647673046045e+00,-7.091122822078177493e-06,6.505946212605301779e-06,9.999999999536941520e-01,7.963810508837805557e-02
-3.933011219215346022e-01,9.194097168397615816e-01,-8.711642057519262687e-06,2.770870785546312387e+00,-9.194097168519477226e-01,-3.933011219668062219e-01,-4.227721237574694115e-06,-1.674932857490564198e+00,-7.313306581311537848e-06,6.346800851509669642e-06,9.999999999531166139e-01,7.961252701264850962e-02
-4.298174723132462405e-01,9.029157991841986197e-01,-8.821154204808109907e-06,2.747607307703153090e+00,-9.029157991960061747e-01,-4.298174723591664526e-01,-4.124970016857767366e-06,-1.729524160273111955e+00,-7.515986802983043460e-06,6.191775312651782504e-06,9.999999999525857053e-01,7.958701984610709601e-02
-4.596696874056074855e-01,8.880899607593391032e-01,-8.883017771707507666e-06,2.720727288938104227e+00,-8.880899607701570053e-01,-4.596696874522357423e-01,-4.101913190307260619e-06,-1.786385488286962309e+00,-7.726121926971635457e-06,6.003393750442843618e-06,9.999999999521329563e-01,7.956132154750795993e-02
-5.154927019012184308e-01,8.568939690565614553e-01,-9.004196498993592427e-06,2.688885448795305333e+00,-8.568939690659386210e-01,-5.154927019488101392e-01,-3.992262293946954243e-06,-1.850946463966899769e+00,-8.062543064719280720e-06,5.657659599667168612e-06,9.999999999514930238e-01,7.956024058377346442e-02
-5.612241692491274359e-01,8.276638398331642721e-01,-9.124168391638143647e-06,2.651345351907380632e+00,-8.276638398418504350e-01,-5.612241692973489737e-01,-3.839942653244063969e-06,-1.906365775238641591e+00,-8.298885507249375302e-06,5.396675620855668880e-06,9.999999999510020832e-01,1.008037099011371840e-01
-5.972646551207800858e-01,8.020442205132196634e-01,-9.208637561343092817e-06,2.617266945994120686e+00,-8.020442205211015807e-01,-5.972646551695156569e-01,-3.733510255557676279e-06,-1.956837513145013308e+00,-8.494434060353497163e-06,5.155840819773198557e-06,9.999999999506308246e-01,1.007780643953982286e-01
-6.313994700714171682e-01,7.754577416644256038e-01,-9.286771983599765689e-06,2.580526063959743155e+00,-7.754577416713267501e-01,-6.313994701207068516e-01,-3.646559164622102126e-06,-2.006410349367300672e+00,-8.691415444220285349e-06,4.899063705692349672e-06,9.999999999502290349e-01,1.007523656003684182e-01
-6.664882820131412533e-01,7.455155061107852088e-01,-9.356977746054540349e-06,2.542436433317270428e+00,-7.455155061164492336e-01,-6.664882820629517424e-01,-3.565215427728030674e-06,-2.053364133542335601e+00,-8.894239407265801289e-06,4.599597694636994478e-06,9.999999999498678793e-01,1.007267187774229522e-01
-7.022141283138411127e-01,7.119658123166802133e-01,-9.417191233361885597e-06,2.498961137024127588e+00,-7.119658123206945577e-01,-7.022141283641667453e-01,-3.505419551295763806e-06,-2.102344772788879101e+00,-9.108623611922946279e-06,4.243163071652360069e-06,9.999999999495140512e-01,1.007007989402590037e-01
-7.329135343713907291e-01,6.803217996253267952e-01,-9.476002753779413167e-06,2.454171420458679975e+00,-6.803217996280147561e-01,-7.329135344221109349e-01,-3.433522893551824352e-06,-2.148036143027311162e+00,-9.280991144462058816e-06,3.930255847473076278e-06,9.999999999492079628e-01,1.006749435114545899e-01
-7.620944005509048269e-01,6.474659254031240874e-01,-9.530740003349301591e-06,2.408210629034686079e+00,-6.474659254042666179e-01,-7.620944006020266004e-01,-3.381574537482530753e-06,-2.190929385241402905e+00,-9.452777877377005524e-06,3.593750375995059882e-06,9.999999999488649038e-01,1.006491352833938369e-01
-7.963193750150224792e-01,6.048763947152598908e-01,-9.589319445553818040e-06,2.358046553620063435e+00,-6.048763947142631325e-01,-7.963193750665429338e-01,-3.332590034948230650e-06,-2.233872077434112313e+00,-9.651965913600344337e-06,3.146546960178695952e-06,9.999999999484693314e-01,1.006231502251076076e-01
-8.349887166664943239e-01,5.502670651116051692e-01,-9.649014790852657181e-06,2.311669959454672796e+00,-5.502670651088221732e-01,-8.349887167180252145e-01,-3.179556291130350287e-06,-2.269169688827501030e+00,-9.806423586484732860e-06,2.654641423054289286e-06,9.999999999483935031e-01,1.005975597899162050e-01
-8.824062203580246289e-01,4.704883231060630888e-01,-9.711455804242723520e-06,2.254066949359064154e+00,-4.704883231008111788e-01,-8.824062204092961714e-01,-2.961151875378292685e-06,-2.308658112554947017e+00,-9.962636391202837812e-06,1.956187721947154611e-06,9.999999999484596724e-01,1.005961411546255485e-01
-9.269242009016298578e-01,3.752486185021969289e-01,-9.750385180272486992e-06,2.208842747572951737e+00,-3.752486184946540737e-01,-9.269242009521452275e-01,-2.661186257527462289e-06,-2.332636807689143943e+00,-1.003647445891391113e-05,1.192100623478949510e-06,9.999999999489240787e-01,1.005709081736649024e-01
-9.617785083022634129e-01,2.738285976166929814e-01,-9.754528885099024096e-06,2.170847472231453246e+00,-2.738285976068053906e-01,-9.617785083516455780e-01,-2.361170048879952593e-06,-2.347615908547542318e+00,-1.002825212400290167e-05,4.001463574619904702e-07,9.999999999496370640e-01,1.005462204425457556e-01
-9.855488130078023934e-01,1.693916676935318388e-01,-9.742597881967966328e-06,2.129374437307260948e+00,-1.693916676809600064e-01,-9.855488130558643922e-01,-2.107411461116363588e-06,-2.359091765745450875e+00,-9.958783720569058410e-06,-4.266419612507344385e-07,9.999999999503202952e-01,1.005214171103094162e-01
-9.969670650408291035e-01,7.782461775931970305e-02,-9.720789967399034561e-06,2.080916477746983073e+00,-7.782461774448791447e-02,-9.969670650875750439e-01,-1.895423514716197330e-06,-2.367249103737843807e+00,-9.838818054655360602e-06,-1.133158055088702351e-06,9.999999999509568971e-01,1.004962931904214846e-01
-9.999868146605418451e-01,-5.135212883302523248e-03,-9.680350106890937793e-06,2.027438960040042204e+00,5.135212900031231945e-03,-9.999868147058584844e-01,-1.704070852682305426e-06,-2.371365188332976270e+00,-9.671471702030616548e-06,-1.753759042675381636e-06,9.999999999516936411e-01,1.004709374091864726e-01
-9.956079697917168403e-01,-9.362035246012992418e-02,-9.615613492518131029e-06,1.971137266391361997e+00,9.362035247870156840e-02,-9.956079698352754415e-01,-1.498846624065445882e-06,-2.371083426892529822e+00,-9.433058878777961286e-06,-2.392480768883476619e-06,9.999999999526469896e-01,1.004454499570155701e-01
-9.839774799796864313e-01,-1.782927895393003059e-01,-9.545885296380113207e-06,1.913954164773453925e+00,1.782927895597264945e-01,-9.839774800213940686e-01,-1.326535212993365897e-06,-2.362084362534825122e+00,-9.156424494958669593e-06,-3.007243294294318020e-06,9.999999999535584827e-01,1.210215731856095767e-01
-9.628674227711663258e-01,-2.699746767330299391e-01,-9.429287475017515864e-06,1.870922594099314384e+00,2.699746767550122994e-01,-9.628674228105229549e-01,-1.117905025826805842e-06,-2.353981665007473190e+00,-8.777347682043821011e-06,-3.622063169218731572e-06,9.999999999549197272e-01,1.209967689157252363e-01
-9.376896588450881476e-01,-3.474738891020011655e-01,-9.344301585762616560e-06,1.821515775696861850e+00,3.474738891254507966e-01,-9.376896588824616963e-01,-9.634132993874384007e-07,-2.340009598812720526e+00,-8.427294000497833473e-06,-4.150283501195481723e-06,9.999999999558782937e-01,1.209715891447910585e-01
-9.059708855251598081e-01,-4.233399986956429828e-01,-9.226823340079951305e-06,1.760078606553823199e+00,4.233399987202015047e-01,-9.059708855603164634e-01,-7.983719619056269688e-07,-2.313404606350935477e+00,-8.021250527009046705e-06,-4.629385134287071915e-06,9.999999999571145270e-01,1.422160564749930245e-01
-8.636762044643606639e-01,-5.040470352651312824e-01,-9.081341710833198025e-06,1.713373412665167184e+00,5.040470352908238416e-01,-8.636762044968728791e-01,-6.389784164284558334e-07,-2.291460786453635823e+00,-7.521263564152365831e-06,-5.129293819243947908e-06,9.999999999585608146e-01,1.421909023895192303e-01
-8.169887165523586070e-01,-5.766536542379107066e-01,-8.955297029965681685e-06,1.666289698014426834e+00,5.766536542646987229e-01,-8.169887165823705999e-01,-5.113566656718562833e-07,-2.263940632156541621e+00,-7.021500937246971870e-06,-5.581877383343255537e-06,9.999999999597709577e-01,1.421656254798112917e-01
-7.671877614550728364e-01,-6.414225897133551957e-01,-8.886534052111445635e-06,1.608927252118057982e+00,6.414225897414754796e-01,-7.671877614829145653e-01,-4.181261553756445284e-07,-2.224978907716883114e+00,-6.549444605373121663e-06,-6.020804954679585537e-06,9.999999999604277656e-01,1.421643473662715096e-01
-6.976724969168488499e-01,-7.164168388377070151e-01,-8.694830424432162556e-06,1.574753681907231417e+00,7.164168388665479448e-01,-6.976724969413490296e-01,-2.955349836767799835e-07,-2.196047225769984124e+00,-5.854417813923506831e-06,-6.435309557140430306e-06,9.999999999621567159e-01,1.421396090013798963e-01
-6.306597667453106570e-01,-7.760594426564190185e-01,-8.518345296552027701e-06,1.533132485242767906e+00,7.760594426856413097e-01,-6.306597667668458751e-01,-2.015797245539759725e-07,-2.148145050609907347e+00,-5.215739809274750997e-06,-6.737870525513810206e-06,9.999999999636990378e-01,1.631268017531703751e-01
-5.614886151137689074e-01,-8.274844621065859940e-01,-8.354621316970439136e-06,1.498721321322138200e+00,8.274844621360548658e-01,-5.614886151324791630e-01,-1.273976696863333046e-07,-2.105745813384742871e+00,-4.585605161047976119e-06,-6.984851667944595830e-06,9.999999999650924787e-01,1.631016472703923637e-01
-4.844088547569236347e-01,-8.748417350387907021e-01,-8.210221110298259251e-06,1.469606044317495419e+00,8.748417350685406824e-01,-4.844088547727655181e-01,-6.728242184614788890e-08,-2.062662150857761834e+00,-3.918242334805250997e-06,-7.215236282341446684e-06,9.999999999662941841e-01,1.630766518184267877e-01
-3.987588501330814328e-01,-9.170558212978515700e-01,-8.016812017648233384e-06,1.445551554235102065e+00,9.170558213273862780e-01,-3.987588501457418055e-01,-2.086632465735315402e-08,-2.018911094474879153e+00,-3.177639157495842424e-06,-7.360184760898523282e-06,9.999999999678653717e-01,1.630517887317583514e-01
-3.244451074057505546e-01,-9.459045259532610217e-01,-7.849282775261889300e-06,1.425839570783445254e+00,9.459045259823968266e-01,-3.244451074157519987e-01,9.149479469125812413e-10,-1.973194200935739717e+00,-2.547526846560438015e-06,-7.424375252450974769e-06,9.999999999691946417e-01,1.630269692398532699e-01
-2.399117561743565885e-01,-9.707946998165588592e-01,-7.577418479826284327e-06,1.409186039831843207e+00,9.707946998444496600e-01,-2.399117561811565658e-01,-1.190210668491120380e-08,-1.924310807826408176e+00,-1.806357272728297974e-06,-7.358973154035686343e-06,9.999999999712915200e-01,1.630020961391526468e-01
-1.530792154649272263e-01,-9.882139210409508490e-01,-7.315444479339374305e-06,1.396794007396676696e+00,9.882139210674412144e-01,-1.530792154687012074e-01,-4.454931836642491728e-08,-1.873760986742004198e+00,-1.075818245119514596e-06,-7.236043647984149248e-06,9.999999999732415157e-01,1.629772431012136424e-01
-7.060083578880581301e-02,-9.975046475758458930e-01,-7.107278342966082700e-06,1.385012723076407770e+00,9.975046476010771546e-01,-7.060083578999766518e-02,-8.339612394421462279e-08,-1.805737281743280853e+00,-4.185917699813788342e-07,-7.095431014955147308e-06,9.999999999747402057e-01,1.629763464742218226e-01
2.005716326515291983e-02,-9.997988348432902406e-01,-6.910719721185533705e-06,1.381062943928551112e+00,9.997988348671390524e-01,2.005716326648090964e-02,-1.229427455626825237e-07,-1.749916668987551605e+00,2.615274475027224617e-07,-6.906863642614629055e-06,9.999999999761137737e-01,1.629513948734163387e-01
1.072325502759375604e-01,-9.942339664871374660e-01,-6.676530495257799268e-06,1.382201817796426591e+00,9.942339665091197709e-01,1.072325502797491642e-01,-2.145808293027143512e-07,-1.697357313933097078e+00,9.292849410767561641e-07,-6.615023347252791341e-06,9.999999999776894022e-01,1.629266268647298621e-01
2.237848278954014114e-01,-9.746385744281228503e-01,-6.367581344143428841e-06,1.387613251607232812e+00,9.746385744472739754e-01,2.237848279022634501e-01,-3.772991662153939826e-07,-1.648830812716644889e+00,1.792698416745898037e-06,-6.121656574956405651e-06,9.999999999796562733e-01,1.629020522341917687e-01
3.030500461800514911e-01,-9.529746426180160102e-01,-6.110439337641403681e-06,1.399512854517719784e+00,9.529746426345789834e-01,3.030500461890183184e-01,-5.770456258210105671e-07,-1.597353536537072571e+00,2.401678772548493527e-06,-5.648220040576023315e-06,9.999999999811652884e-01,1.628773537640897107e-01
3.747746299179662288e-01,-9.271159456804581867e-01,-5.906384044355778439e-06,1.414808946234153098e+00,9.271159456946781452e-01,3.747746299285577010e-01,-7.602728532238550757e-07,-1.549739977448646222e+00,2.918423979731192865e-06,-5.190971851715206244e-06,9.999999999822687391e-01,1.628528026149771157e-01
4.528578731124603962e-01,-8.915827200701176292e-01,-5.695016666670119741e-06,1.434778995307618432e+00,8.915827200816494047e-01,4.528578731245227473e-01,-9.714775320472688409e-07,-1.500528187219323684e+00,3.445185715586650806e-06,-4.637637201640593256e-06,9.999999999833119046e-01,1.628281524980454698e-01
5.268360054788052693e-01,-8.499669542402920053e-01,-5.533684506235266337e-06,1.459777503782242691e+00,8.499669542494094898e-01,5.268360054919116742e-01,-1.145121659300377109e-06,-1.451357114243867485e+00,3.888659809907601663e-06,-4.100157644768853738e-06,9.999999999840337717e-01,1.628034488522588641e-01
5.974937806283767694e-01,-8.018735449442722096e-01,-5.377675181363387992e-06,1.488036314812574146e+00,8.018735449507723434e-01,5.974937806423138431e-01,-1.355988426977316318e-06,-1.405880992220609027e+00,4.300458722022859440e-06,-3.502020809550635457e-06,9.999999999846211907e-01,1.627788332420391781e-01
6.543312351875346655e-01,-7.562080630555864103e-01,-5.260944693799155384e-06,1.520823495298377903e+00,7.562080630598330133e-01,6.543312352019527989e-01,-1.544335643236203814e-06,-1.361926650326825250e+00,4.610239505302112061e-06,-2.967861747779874920e-06,9.999999999849690235e-01,1.627541893655138072e-01
7.078546940733847492e-01,-7.063580763690301412e-01,-5.149977881204425842e-06,1.558583314641804218e+00,7.063580763709599308e-01,7.078546940880413585e-01,-1.745066534116998089e-06,-1.318221795773230953e+00,4.878077857834989381e-06,-2.402474931875451841e-06,9.999999999852164922e-01,1.627294499782461212e-01
7.641683019194059900e-01,-6.450169038995022808e-01,-5.051332280031703194e-06,1.595903635827056188e+00,6.450169038988856629e-01,7.641683019340866911e-01,-1.967973652093831106e-06,-1.281097292280336752e+00,5.129444282966021469e-06,-1.754331623887865148e-06,9.999999999853058652e-01,1.627049216522969133e-01
8.149673419728801216e-01,-5.795068864930961183e-01,-4.974003731807151485e-06,1.639455126067582036e+00,5.795068864900873029e-01,8.149673419873003644e-01,-2.173129289058110530e-06,-1.244303959024946948e+00,5.312993988594804745e-06,-1.111440015542527203e-06,9.999999999852686727e-01,1.626802405569626186e-01
8.558343938777933646e-01,-5.172499301417441409e-01,-4.918838135244959575e-06,1.696467634262498914e+00,5.172499301361230817e-01,8.558343938918118177e-01,-2.452264434730642316e-06,-1.202122614348718477e+00,5.478144461682804628e-06,-4.455364356805782045e-07,9.999999999848959709e-01,1.626799812711906545e-01
8.905545730444059949e-01,-4.548764144312572033e-01,-4.884994536757005528e-06,1.742979725496928145e+00,4.548764144231025597e-01,8.905545730577780761e-01,-2.731889167432577856e-06,-1.174059939417086085e+00,5.593026173176531444e-06,2.108275917510899610e-07,9.999999999843370846e-01,1.626554211939195416e-01
9.210154041159860361e-01,-3.895261549078963270e-01,-4.872466443282123668e-06,1.803528592848183232e+00,3.895261548972425159e-01,9.210154041284577264e-01,-3.010975883353962285e-06,-1.141779363477515075e+00,5.660470508725103838e-06,8.752020514732117152e-07,9.999999999835968989e-01,1.626549517901587638e-01
9.411308963723251653e-01,-3.380423580992781840e-01,-4.909946452350734893e-06,1.843522979995525279e+00,3.380423580860278387e-01,9.411308963839609687e-01,-3.341031965686825223e-06,-1.125204148184389297e+00,5.750312630063931608e-06,1.484578531846666064e-06,9.999999999823653285e-01,1.626308136218101164e-01
9.574516023380682528e-01,-2.885938827411407281e-01,-4.966167097098390881e-06,1.896714043266088057e+00,2.885938827252165217e-01,9.574516023486538963e-01,-3.685372592736833542e-06,-1.109932240796360325e+00,5.818440630533717428e-06,2.095360449314840748e-06,9.999999999808779627e-01,1.830199301874981810e-01
9.780377543293485854e-01,-2.084278078411284929e-01,-4.995094812307312092e-06,1.947202480633217325e+00,2.084278078228311293e-01,9.780377543380441852e-01,-3.945569169224208181e-06,-1.094798787299426257e+00,5.707757645561594066e-06,2.817798948222748425e-06,9.999999999797410943e-01,1.829954484976865914e-01
9.929641008768979038e-01,-1.184157689848153588e-01,-5.047087438024828960e-06,1.999521070429715719e+00,1.184157689641043981e-01,9.929641008832138516e-01,-4.222974180976800080e-06,-1.083712756559394919e+00,5.511643375020668656e-06,3.595607020637198730e-06,9.999999999783469873e-01,1.829709321291540791e-01
9.988355802902690872e-01,-4.824399983668703484e-02,-5.095459679320527982e-06,2.065528429260717225e+00,4.824399981434523976e-02,9.988355802945634299e-01,-4.420311922376028946e-06,-1.079466733942379131e+00,5.302779953322876984e-06,4.169339468227309404e-06,9.999999999772488657e-01,2.041568545331738094e-01
9.998799084698989370e-01,1.549737432219826239e-02,-5.229582135883978800e-06,2.130855593970257811e+00,-1.549737434689020012e-02,9.998799084720760844e-01,-4.714678349312335844e-06,-1.075285537610626729e+00,5.155888972186810857e-06,4.795156948413032276e-06,9.999999999752119395e-01,2.041560527771659195e-01
9.944445317277971208e-01,1.052619270572013183e-01,-5.375029555944690714e-06,2.183267579755206356e+00,-1.052619270842332228e-01,9.944445317267849305e-01,-5.021153070576840983e-06,-1.076186087025168714e+00,4.816632501520935240e-06,5.559044183196819461e-06,9.999999999729488609e-01,2.041315468243195264e-01
9.823770298282757940e-01,1.869100618887005738e-01,-5.526417115786236814e-06,2.236426865592049396e+00,-1.869100619176716493e-01,9.823770298240486198e-01,-5.292982837214923043e-06,-1.081875863884725897e+00,4.439713482095187465e-06,6.232647723849714495e-06,9.999999999707218645e-01,2.041069832880469115e-01
9.707893200110311316e-01,2.399335243791402561e-01,-5.615008866514556634e-06,2.306718736184225627e+00,-2.399335244090816666e-01,9.707893200045504267e-01,-5.453666177822944600e-06,-1.093865999005509515e+00,4.142473292510803046e-06,6.641589747266967254e-06,9.999999999693650610e-01,2.041067104967151380e-01
9.499100209105928450e-01,3.125235225370757153e-01,-5.887166247453819288e-06,2.353854220893366378e+00,-3.125235225695365271e-01,9.499100209006627882e-01,-5.764907795969424198e-06,-1.105703386003966449e+00,3.790608921666709622e-06,7.316021618623693428e-06,9.999999999660540428e-01,2.040822992534483682e-01
9.204478982247716878e-01,3.908652793692749539e-01,-6.097765125206543795e-06,2.402355898363889963e+00,-3.908652794032022593e-01,9.204478982109651763e-01,-6.006382449280127313e-06,-1.121787658151129019e+00,3.264988739243890002e-06,7.911966770772997361e-06,9.999999999633707448e-01,2.040577731083105528e-01
8.854267173312020400e-01,4.647790100634059951e-01,-6.369908475024858010e-06,2.443560683110158394e+00,-4.647790100990038531e-01,8.854267173133796298e-01,-6.248675446394062668e-06,-1.139582486294216768e+00,2.735833962445382503e-06,8.493343943612073963e-06,9.999999999601896228e-01,2.040334660888823148e-01
8.435677566306294395e-01,5.370227555043205481e-01,-6.611947391623925133e-06,2.487692945869997452e+00,-5.370227555408537690e-01,8.435677566086601242e-01,-6.445470669740775803e-06,-1.162917475590666161e+00,2.116261208380197793e-06,8.987957441042772891e-06,9.999999999573695453e-01,2.040089331133964068e-01
8.112912416534037163e-01,5.846422163771619607e-01,-6.788375325165617227e-06,2.544952718924661461e+00,-5.846422164142034417e-01,8.112912416284774331e-01,-6.573761646498364175e-06,-1.198038654453106977e+00,1.664050867249740091e-06,9.302006044477481315e-06,9.999999999553522700e-01,2.040080948460848143e-01
8.090730477751183480e-01,5.877080936283300971e-01,-6.902083715538871202e-06,2.591951113483236480e+00,-5.877080936664385025e-01,8.090730477496947959e-01,-6.632051223206066368e-06,-1.231849747112539584e+00,1.686579726318691929e-06,9.422224358945537612e-06,9.999999999541890894e-01,2.039831800891812319e-01
8.065434417825739777e-01,5.911748273300230228e-01,-6.988608474828643358e-06,2.646179076026185850e+00,-5.911748273689291233e-01,8.065434417566355041e-01,-6.684373780164026316e-06,-1.270911397748335281e+00,1.684982817080074252e-06,9.522727243470532034e-06,9.999999999532397377e-01,2.039578992464902429e-01
8.019426222554080219e-01,5.974010634067027370e-01,-7.117885070568904931e-06,2.699999976097644971e+00,-5.974010634467662451e-01,8.019426222286915040e-01,-6.756195007418515586e-06,-1.310039158657084091e+00,1.671977336199596529e-06,9.670312851367808500e-06,9.999999999518451865e-01,2.039326302890912268e-01
8.017641951391186739e-01,5.976405067781931368e-01,-7.129454838426270137e-06,2.752375304535478850e+00,-5.976405068183856528e-01,8.017641951122649324e-01,-6.771127926528062505e-06,-1.348775272951068249e+00,1.669441294649865205e-06,9.689698935172633579e-06,9.999999999516617777e-01,2.039074179716889312e-01
8.015555198743712362e-01,5.979203529794376859e-01,-7.202395879998657609e-06,2.811691361706762038e+00,-5.979203530203882622e-01,8.015555198472918974e-01,-6.805512772461990888e-06,-1.397470738769414300e+00,1.703965574621763863e-06,9.761455415503814560e-06,9.999999999509057158e-01,2.258744360315489141e-01
7.922638298676283330e-01,6.101786818864666229e-01,-7.401031717688217361e-06,2.870458343125916301e+00,-6.101786819290971886e-01,7.922638298393882561e-01,-6.891847510946334427e-06,-1.439542882833200643e+00,1.658311303426685111e-06,9.976113282300444896e-06,9.999999999488640157e-01,2.258740670729480482e-01
7.380619861934591963e-01,6.747329134386378380e-01,-7.666634618182864677e-06,2.924908213051268469e+00,-6.747329134815848173e-01,7.380619861604078569e-01,-7.043380626135119547e-06,-1.480013095100093601e+00,9.060508431327722864e-07,1.037138220696709940e-05,9.999999999458071276e-01,2.258732642830370563e-01
6.717111194530583917e-01,7.408131828877675407e-01,-7.925774552862685699e-06,2.963935833772279871e+00,-7.408131829301648485e-01,6.717111194147544762e-01,-7.173470819866375088e-06,-1.515793867260849748e+00,9.629146714632206479e-09,1.069001838846938112e-05,9.999999999428620390e-01,2.258485129660341706e-01
5.816698960129750295e-01,8.134249393794289462e-01,-8.235951779444090158e-06,2.999316320314544981e+00,-8.134249394203197925e-01,5.816698959683564985e-01,-7.294775422478355942e-06,-1.554932928441976614e+00,-1.143147041066364160e-06,1.094247983869395352e-05,9.999999999394780792e-01,2.258237221636332226e-01
4.773488828542530871e-01,8.787138578424769086e-01,-8.566881753001855286e-06,3.027548524593867807e+00,-8.787138578809712275e-01,4.773488828032126929e-01,-7.380259657427361969e-06,-1.594719111293537050e+00,-2.395745001554532003e-06,1.105079641783759886e-05,9.999999999360705827e-01,2.257990450883331501e-01
3.698457401332413408e-01,9.290931753199491716e-01,-8.899035174114771013e-06,3.047768995278508530e+00,-9.290931753555863315e-01,3.698457400763688341e-01,-7.418882701389518326e-06,-1.632614293765294766e+00,-3.601563036424113757e-06,1.101187501117643067e-05,9.999999999328840206e-01,2.257745703540690319e-01
2.309997062276069046e-01,9.729538198884792877e-01,-9.337008818389534506e-06,3.058308921121656088e+00,-9.729538199201982485e-01,2.309997061640998994e-01,-7.402503737703915046e-06,-1.660815438430674362e+00,-5.045447994838173235e-06,1.079445458523901624e-05,9.999999999290120067e-01,2.257506397731082193e-01
6.167213490200892934e-02,9.980964621119431390e-01,-9.810949326608301739e-06,3.061886533547599765e+00,-9.980964621377594881e-01,6.167213483178701078e-02,-7.306243281832353243e-06,-1.679795171594856917e+00,-6.687273381227598826e-06,1.024286543440461534e-05,9.999999999251825145e-01,2.257271826438423945e-01
-7.096597745134761159e-02,9.974787365860494637e-01,-1.015269051560350485e-05,3.063221330197009706e+00,-9.974787366064715721e-01,-7.096597752601184472e-02,-7.192920108519635951e-06,-1.711203210337010727e+00,-7.895280469169417404e-06,9.616640302430115120e-06,9.999999999225928082e-01,2.257030938259308173e-01
-2.080917358759273306e-01,9.781093135991992815e-01,-1.051903974223264603e-05,3.060253195789744751e+00,-9.781093136140115440e-01,-2.080917359543775769e-01,-7.001729891696137765e-06,-1.745405113066857083e+00,-9.037382458908173235e-06,8.831768614856237389e-06,9.999999999201631962e-01,2.256788206093680305e-01
-2.899799001504721474e-01,9.570327358012393759e-01,-1.065461771901664761e-05,3.049059958399616299e+00,-9.570327358110471971e-01,-2.899799002307341667e-01,-6.942550165170618471e-06,-1.797721533996470500e+00,-9.733872761167630222e-06,8.183617940965515227e-06,9.999999999191405697e-01,2.256535142467822608e-01
-3.805466543724534967e-01,9.247617226767947951e-01,-1.085278402689751437e-05,3.033587440165642857e+00,-9.247617226817361757e-01,-3.805466544543509855e-01,-6.805277564620356150e-06,-1.848541713858844693e+00,-1.042325085690351590e-05,7.446513643314353647e-06,9.999999999179530752e-01,2.256281904853620901e-01
-4.789783829403089777e-01,8.778266961953770098e-01,-1.107246446846771353e-05,3.006146441669609537e+00,-8.778266961949768854e-01,-4.789783830234398132e-01,-6.608025230882677285e-06,-1.905759900395888051e+00,-1.110417208399257267e-05,6.554603663574311363e-06,9.999999999168677212e-01,2.466150288725262596e-01
-5.964941024637918643e-01,8.026174590659297392e-01,-1.133443873449302946e-05,2.988499407878543845e+00,-8.026174590593843083e-01,-5.964941025473913250e-01,-6.264422121462188390e-06,-1.937070757609153926e+00,-1.178886042645416903e-05,5.360527566147123704e-06,9.999999999161441888e-01,2.465905601339982711e-01
-6.840522179017004545e-01,7.294330421989034807e-01,-1.149872139766136007e-05,2.960827781122756353e+00,-7.294330421866453973e-01,-6.840522179849899409e-01,-6.012866437548011438e-06,-1.973894346469086125e+00,-1.225170933393802104e-05,4.274432707801366284e-06,9.999999999158127872e-01,2.465655136766216615e-01
-7.507968895711487622e-01,6.605331410880891374e-01,-1.160146914095093348e-05,2.927899048217438960e+00,-6.605331410699871730e-01,-7.507968896537335901e-01,-5.873584488087493029e-06,-2.008717004244013893e+00,-1.259004415780241606e-05,3.253285888409387007e-06,9.999999999154538521e-01,2.465403432676174511e-01
-7.879701439070501134e-01,6.157134497272581664e-01,-1.166469598793496031e-05,2.880633245701320622e+00,-6.157134497057950018e-01,-7.879701439889948977e-01,-5.775385014911517421e-06,-2.050533216819734328e+00,-1.274741440823521923e-05,2.631279245182313362e-06,9.999999999152902053e-01,2.465143134797397328e-01
-8.256431926755561923e-01,5.641926251299607120e-01,-1.172524290321088185e-05,2.821251684180293040e+00,-5.641926251049464991e-01,-8.256431927565233142e-01,-5.657455117103400031e-06,-2.092370587489588374e+00,-1.287276144052626889e-05,1.944256268251760568e-06,9.999999999152562324e-01,2.681777862910425525e-01
-8.550617881973524570e-01,5.185261210643415941e-01,-1.177782031341980437e-05,2.771799165914928587e+00,-5.185261210357264838e-01,-8.550617882774553813e-01,-5.604120905447991674e-06,-2.126281340657660390e+00,-1.297664717428078359e-05,1.315237838686814716e-06,9.999999999149387087e-01,2.681519141648191495e-01
-8.770549253698720626e-01,4.803901099572315259e-01,-1.182077209618557726e-05,2.719009408949093931e+00,-4.803901099262379293e-01,-8.770549254491312174e-01,-5.520760637039977393e-06,-2.158461636659139593e+00,-1.301958519904637508e-05,8.365716981955572475e-07,9.999999999148955210e-01,2.681259314783630554e-01
-9.018973186410534915e-01,4.319504907827096396e-01,-1.185993275858136295e-05,2.662568710868591371e+00,-4.319504907485885448e-01,-9.018973187190041374e-01,-5.433913342781166909e-06,-2.189613439451485455e+00,-1.304362309043722279e-05,2.220719017322913924e-07,9.999999999149075114e-01,2.680997980267832426e-01
-9.226914581369718427e-01,3.855391976689562239e-01,-1.191006541809385911e-05,2.603401193870975128e+00,-3.855391976307219193e-01,-9.226914582137362153e-01,-5.447106631742931676e-06,-2.218215943327862316e+00,-1.308938874846140324e-05,-4.342016956491507161e-07,9.999999999142399343e-01,2.680735927283591780e-01
-9.363725426735034496e-01,3.510077793795134959e-01,-1.192577655953228526e-05,2.552378681586876752e+00,-3.510077793395777745e-01,-9.363725427490765529e-01,-5.360037486173954479e-06,-2.239516270557916133e+00,-1.304838457671941582e-05,-8.329515826925918671e-07,9.999999999145231522e-01,2.680479696761543518e-01
-9.515848172105748626e-01,3.073862968836423293e-01,-1.193656274095688987e-05,2.497211232331450148e+00,-3.073862968417818697e-01,-9.515848172845259301e-01,-5.241579870623162100e-06,-2.260273564542713221e+00,-1.296984170110940391e-05,-1.318672005119250972e-06,9.999999999150223084e-01,2.680221439280282003e-01
-9.683905752512854681e-01,2.494387572580820944e-01,-1.191770014127518473e-05,2.445133027219449140e+00,-2.494387572147557797e-01,-9.683905753227826096e-01,-5.017083371600498637e-06,-2.277062912272708850e+00,-1.279244353760606602e-05,-1.885759940210071120e-06,9.999999999163988740e-01,2.679965595849968518e-01
-9.787649060183311045e-01,2.049859961182059209e-01,-1.193138822943252741e-05,2.385243123796059628e+00,-2.049859960728694086e-01,-9.787649060881865593e-01,-4.919325852579831143e-06,-2.292638801635174417e+00,-1.268641699000330788e-05,-2.369096005031514409e-06,9.999999999167212827e-01,2.679705846307246508e-01
-9.865975669417695881e-01,1.631724264811172942e-01,-1.186797471967907987e-05,2.330073544456739754e+00,-1.631724264359500354e-01,-9.865975670094918604e-01,-4.686014014477318226e-06,-2.304202333632762834e+00,-1.247354326103228572e-05,-2.686683793447811935e-06,9.999999999185964494e-01,2.679449237428045971e-01
-9.950935742485678137e-01,9.893825523391731880e-02,-1.185251811855959940e-05,2.270571637818480148e+00,-9.893825518650273265e-02,-9.950935743135871370e-01,-4.523597594488385369e-06,-2.314151173791404226e+00,-1.224192147259301498e-05,-3.328735436544976977e-06,9.999999999195277045e-01,2.679190547897856156e-01
-9.988841386568751979e-01,4.722793028673773902e-02,-1.185526923806310081e-05,2.208189701512990766e+00,-4.722793023715033539e-02,-9.988841387197540111e-01,-4.428653079859077961e-06,-2.320519336040142822e+00,-1.205119652107315093e-05,-3.863811488567275248e-06,9.999999999199200573e-01,2.678930680815462817e-01
-9.999990678977112024e-01,-1.365307372133313813e-03,-1.181069250741730294e-05,2.149941767529609749e+00,1.365307422696159173e-03,-9.999990679582534403e-01,-4.274203288742777327e-06,-2.323330313692903992e+00,-1.180484589809867710e-05,-4.290324530895667112e-06,9.999999999211196533e-01,2.678673355243562093e-01
-9.982398639851320921e-01,-5.930576542883499863e-02,-1.174090741486318894e-05,2.091554522237058400e+00,5.930576548041693874e-02,-9.982398640427143643e-01,-4.094858290372383277e-06,-2.323309268951713413e+00,-1.147739311631794612e-05,-4.783954284492880884e-06,9.999999999226918401e-01,2.678416133775509134e-01
-9.933912295227474987e-01,-1.147774584581975066e-01,-1.171173066599256739e-05,2.034617900310978555e+00,1.147774585114700180e-01,-9.933912295776552437e-01,-3.980576950846292727e-06,-2.319952095351390131e+00,-1.117745002115723218e-05,-5.298512912024577089e-06,9.999999999234954196e-01,2.678159841708783184e-01
-9.861174529849908721e-01,-1.660492962413961937e-01,-1.166769940440548152e-05,1.983542650561033849e+00,1.660492962958439733e-01,-9.861174530373035818e-01,-3.857366086648911643e-06,-2.313937461628160275e+00,-1.086520909544368118e-05,-5.741229296089869084e-06,9.999999999244929549e-01,2.677906768103198720e-01
-9.786931814442946242e-01,-2.053281677201607702e-01,-1.162455955699539149e-05,1.942248843684138970e+00,2.053281677753048262e-01,-9.786931814945577512e-01,-3.754966467015929363e-06,-2.306632985072619491e+00,-1.060587679178572528e-05,-6.061809592853229196e-06,9.999999999253851302e-01,2.677658987031775739e-01
-9.762546216901415441e-01,-2.166262068476554614e-01,-1.163783408493949862e-05,1.923187271439242396e+00,2.166262069032622861e-01,-9.762546217400190907e-01,-3.736331515796074800e-06,-2.301720107135411197e+00,-1.055210198867342355e-05,-6.168670764852384660e-06,9.999999999253005312e-01,2.677423295509277490e-01
-9.762156754532163028e-01,-2.168016486618058736e-01,-1.170245404863668199e-05,1.900885353115298493e+00,2.168016487183831997e-01,-9.762156755034384625e-01,-3.789341670709439690e-06,-2.295940053583978457e+00,-1.060258356258508485e-05,-6.236326070390177922e-06,9.999999999243469606e-01,2.677185809575103326e-01
-9.761642845011894165e-01,-2.170329226791336830e-01,-1.173190781681691991e-05,1.872470787585229557e+00,2.170329227360912050e-01,-9.761642845516024236e-01,-3.806699642435375873e-06,-2.288955265380315574e+00,-1.062609025126904318e-05,-6.262174475523026538e-06,9.999999999239359560e-01,2.676944961843221171e-01
-9.701862144575268410e-01,-2.423607004872757043e-01,-1.165736372036974945e-05,1.834061576553152051e+00,2.423607005439971374e-01,-9.701862145063120391e-01,-3.706498251874592976e-06,-2.279998014112664340e+00,-1.041150406630952141e-05,-6.421280345644634423e-06,9.999999999251841798e-01,2.676698626058888753e-01
-9.539049732118292102e-01,-3.001088168426211400e-01,-1.162175352705983179e-05,1.784236481825750786e+00,3.001088169010279194e-01,-9.539049732573897655e-01,-3.617578539001196083e-06,-2.267434126446683962e+00,-1.000038127225904029e-05,-6.938616860658888832e-06,9.999999999259243655e-01,2.676445970918839845e-01
-9.255759512304395642e-01,-3.785619610735143081e-01,-1.149110814645163848e-05,1.730731628812886891e+00,3.785619611327810663e-01,-9.255759512711670967e-01,-3.432144978095478009e-06,-2.250603151991211082e+00,-9.336613820215360930e-06,-7.526807288371095987e-06,9.999999999280877461e-01,2.676191024018085285e-01
-8.865749977522942027e-01,-4.625848821909207542e-01,-1.135495529106190397e-05,1.686258760144644375e+00,4.625848822511122727e-01,-8.865749977876048460e-01,-3.261250682745720656e-06,-2.232204287838083889e+00,-8.558414199178538057e-06,-8.143973973007456225e-06,9.999999999302149334e-01,2.675940634108249783e-01
-8.363921406129350977e-01,-5.481315416904233295e-01,-1.118013087058481047e-05,1.642179383029599649e+00,5.481315417509570187e-01,-8.363921406422785143e-01,-3.090046425204328713e-06,-2.209032918128791323e+00,-7.657221680566991161e-06,-8.712672915241102565e-06,9.999999999327283673e-01,2.675689754766433781e-01
-8.017918172594483694e-01,-5.976034484940483393e-01,-1.112727585397475592e-05,1.589300190616389941e+00,5.976034485552020881e-01,-8.017918172854241465e-01,-3.011585400303232368e-06,-2.175411948731333034e+00,-7.122024907739068847e-06,-9.064362954301481115e-06,9.999999999335572598e-01,2.675670692198205969e-01
-7.973213570749196899e-01,-6.035550127629453199e-01,-1.099695030157987870e-05,1.540604289631882784e+00,6.035550128226848665e-01,-7.973213571000739019e-01,-2.950914799231414473e-06,-2.139259781342554678e+00,-6.987063919105226553e-06,-8.990091872616111295e-06,9.999999999351798508e-01,2.675415062689979195e-01
-8.034216352296282837e-01,-5.954105104246174562e-01,-1.099319361797396007e-05,1.475936184845622057e+00,5.954105104840566876e-01,-8.034216352553722462e-01,-2.949831883482166986e-06,-2.092617451832023967e+00,-7.075808685820603121e-06,-8.915421779407671588e-06,9.999999999352243707e-01,2.675411352617846905e-01
-8.131801074411506569e-01,-5.820121242214537638e-01,-1.101059930433867013e-05,1.424558765553364692e+00,5.820121242806985951e-01,-8.131801074678958186e-01,-2.961885692054695615e-06,-2.054780998044487550e+00,-7.229746942254146123e-06,-8.816848816015161109e-06,9.999999999349972191e-01,2.675154162081831988e-01
-8.174346940827129648e-01,-5.760212850148630492e-01,-1.094215702193256536e-05,1.376312187172982870e+00,5.760212850731237788e-01,-8.174346941096208852e-01,-2.936010506195619850e-06,-2.015819152592313923e+00,-7.253294233526920791e-06,-8.702912199201136474e-06,9.999999999358246683e-01,2.883960571719142441e-01
-8.206560907613900113e-01,-5.714224186849139464e-01,-1.097814648883809934e-05,1.351945720491965153e+00,5.714224187434484570e-01,-8.206560907887530121e-01,-2.951537316627237932e-06,-1.997873644815605587e+00,-7.322708189330204947e-06,-8.695356095971422573e-06,9.999999999353844649e-01,2.883720213966567969e-01
-8.205143391722946600e-01,-5.716259433341256413e-01,-1.095569085027803564e-05,1.310586741002840450e+00,5.716259433923939204e-01,-8.205143391995713964e-01,-2.940891589030457146e-06,-1.964677172496411606e+00,-7.308211509667715120e-06,-8.675600836556274977e-06,9.999999999356620206e-01,3.085902835477850048e-01
-8.203538276282387187e-01,-5.718562733554453104e-01,-1.094182620385616002e-05,1.283375419005032381e+00,5.718562734135083092e-01,-8.203538276555080166e-01,-2.928187585367009574e-06,-1.945046419733424736e+00,-7.301666567621053308e-06,-8.659301850944763586e-06,9.999999999358510916e-01,3.085660795579967530e-01
-8.205314626601993844e-01,-5.716013634212686600e-01,-1.093909754048934531e-05,1.240092714010213371e+00,5.716013634792691533e-01,-8.205314626875027662e-01,-2.924023148197398896e-06,-1.910476934889575373e+00,-7.304498087193976107e-06,-8.652056060019112438e-06,9.999999999358931690e-01,3.289584380255055063e-01
-8.212026834766530392e-01,-5.706366203902613066e-01,-1.096941327163066847e-05,1.191097964222914696e+00,5.706366204485538995e-01,-8.212026835041735806e-01,-2.932465514597845522e-06,-1.876455383782111630e+00,-7.334739404468270784e-06,-8.667697467417325783e-06,9.999999999355363434e-01,3.289329146199069243e-01
-8.210419507973192310e-01,-5.708678611651073487e-01,-1.094127516105907098e-05,1.131938334343134400e+00,5.708678612230482230e-01,-8.210419508247541742e-01,-2.916632519699259650e-06,-1.830970399287288553e+00,-7.318234134421025376e-06,-8.640700003979425288e-06,9.999999999358908376e-01,3.507430666473390080e-01
-8.183968059169426379e-01,-5.746535199103885994e-01,-1.093390493499413032e-05,1.068389158515071768e+00,5.746535199682284434e-01,-8.183968059442502385e-01,-2.894210535186464518e-06,-1.788787018117401262e+00,-7.285104603890612582e-06,-8.651819615540117770e-06,9.999999999360366099e-01,3.507423684431048572e-01
-8.189273513259527348e-01,-5.738971973544236826e-01,-1.090873052032029451e-05,1.010763674520253952e+00,5.738971974118963759e-01,-8.189273513532780990e-01,-2.877103433310484599e-06,-1.748750097956984106e+00,-7.282296194756862153e-06,-8.616628567065184885e-06,9.999999999363607950e-01,3.507163145696619022e-01
-8.187408514848351082e-01,-5.741632328801686835e-01,-1.088501197795410861e-05,9.522145231490026784e-01,5.741632329372827748e-01,-8.187408515121623598e-01,-2.854644017726990231e-06,-1.708177025576191221e+00,-7.272972337610047101e-06,-8.586987341583054959e-06,9.999999999366836478e-01,3.506902071172698920e-01
-8.162543867046941903e-01,-5.776926311348548060e-01,-1.085518875500629497e-05,8.874389139152502048e-01,5.776926311915955292e-01,-8.162543867318377000e-01,-2.822219227540862119e-06,-1.658368390496954170e+00,-7.230220188878522033e-06,-8.574611378683559413e-06,9.999999999370998705e-01,3.730226310380875265e-01
-8.160657120295644607e-01,-5.779591279088163169e-01,-1.079645691303491361e-05,8.255135488700003910e-01,5.779591279648507163e-01,-8.160657120565184552e-01,-2.792670620771367605e-06,-1.610142296946603935e+00,-7.196568821905740938e-06,-8.518913561171565082e-06,9.999999999378187399e-01,3.951176000807318789e-01
-8.164993896617170899e-01,-5.773462969187402871e-01,-1.078259479854470813e-05,7.689978380749100673e-01,5.773462969745511986e-01,-8.164993896887141611e-01,-2.780823865254797020e-06,-1.570509150847767765e+00,-7.198483711284316433e-06,-8.495832167454114210e-06,9.999999999380013715e-01,3.950916100255388308e-01
-8.157214528773893969e-01,-5.784449076627926623e-01,-1.070455498961497393e-05,7.072634545779825643e-01,5.784449077177230558e-01,-8.157214529040547335e-01,-2.745096836528360671e-06,-1.522458605908742379e+00,-7.144047862688976491e-06,-8.431229702909155419e-06,9.999999999389385108e-01,4.171675282784629846e-01
-7.917525906524098822e-01,-6.108419067831633020e-01,-1.061648135072773452e-05,6.490338881217466716e-01,6.108419068378341255e-01,-7.917525906769149469e-01,-2.667431089166905814e-06,-1.476760677635667873e+00,-6.776247920592406159e-06,-8.596937187421501507e-06,9.999999999400875916e-01,4.389331900869001823e-01
-7.575164050133611493e-01,-6.528161272721475505e-01,-1.044183076608986991e-05,5.914144637948385297e-01,6.528161273258664687e-01,-7.575164050346963052e-01,-2.563407519597973235e-06,-1.434053835616332151e+00,-6.236424334344808995e-06,-8.758418771740937288e-06,9.999999999421985697e-01,4.389321337864079964e-01
-6.963272588605834423e-01,-7.177244237601242416e-01,-1.029111189609923201e-05,5.525522564211676757e-01,7.177244238135553900e-01,-6.963272588772315697e-01,-2.454390503047433972e-06,-1.400413417276829886e+00,-5.404405727927580278e-06,-9.095241367189100526e-06,9.999999999440345455e-01,4.389070823221190576e-01
-6.407804197080320119e-01,-7.677242041350277324e-01,-1.020000637652311485e-05,5.113434966482307553e-01,7.677242041883249879e-01,-6.407804197209540087e-01,-2.375779822163851799e-06,-1.358047875862137932e+00,-4.712020693934062561e-06,-9.353144969712058498e-06,9.999999999451578692e-01,4.388816988322310486e-01
-5.904710684921673503e-01,-8.070588065135781974e-01,-1.012918713753589463e-05,4.656097779322000974e-01,8.070588065666559618e-01,-5.904710685019687322e-01,-2.313332951435555075e-06,-1.305245653789059990e+00,-4.113996221303079899e-06,-9.540805862322314325e-06,9.999999999460241762e-01,4.388806220268909319e-01
-5.266773756245090032e-01,-8.500652574392140171e-01,-1.000430787493983605e-05,4.346404788403130937e-01,8.500652574914722148e-01,-5.266773756303537724e-01,-2.254652169237847503e-06,-1.262773322618715444e+00,-3.352441139892317152e-06,-9.691788837174970917e-06,9.999999999474152856e-01,4.388556245667524780e-01
-4.915432467082589407e-01,-8.708531658762120875e-01,-9.944136900256535605e-06,4.074050246807910391e-01,8.708531659279574733e-01,-4.915432467121819693e-01,-2.214388888970383663e-06,-1.218622021223705776e+00,-2.959565763261521430e-06,-9.748351005968606484e-06,9.999999999481054003e-01,4.388306992476362356e-01
-4.585778060807390033e-01,-8.886542610444990720e-01,-9.881043780178081818e-06,3.778475067380597796e-01,8.886542610956285060e-01,-4.585778060829626690e-01,-2.173079137816619826e-06,-1.166453895869949520e+00,-2.600111343116101173e-06,-9.777357522787457356e-06,9.999999999488214941e-01,4.388054205275131459e-01
-4.238319001140329889e-01,-9.057408682112546572e-01,-9.882026009998777426e-06,3.481896238805193278e-01,9.057408682623268037e-01,-4.238319001147822229e-01,-2.121929360626390345e-06,-1.109425548936503247e+00,-2.266399719424760717e-06,-9.849896171309206099e-06,9.999999999489216362e-01,4.387799651846138183e-01
-3.627037973129964010e-01,-9.319044775743515752e-01,-9.571363811694697115e-06,3.293071415428368565e-01,9.319044776223146531e-01,-3.627037973098093393e-01,-2.128020337911156913e-06,-1.068441425080046692e+00,-1.488458318666645438e-06,-9.691437850390114526e-06,9.999999999519303406e-01,4.387554037542439889e-01
-2.386923894351321573e-01,-9.710952286671666878e-01,-9.252773632299251462e-06,3.164490937185473474e-01,9.710952287112366577e-01,-2.386923894256940126e-01,-2.127592344510096305e-06,-1.034093280077856392e+00,-1.424718728060039608e-07,-9.493164427125929061e-06,9.999999999549298302e-01,4.387312557143536740e-01
-1.239553264085445500e-01,-9.922877994680977531e-01,-9.039631686898816078e-06,3.096134082962798684e-01,9.922877995087664438e-01,-1.239553263941420708e-01,-2.138819308488453740e-06,-1.003718294103560726e+00,1.001813808847528453e-06,-9.235034280475106218e-06,9.999999999568552900e-01,4.387073976469906822e-01
-2.820283560917052207e-02,-9.996022208779528073e-01,-8.914589282854151449e-06,3.010085857259101605e-01,9.996022209159349803e-01,-2.820283559122654243e-02,-2.132422429724361456e-06,-9.417587312048248949e-01,1.880157500694798051e-06,-8.971183604929202764e-06,9.999999999579913812e-01,4.387060231528767673e-01
5.467210385208803869e-02,-9.985043620253917229e-01,-8.755296690312212439e-06,2.997546229032820309e-01,9.985043620602691572e-01,5.467210387303341607e-02,-2.171127566177560233e-06,-8.919351685124861095e-01,2.646550835433850967e-06,-8.623501824634366214e-06,9.999999999593154332e-01,4.386814534832202961e-01
1.084523795837662313e-01,-9.941016453504036843e-01,-8.616402056023971922e-06,3.028844272756434086e-01,9.941016453827969945e-01,1.084523796064977008e-01,-2.215065025137725281e-06,-8.337570987468230221e-01,3.136469092669673210e-06,-8.325350388264161596e-06,9.999999999604254342e-01,4.386565799370334973e-01
1.272076864677289809e-01,-9.918761033674622363e-01,-8.491805952006927191e-06,3.093207752748078909e-01,9.918761033981635666e-01,1.272076864912356498e-01,-2.285952419295013203e-06,-7.616532254893855214e-01,3.347604567421074142e-06,-8.132028679856113755e-06,9.999999999613317092e-01,4.386563002220639218e-01
1.490024798505518167e-01,-9.888368221946325365e-01,-8.391067872212602238e-06,3.166730074375524451e-01,9.888368222238577143e-01,1.490024798747006385e-01,-2.327027005665191849e-06,-7.038962200972388450e-01,3.551339911199671319e-06,-7.950664095300076506e-06,9.999999999620873270e-01,4.386314691093795570e-01
1.723808365443789958e-01,-9.850303787819936208e-01,-8.298534461426573209e-06,3.257140296458683748e-01,9.850303788097758417e-01,1.723808365691574251e-01,-2.364276062555284890e-06,-6.429739229687084778e-01,3.759392058202734103e-06,-7.766752658619843373e-06,9.999999999627721126e-01,4.386065162805368178e-01
1.993124041677197811e-01,-9.799360007047438481e-01,-8.226732713315860197e-06,3.367290198484253483e-01,9.799360007312337695e-01,1.993124041930715851e-01,-2.378224968214789231e-06,-5.719607341798045308e-01,3.970198139873347549e-06,-7.587661818104944405e-06,9.999999999633323311e-01,4.386062305297866448e-01
2.505698849545103246e-01,-9.680985139384061799e-01,-8.008503724786595473e-06,3.457233359929439698e-01,9.680985139611639756e-01,2.505698849815360396e-01,-2.555127429014694938e-06,-5.292672996277956177e-01,4.480304924146370448e-06,-7.112782569086001463e-06,9.999999999646674853e-01,4.385820085808942448e-01
3.543057698707722802e-01,-9.351296281130241361e-01,-7.840899981397468944e-06,3.553415137609383101e-01,9.351296281311436420e-01,3.543057698998257066e-01,-2.646444027307511840e-06,-4.940188662504640393e-01,5.252844323694567735e-06,-6.394607495302589308e-06,9.999999999657581684e-01,4.385580835851573545e-01
4.834596560414861632e-01,-8.753666437110794174e-01,-7.632244418106289442e-06,3.626584670411920897e-01,8.753666437227073382e-01,4.834596560724684911e-01,-2.817117464511732760e-06,-4.773331717062669899e-01,6.155892921288182475e-06,-5.319049539927742954e-06,9.999999999669062500e-01,4.385348822976407601e-01
6.172978977553071900e-01,-7.867294994921151252e-01,-7.467741878725909104e-06,3.679033768997992393e-01,7.867294994968685451e-01,6.172978977872584094e-01,-2.973382104161361123e-06,-4.702423743130998424e-01,6.949068777561049866e-06,-4.039630308499758414e-06,9.999999999676958407e-01,4.385120463402717439e-01
6.897795015777291594e-01,-7.240195019122001030e-01,-7.347917479340903626e-06,3.937583908087711748e-01,7.240195019121998810e-01,6.897795016096804899e-01,-3.148559690129495150e-06,-4.378719841006672997e-01,7.348061475357210006e-06,-3.148223619739075642e-06,9.999999999680472262e-01,4.384880329876943983e-01
7.317942526406515658e-01,-6.815256207578828107e-01,-7.259148646887506882e-06,4.319045210554016689e-01,6.815256207542254030e-01,7.317942526723969499e-01,-3.349381977328898040e-06,-3.978580006027698235e-01,7.594892890341220610e-06,-2.496237306809715149e-06,9.999999999680431184e-01,4.384635402178128083e-01
7.760695226506210131e-01,-6.306473626056142701e-01,-7.170957409718313178e-06,4.738520331764477511e-01,6.306473625980474340e-01,7.760695226817496684e-01,-3.556768548719061753e-06,-3.587465863632811613e-01,7.808228198779512623e-06,-1.762045707958617597e-06,9.999999999679632934e-01,4.384389876169260680e-01
8.165507686983057845e-01,-5.772736284361222880e-01,-7.099465479226340957e-06,5.195280958087806766e-01,5.772736284252257821e-01,8.165507687284634386e-01,-3.705701515378397609e-06,-3.215371357198256175e-01,7.936277754307172392e-06,-1.072440776123900375e-06,9.999999999679325402e-01,4.384143921958685852e-01
8.423631932517439136e-01,-5.389102435516829326e-01,-7.056460793606865738e-06,5.640129700560884141e-01,5.389102435381863954e-01,8.423631932811154188e-01,-3.854537164321451366e-06,-2.901345945524574921e-01,8.021352409369149268e-06,-5.558787705549842558e-07,9.999999999676743023e-01,4.383899611099303373e-01
8.799585234899758301e-01,-4.750505203534555188e-01,-7.018219369140133397e-06,6.194611755218941695e-01,4.750505203354434269e-01,8.799585235179052667e-01,-4.149141858434764878e-06,-2.533720660430612837e-01,8.146793952663041884e-06,3.170639803604171708e-07,9.999999999667644746e-01,4.383894423508819527e-01
9.189834792990416723e-01,-3.942960369147647803e-01,-6.981464205183555059e-06,6.441650175355464469e-01,3.942960368932302284e-01,9.189834793247908529e-01,-4.289150222526720246e-06,-2.408271993744946493e-01,8.107045200535421500e-06,1.188894526918056455e-06,9.999999999664310746e-01,4.383659559963171692e-01
9.442835481334409531e-01,-3.291330744179549184e-01,-6.979040634437761266e-06,6.960552508098970526e-01,3.291330743929200553e-01,9.442835481571972833e-01,-4.507903571726366331e-06,-2.179948126077901893e-01,8.073893414762110205e-06,1.959706079027580433e-06,9.999999999654857197e-01,4.383644299403574585e-01
9.556446658201497302e-01,-2.945221089169540174e-01,-6.971852596817040884e-06,7.303720041542879349e-01,2.945221088901452400e-01,9.556446658426493990e-01,-4.625478204172243449e-06,-2.065504652048949230e-01,8.024919340631626841e-06,2.366948842998790001e-06,9.999999999649989979e-01,4.383406445426718534e-01
9.556739113709902256e-01,-2.944271982620049188e-01,-6.961424140239302761e-06,7.541526890269971695e-01,2.944271982353550143e-01,9.556739113934437091e-01,-4.608457374182872472e-06,-2.000289664680652280e-01,8.009706629961759280e-06,2.354549878833216521e-06,9.999999999651502103e-01,4.383172600431129440e-01
9.557437731186331220e-01,-2.942003400691184378e-01,-6.940933808003699560e-06,7.773115406388814153e-01,2.942003400428028770e-01,9.557437731410018955e-01,-4.571973038229924810e-06,-1.937185073063583673e-01,7.978830289417469321e-06,2.327609675625264906e-06,9.999999999654600735e-01,4.382938981320503857e-01
9.558107366928311199e-01,-2.939827130544548361e-01,-6.917539669214336664e-06,7.962974925372421353e-01,2.939827130285549983e-01,9.558107367151141842e-01,-4.525893559524482990e-06,-1.888118501599196641e-01,7.942393155112460797e-06,2.292260577884163155e-06,9.999999999658317762e-01,4.382706895528992175e-01
9.558771233928686772e-01,-2.937667866295229357e-01,-6.895035043232404887e-06,8.415900482248120928e-01,2.937667866040256093e-01,9.558771234150698071e-01,-4.480932981806693689e-06,-1.748923223335491495e-01,7.907155546138678532e-06,2.257689040593090829e-06,9.999999999661897121e-01,4.382681949382689068e-01
9.559420785412171551e-01,-2.935553481493275441e-01,-6.872215262933085270e-06,8.604430700054844783e-01,2.935553481242503260e-01,9.559420785633387929e-01,-4.433530694550110364e-06,-1.700394821258968403e-01,7.870926389352330351e-06,2.220823003529421524e-06,9.999999999665579731e-01,4.382449900150890421e-01
9.560168848553624033e-01,-2.933116360194175654e-01,-6.860355564127333356e-06,8.810219909179445308e-01,2.933116359944570872e-01,9.560168848774114325e-01,-4.421318049606695883e-06,-1.646143384374340879e-01,7.855439786060738517e-06,2.214632594721927252e-06,9.999999999666935313e-01,4.382217205804408988e-01
9.560742589294443095e-01,-2.931245662951220687e-01,-6.842048024535353223e-06,8.875127327085162721e-01,2.931245662705752597e-01,9.560742589514508172e-01,-4.373119838424317629e-06,-1.638994795681204542e-01,7.823374850762584992e-06,2.175454949136820935e-06,9.999999999670309281e-01,4.381989724945610232e-01
9.561088257733504348e-01,-2.930117970868703625e-01,-6.799326627809786776e-06,8.901435990930776088e-01,2.930117970634034119e-01,9.561088257952917724e-01,-4.245705940331062631e-06,-1.644740568554796389e-01,7.744938125792669818e-06,2.067074007153287046e-06,9.999999999678713669e-01,4.381763672939100740e-01
9.561614176926190867e-01,-2.928401326152348938e-01,-6.777577287737019888e-06,9.118241126864925494e-01,2.928401325922822540e-01,9.561614177145135729e-01,-4.184365901411993425e-06,-1.586941626367234792e-01,7.705808173592460460e-06,2.016182600843408758e-06,9.999999999682775975e-01,4.381530545108133778e-01
9.562295246515162273e-01,-2.926176620422125119e-01,-6.759276936769900436e-06,9.318151711197681930e-01,2.926176620195511946e-01,9.562295246733324428e-01,-4.150603711451683844e-06,-1.534817539820273746e-01,7.677960126491611568e-06,1.991045999837994441e-06,9.999999999685422747e-01,4.381298037488830510e-01
9.562959056372392075e-01,-2.924006511896015681e-01,-6.734412905272742881e-06,9.515491591853568742e-01,2.924006511673606368e-01,9.562959056589569462e-01,-4.101472277539345424e-06,-1.483600386085887901e-01,7.639364653117757559e-06,1.953074427363905759e-06,9.999999999689127561e-01,4.381065620435581343e-01
9.563650097298949104e-01,-2.921745507727326330e-01,-6.715106297595688371e-06,9.725535800623779092e-01,2.921745507507854112e-01,9.563650097515268289e-01,-4.067192476803585260e-06,-1.428202880033389577e-01,7.610422834598954408e-06,1.927737406907840320e-06,9.999999999691825403e-01,4.380832723096458325e-01
