6.882382929325103760e-02,3.155223093926906586e-04,-2.548182965256273746e-05,3.310749889351427555e-06,-1.747088390402495861e-06,-1.250357925891876221e-02
6.793476641178131104e-02,2.936422824859619141e-04,-2.544356539146974683e-05,2.170694642700254917e-06,-9.801733540371060371e-07,9.912236034870147705e-02
4.390844702720642090e-02,-2.976581454277038574e-04,-2.440948264847975224e-05,3.748384187929332256e-06,-1.816690200939774513e-06,-2.018724381923675537e-02
6.219235062599182129e-02,1.523180399090051651e-04,-2.519641384424176067e-05,3.258392098359763622e-06,-1.557942596264183521e-06,-1.932264864444732666e-02
7.312996685504913330e-02,1.464623026549816132e-03,-4.232697392581030726e-07,4.652509232982993126e-06,-2.471148036420345306e-06,-2.104105055332183838e-02
6.573960185050964355e-02,2.396178897470235825e-04,-2.534908708184957504e-05,2.362430677749216557e-06,-1.238120603375136852e-06,1.963649690151214600e-02
6.694814562797546387e-02,2.693608403205871582e-04,-2.540110108384396881e-05,2.077475073747336864e-06,-1.104417606256902218e-06,6.176097691059112549e-02
7.814060896635055542e-02,-3.591315587982535362e-03,2.207592688500881195e-02,4.314308171160519123e-06,-2.597953425720334053e-06,-1.916547119617462158e-02
7.795966416597366333e-02,-3.591446904465556145e-03,2.206260710954666138e-02,2.124186721630394459e-06,-1.157866790890693665e-06,3.606827557086944580e-02
7.180292904376983643e-02,3.888395149260759354e-04,-2.561005021561868489e-05,1.813561539165675640e-06,-8.208153303712606430e-07,1.172892600297927856e-01
7.940246909856796265e-02,1.824068836867809296e-03,1.730359144858084619e-07,2.826956915669143200e-06,-1.258493284694850445e-06,-1.886151731014251709e-02
6.407085061073303223e-02,1.985491253435611725e-04,-2.527726428525056690e-05,2.393935574218630791e-06,-1.011125277727842331e-06,-1.817576587200164795e-02
7.760152965784072876e-02,-3.591706743463873863e-03,2.203624323010444641e-02,1.021762727759778500e-06,-2.871529432013630867e-07,-9.605184197425842285e-03
7.836236804723739624e-02,-3.591154702007770538e-03,2.209225110709667206e-02,8.873030310496687889e-07,-1.969019649550318718e-07,3.243555128574371338e-02
6.390684843063354492e-02,1.945130061358213425e-04,-2.527020478737540543e-05,3.718319931067526340e-06,-2.125263563357293606e-06,-1.877529919147491455e-02
6.918753683567047119e-02,3.244734834879636765e-04,-2.549748387536965311e-05,3.511246177367866039e-06,-2.260916517116129398e-06,6.164579093456268311e-02
6.891039013862609863e-02,3.176527097821235657e-04,-2.548555494286119938e-05,3.168795956298708916e-06,-1.681677531450986862e-06,-1.844824850559234619e-02
7.659106701612472534e-02,-3.592439461499452591e-03,2.196185663342475891e-02,2.907647285610437393e-06,-1.315987901762127876e-06,-1.894144713878631592e-02
6.850214302539825439e-02,3.076058346778154373e-04,-2.546798532421234995e-05,3.022854798473417759e-06,-1.533277099952101707e-06,4.515503346920013428e-02
7.848616689443588257e-02,1.771559938788414001e-03,8.592633093940094113e-08,2.163127646781504154e-06,-9.586219675838947296e-07,3.480874001979827881e-02
6.424458324909210205e-02,2.028245944529771805e-04,-2.528474215068854392e-05,3.661931259557604790e-06,-2.007887815125286579e-06,-1.904277503490447998e-02
6.795221567153930664e-02,2.940716221928596497e-04,-2.544431663409341127e-05,6.722839316353201866e-07,6.504706107079982758e-09,1.016176491975784302e-01
6.984266638755798340e-02,3.405965398997068405e-04,-2.552568003011401743e-05,-1.536027411930263042e-06,1.236607204191386700e-06,1.016890257596969604e-01
6.698937714099884033e-02,2.703757490962743759e-04,-2.540287641750182956e-05,9.082577889785170555e-07,-1.062580849975347519e-07,-9.007140994071960449e-03
7.168026268482208252e-02,3.858206328004598618e-04,-2.560476968938019127e-05,1.249383785761892796e-06,-3.692694008350372314e-07,1.751800626516342163e-01
7.000786066055297852e-02,3.446622285991907120e-04,-2.553279045969247818e-05,5.212932592257857323e-07,-2.853630576282739639e-07,1.195299178361892700e-01
7.950610667467117310e-02,1.830007415264844894e-03,1.828884705901145935e-07,1.788910594768822193e-06,-7.657072274014353752e-07,1.111327111721038818e-02
6.949940323829650879e-02,3.321487456560134888e-04,-2.551090619817841798e-05,4.998000804334878922e-07,-1.351436367258429527e-07,9.971828758716583252e-02
6.658053398132324219e-02,2.603135071694850922e-04,-2.538527951401192695e-05,9.576615411788225174e-08,3.228633431717753410e-07,5.831421911716461182e-02
6.886853277683258057e-02,3.166226670145988464e-04,-2.548375414335168898e-05,1.705877366475760937e-06,-6.798800313845276833e-07,-1.682744920253753662e-02
6.756222248077392578e-02,2.844734117388725281e-04,-2.542753099987749010e-05,2.513843355700373650e-07,2.593005774542689323e-07,-1.497782766819000244e-02
6.663826107978820801e-02,2.617342397570610046e-04,-2.538776425353717059e-05,1.428299583494663239e-06,-4.251196514815092087e-07,1.872463524341583252e-02
7.101316750049591064e-02,3.694032784551382065e-04,-2.557605876063462347e-05,1.387816155329346657e-07,7.445341907441616058e-07,-1.656232774257659912e-02
7.943531870841979980e-02,1.825951505452394485e-03,1.761591192916966975e-07,-3.133463906124234200e-07,7.454800652340054512e-07,-1.476867496967315674e-02
8.047382533550262451e-02,1.885462552309036255e-03,2.748856786638498306e-07,-1.828011590987443924e-06,1.689593773335218430e-06,2.683444321155548096e-02
7.914035767316818237e-02,1.809048466384410858e-03,1.481184881413355470e-07,-4.141053068451583385e-06,3.237437340430915356e-06,1.224183887243270874e-01
8.562405407428741455e-02,2.180596813559532166e-03,7.645012374268844724e-07,-4.582674591802060604e-06,5.961337592452764511e-07,2.664339542388916016e+00
4.782041907310485840e-02,-2.013824414461851120e-04,-2.457785194565076381e-05,-2.643311745487153530e-06,-4.859582986682653427e-06,6.020311355590820312e+00
2.970217168331146240e-02,-6.472819950431585312e-04,-2.379804936936125159e-05,9.231880540028214455e-07,-5.627807695418596268e-06,4.733695507049560547e+00
3.183470666408538818e-02,-5.947991739958524704e-04,-2.388983193668536842e-05,-5.109948688186705112e-06,-6.674701580777764320e-06,7.613666057586669922e+00
1.643060892820358276e-02,-9.739021770656108856e-04,-2.322684667888097465e-05,-3.421667497605085373e-05,7.366586942225694656e-06,1.053488254547119141e+01
1.465649157762527466e-02,-1.017564209178090096e-03,-2.315048914169892669e-05,-4.864725633524358273e-05,1.488754060119390488e-05,1.177045822143554688e+01
4.386937618255615234e-02,-2.986199688166379929e-04,-2.440780008328147233e-05,-3.812038630712777376e-05,6.101152393966913223e-06,1.188658142089843750e+01
5.810280144214630127e-02,5.167233757674694061e-05,-2.502040115359704942e-05,-2.869145828299224377e-05,4.062938387505710125e-06,1.065385341644287109e+01
7.560963928699493408e-02,4.825247451663017273e-04,-2.577388841018546373e-05,-6.094414857216179371e-06,-2.595028490759432316e-06,6.388509750366210938e+00
7.865931093692779541e-02,5.575791001319885254e-04,-2.590514486655592918e-05,-7.060443749651312828e-07,-2.749453415162861347e-06,3.627206087112426758e+00
8.798868209123611450e-02,-3.584172809496521950e-03,2.280089259147644043e-02,-3.889043000526726246e-06,-1.951004378497600555e-06,4.774664878845214844e+00
7.686527073383331299e-02,5.134264938533306122e-04,-2.582793058536481112e-05,1.654800144024193287e-06,-4.738569259643554688e-06,3.436439752578735352e+00
7.087741792201995850e-02,3.660623915493488312e-04,-2.557021616667043418e-05,4.325236659497022629e-06,-6.141068297438323498e-06,3.250323057174682617e+00
5.687649548053741455e-02,2.149236388504505157e-05,-2.496762135706376284e-05,-4.451183485798537731e-06,-4.924979293718934059e-06,7.077667713165283203e+00
5.140413343906402588e-02,-1.131852623075246811e-04,-2.473209315212443471e-05,-4.561035893857479095e-06,-4.892353899776935577e-06,6.612085819244384766e+00
4.904477298259735107e-02,-1.712504308670759201e-04,-2.463054806867148727e-05,1.002626959234476089e-06,-9.249706636182963848e-06,7.238863945007324219e+00
7.192252576351165771e-02,3.917831927537918091e-04,-2.561519795563071966e-05,-4.700865247286856174e-06,-1.417807652615010738e-06,4.146366119384765625e+00
7.770277559757232666e-02,5.340380594134330750e-04,-2.586397749837487936e-05,-3.591980203054845333e-06,6.824411684647202492e-07,1.929302573204040527e+00
7.893215119838714600e-02,5.642934702336788177e-04,-2.591688826214522123e-05,-4.163230187259614468e-06,8.907518349587917328e-07,1.881523013114929199e+00
8.416768908500671387e-02,6.931428797543048859e-04,-2.614222466945648193e-05,-4.245724994689226151e-06,7.504859240725636482e-07,2.277261734008789062e+00
7.942479848861694336e-02,5.764178931713104248e-04,-2.593809222162235528e-05,-2.512591890990734100e-06,2.249726094305515289e-08,1.864465832710266113e+00
8.544865250587463379e-02,2.170545049011707306e-03,7.478256520698778331e-07,-3.622233634814620018e-06,5.567126208916306496e-07,1.970562815666198730e+00
8.334671705961227417e-02,2.050093840807676315e-03,5.480023901327513158e-07,2.296917955391108990e-06,-4.395624273456633091e-06,3.250584602355957031e+00
7.489716261625289917e-02,1.565892249345779419e-03,-2.552687874413095415e-07,-2.150947693735361099e-06,-5.793699529021978378e-06,6.875368595123291016e+00
5.678053200244903564e-02,1.913052983582019806e-05,-2.496349043212831020e-05,-1.213910582009702921e-05,-1.411201083101332188e-06,8.275421142578125000e+00
6.853993982076644897e-02,1.201591454446315765e-03,-8.596280167694203556e-07,-2.120445424225181341e-05,5.466135917231440544e-07,1.041233348846435547e+01
4.910701513290405273e-02,-1.697186380624771118e-04,-2.463322744006291032e-05,-1.382715709041804075e-05,-1.537133357487618923e-06,8.590411186218261719e+00
7.780905812978744507e-02,-3.591556102037429810e-03,2.205152064561843872e-02,-7.908864063210785389e-06,-2.421365934424102306e-06,6.741735458374023438e+00
7.602092623710632324e-02,4.926468245685100555e-04,-2.579159081506077200e-05,-3.733832272700965405e-06,-1.183521817438304424e-06,3.592121601104736328e+00
6.454566121101379395e-02,2.102344296872615814e-04,-2.529769881221000105e-05,1.903536031022667885e-07,-1.844236976467072964e-06,1.731020689010620117e+00
8.472486585378646851e-02,-3.586539998650550842e-03,2.256062626838684082e-02,1.053980668075382710e-06,-3.061068127863109112e-06,2.453393459320068359e+00
7.695093750953674316e-02,5.155350081622600555e-04,-2.583161767688579857e-05,-1.047781552188098431e-06,-2.200933522544801235e-06,2.866273403167724609e+00
7.070672512054443359e-02,3.618616610765457153e-04,-2.556286926846951246e-05,-6.046320777386426926e-08,-2.158718416467308998e-06,2.230891466140747070e+00
6.513932347297668457e-02,2.248447854071855545e-04,-2.532325015636160970e-05,2.024171408265829086e-08,-2.585598849691450596e-06,2.756537199020385742e+00
7.122996449470520020e-02,1.355743501335382462e-03,-6.038962965249083936e-07,-1.721797161735594273e-06,-1.409891410730779171e-06,2.562003374099731445e+00
6.479115784168243408e-02,2.162763848900794983e-04,-2.530826532165519893e-05,1.996886567212641239e-06,-3.619512426666915417e-06,2.197598934173583984e+00
6.915585696697235107e-02,3.236937336623668671e-04,-2.549611963331699371e-05,2.943546860478818417e-06,-4.536748747341334820e-06,2.704782247543334961e+00
7.679533213376998901e-02,-3.592291381210088730e-03,2.197689376771450043e-02,4.201283445581793785e-07,-2.607514034025371075e-06,2.307482957839965820e+00
7.072712481021881104e-02,3.623636439442634583e-04,-2.556374784035142511e-05,-6.640038918703794479e-08,-2.358996425755321980e-06,2.263667821884155273e+00
8.479946106672286987e-02,-3.586485981941223145e-03,2.256611734628677368e-02,-3.019231371581554413e-07,-2.831235178746283054e-06,2.985054492950439453e+00
6.758613884449005127e-02,2.850624732673168182e-04,-2.542856054787989706e-05,-2.294982550665736198e-06,5.572073860093951225e-07,1.388504385948181152e+00
7.760959118604660034e-02,-3.591700689867138863e-03,2.203683555126190186e-02,1.615684595890343189e-06,-6.820482667535543442e-07,1.273766905069351196e-01
4.480580985546112061e-02,-2.755736932158470154e-04,-2.444810343149583787e-05,-8.391070878133177757e-07,6.819172995164990425e-07,5.643618702888488770e-01
3.400011360645294189e-02,-5.415074992924928665e-04,-2.398303149675484747e-05,-1.550171873532235622e-06,7.535418262705206871e-07,5.300430655479431152e-01
4.744985699653625488e-02,-2.105021849274635315e-04,-2.456190304656047374e-05,-1.810476533137261868e-06,-6.244663381949067116e-07,1.829725742340087891e+00
4.679057002067565918e-02,-2.267279196530580521e-04,-2.453352681186515838e-05,-4.714995156973600388e-06,2.427768777124583721e-06,9.797673821449279785e-01
7.567426562309265137e-02,1.610423903912305832e-03,-1.813914423109963536e-07,-1.032065483741462231e-06,3.783497959375381470e-08,9.260742068290710449e-01
7.604568451642990112e-02,-3.592835040763020515e-03,2.192170917987823486e-02,-1.166059519164264202e-06,-2.428714651614427567e-07,1.360701560974121094e+00
7.421875000000000000e-02,4.482944495975971222e-04,-2.571402546891476959e-05,-2.781205694191157818e-06,1.093518221750855446e-06,7.499027848243713379e-01
7.087951898574829102e-02,3.661140799522399902e-04,-2.557030711614061147e-05,-2.226093783974647522e-06,6.240443326532840729e-07,1.056376338005065918e+00
6.838656961917877197e-02,3.047611098736524582e-04,-2.546301038819365203e-05,-4.396322765387594700e-06,2.263666829094290733e-06,7.988294959068298340e-01
8.070471137762069702e-02,1.898693852126598358e-03,2.968363332911394536e-07,-2.059983671642839909e-06,-9.591167327016592026e-08,1.385810852050781250e+00
6.811878085136413574e-02,2.981708385050296783e-04,-2.545148527133278549e-05,-3.634457243606448174e-06,2.047541784122586250e-06,7.979317903518676758e-01
7.743184268474578857e-02,5.273702554404735565e-04,-2.585231595730874687e-05,-7.131646270863711834e-06,4.428366082720458508e-06,1.200723767280578613e+00
6.703859567642211914e-02,2.715869341045618057e-04,-2.540499554015696049e-05,-1.838707248680293560e-06,5.411129677668213844e-07,1.094292163848876953e+00
5.375033617019653320e-02,-5.544419400393962860e-05,-2.483307252987287939e-05,1.518215867690742016e-06,-3.282097168266773224e-06,2.389104604721069336e+00
2.931362390518188477e-02,-6.568445824086666107e-04,-2.378132558078505099e-05,-8.036586223170161247e-07,2.780725480988621712e-07,8.755180835723876953e-01
2.665019035339355469e-02,-7.223929278552532196e-04,-2.366669286857359111e-05,1.786029315553605556e-06,-1.066437107510864735e-06,2.945510149002075195e-01
2.766258269548416138e-02,-6.974774878472089767e-04,-2.371026675973553210e-05,-1.669250195845961571e-07,1.657463144510984421e-07,-7.323279976844787598e-03
3.529461473226547241e-02,-5.096490494906902313e-04,-2.403874532319605350e-05,1.953696482814848423e-06,-1.308959326706826687e-06,-3.883734345436096191e-03
5.224254727363586426e-02,-9.255157783627510071e-05,-2.476817826391197741e-05,1.357460860162973404e-06,-6.416521500796079636e-07,1.159291714429855347e-01
6.013865768909454346e-02,1.017756294459104538e-04,-2.510802369215525687e-05,2.069224137812852859e-06,-1.190375769510865211e-06,8.813966810703277588e-02
6.312513351440429688e-02,1.752744428813457489e-04,-2.523656075936742127e-05,3.318200469948351383e-06,-1.891268766485154629e-06,1.637363582849502563e-01
6.515407562255859375e-02,-3.600734751671552658e-03,2.111992239952087402e-02,4.730289219878613949e-06,-2.667788066901266575e-06,-2.052684128284454346e-02
3.303145617246627808e-02,-5.653467960655689240e-04,-2.394134025962557644e-05,3.399196430109441280e-06,-1.896449248306453228e-06,2.897491455078125000e-01
1.866022497415542603e-02,-9.190300479531288147e-04,-2.332280928385443985e-05,-9.179784683510661125e-07,1.090214936994016171e-06,9.576246142387390137e-03
4.427859932184219360e-02,-3.615875728428363800e-03,1.958317682147026062e-02,1.075983163900673389e-06,-4.199828254058957100e-07,-1.541157066822052002e-02
2.611263841390609741e-02,-7.356223650276660919e-04,-2.364355714234989136e-05,4.781904863193631172e-07,-6.315531209111213684e-08,-1.452918350696563721e-02
3.796927630901336670e-02,-4.438243340700864792e-04,-2.415386188658885658e-05,-1.563486875966191292e-06,1.019012415781617165e-06,2.813665270805358887e-01
6.464964896440505981e-02,9.786584414541721344e-04,-1.229464942298363894e-06,2.396598574705421925e-06,-1.621578121557831764e-06,4.160675406455993652e-01
2.555302530527114868e-02,-7.493947632610797882e-04,-2.361947190365754068e-05,1.230408088304102421e-06,-4.653556970879435539e-07,4.536275267601013184e-01
5.096510797739028931e-02,-3.611026098951697350e-03,2.007540315389633179e-02,1.246939064003527164e-06,-7.828639354556798935e-07,1.286239475011825562e-01
4.594539105892181396e-02,-2.475280780345201492e-04,-2.449715066177304834e-05,4.311688826419413090e-06,-2.700646291486918926e-06,3.697372972965240479e-02
5.088891088962554932e-02,-1.258654519915580750e-04,-2.470991785230580717e-05,3.208187990821897984e-06,-1.939639332704246044e-06,1.324728280305862427e-01
6.395028531551361084e-02,1.955819316208362579e-04,-2.527207470848225057e-05,3.306617145426571369e-06,-2.023632987402379513e-06,2.653921842575073242e-01
3.971496224403381348e-02,-4.008619580417871475e-04,-2.422899706289172173e-05,-1.214284566231071949e-06,7.958442438393831253e-07,5.303922295570373535e-01
2.536965906620025635e-02,-7.539074867963790894e-04,-2.361157930863555521e-05,2.689121174626052380e-06,-1.524342224001884460e-06,4.050994515419006348e-01
2.886472642421722412e-02,-6.678919307887554169e-04,-2.376200609432999045e-05,-4.055371391586959362e-06,2.460816176608204842e-06,6.697072386741638184e-01
1.640307903289794922e-02,-9.745797142386436462e-04,-2.322566069778986275e-05,4.458866897039115429e-06,-7.983981049619615078e-06,4.453605651855468750e+00
2.362432330846786499e-02,-7.968612480908632278e-04,-2.353646050323732197e-05,-2.866683644242584705e-06,-1.687527401372790337e-06,3.504005193710327148e+00
1.277371495962142944e-02,-1.063900301232933998e-03,-2.306945498276036233e-05,-9.167124517261981964e-07,-5.423557013273239136e-06,4.886274814605712891e+00
3.355155885219573975e-02,-5.525466986000537872e-04,-2.396372474322561175e-05,-6.499307346530258656e-06,1.313528628088533878e-06,2.597954750061035156e+00
2.608084678649902344e-02,-7.364049088209867477e-04,-2.364218926231842488e-05,4.028988769277930260e-07,-2.990418579429388046e-08,-8.896544575691223145e-03
2.381622046232223511e-02,-7.921382784843444824e-04,-2.354472053411882371e-05,-4.679168341681361198e-07,6.009649951010942459e-07,-1.354895532131195068e-02
2.336593717336654663e-02,-8.032200857996940613e-04,-2.352533920202404261e-05,-2.036249497905373573e-07,4.605390131473541260e-07,-1.401169598102569580e-02
2.985561639070510864e-02,-6.435057148337364197e-04,-2.380465411988552660e-05,1.057924237102270126e-08,2.805754775181412697e-07,-4.528895020484924316e-03
3.150890767574310303e-02,-6.028173957020044327e-04,-2.387581116636283696e-05,-5.710026016458868980e-07,6.435147952288389206e-07,1.330042034387588501e-01
3.658223897218704224e-02,-4.779601003974676132e-04,-2.409416447335388511e-05,7.225899025797843933e-07,-3.810288035310804844e-06,3.556703567504882812e+00
3.202681243419647217e-02,-5.900713149458169937e-04,-2.389810106251388788e-05,1.334847183898091316e-07,-6.169226253405213356e-06,5.288313388824462891e+00
2.868290990591049194e-02,-6.723664700984954834e-04,-2.375418080191593617e-05,-6.445436156354844570e-06,-5.560839781537652016e-06,7.321930408477783203e+00
4.989361763000488281e-02,-1.503601670265197754e-04,-2.466708065185230225e-05,-1.196593802887946367e-05,-3.327731974422931671e-06,8.863927841186523438e+00
7.644537091255187988e-02,1.654612366110086441e-03,-1.080852598533965647e-07,-8.429196896031498909e-06,-2.636938006617128849e-06,7.405545711517333984e+00
6.619843840599060059e-02,2.509101759642362595e-04,-2.536883403081446886e-05,-2.422239049337804317e-06,-2.517394023016095161e-06,4.156659126281738281e+00
7.892002910375595093e-02,1.796422526240348816e-03,1.271719156648032367e-07,-5.301975761540234089e-06,2.674481947906315327e-06,1.112999558448791504e+00
6.004197895526885986e-02,9.939656592905521393e-05,-2.510386366338934749e-05,5.996422260068356991e-06,-7.659153197892010212e-06,3.779010534286499023e+00
5.090256035327911377e-02,-3.611071500927209854e-03,2.007079869508743286e-02,-2.258617314510047436e-06,-1.631968189030885696e-06,3.345684289932250977e+00
3.168040513992309570e-02,-5.985966417938470840e-04,-2.388319262536242604e-05,-6.251546437852084637e-06,3.527253284119069576e-06,1.017894625663757324e+00
3.712959587574005127e-02,-4.644892178475856781e-04,-2.411772220511920750e-05,-4.688627086579799652e-08,3.676250344142317772e-07,2.802331745624542236e-02
3.795088827610015869e-02,-4.442767240107059479e-04,-2.415307062619831413e-05,-2.974280505441129208e-06,2.224944182671606541e-06,3.183484077453613281e-01
6.195130944252014160e-02,8.240304887294769287e-04,-1.485986103944014758e-06,7.731287041679024696e-07,-1.230073394253849983e-07,-1.545120775699615479e-02
3.765120357275009155e-02,-4.516523331403732300e-04,-2.414017217233777046e-05,1.102441456168889999e-05,-6.004614988341927528e-06,-2.019099473953247070e+00
4.212102293968200684e-02,-3.416475374251604080e-04,-2.433255212963558733e-05,1.253031950909644365e-05,-4.588029696606099606e-06,-5.100182056427001953e+00
6.034349650144577026e-02,7.318942807614803314e-04,-1.638835783523973078e-06,1.988405711017549038e-05,-8.535425877198576927e-06,-7.191759586334228516e+00
3.777348250150680542e-02,-4.486429970711469650e-04,-2.414543632767163217e-05,2.081612183246761560e-05,-9.107010555453598499e-06,-7.508648395538330078e+00
3.916461765766143799e-02,-4.144064150750637054e-04,-2.420531018287874758e-05,1.577580405864864588e-05,-6.401576683856546879e-06,-5.030158519744873047e+00
2.703183889389038086e-02,-7.130005396902561188e-04,-2.368311834288761020e-05,3.968903911300003529e-06,-1.423060894012451172e-06,-4.864693880081176758e-01
3.160411864519119263e-02,-6.004741881042718887e-04,-2.387990753049962223e-05,3.204128006473183632e-06,-1.595806679688394070e-06,-1.894842088222503662e-02
4.838529229164123535e-02,4.662969149649143219e-05,-2.775661414489150047e-06,-6.906630005687475204e-07,9.042851161211729050e-07,-1.393355429172515869e-02
3.582970798015594482e-02,-4.964803811162710190e-04,-2.406177554803434759e-05,6.847694749012589455e-07,-2.640153979882597923e-07,1.502454429864883423e-01
6.269030272960662842e-02,1.645730808377265930e-04,-2.521784517739433795e-05,-4.413450369611382484e-07,-4.910689312964677811e-07,1.151242852210998535e+00
6.548917293548583984e-02,2.334546297788619995e-04,-2.533830775064416230e-05,3.137538442388176918e-07,-7.641065167263150215e-07,9.791898131370544434e-01
6.331402063369750977e-02,1.799231395125389099e-04,-2.524468982301186770e-05,7.431081030517816544e-07,-5.740585038438439369e-07,5.525870919227600098e-01
4.555305838584899902e-02,-2.571835648268461227e-04,-2.448026498313993216e-05,2.763976226560771465e-06,-1.629989128559827805e-06,4.711512923240661621e-01
5.575530976057052612e-02,4.689684137701988220e-04,-2.075018983305199072e-06,1.681022695265710354e-06,-5.813490133732557297e-07,-1.714120805263519287e-02
6.495411694049835205e-02,9.961063042283058167e-04,-1.200519363919738680e-06,-2.268774551339447498e-06,1.446271198801696301e-06,7.143220305442810059e-01
4.539260268211364746e-02,-2.611323725432157516e-04,-2.447336009936407208e-05,-7.285416359081864357e-07,-6.638874765485525131e-07,1.548222541809082031e+00
3.820928186178207397e-02,-4.379176534712314606e-04,-2.416419192741159350e-05,-3.452296368777751923e-06,2.491477061994373798e-06,4.138433933258056641e-01
5.258749425411224365e-02,-8.406210690736770630e-05,-2.478302485542371869e-05,-2.274158759973943233e-06,9.817886166274547577e-07,6.819890141487121582e-01
5.329887568950653076e-02,-6.655487231910228729e-05,-2.481364208506420255e-05,6.817586836405098438e-06,-7.092385203577578068e-06,2.702454328536987305e+00
4.854764044284820557e-02,-1.834852155297994614e-04,-2.460915129631757736e-05,-2.012486220337450504e-06,-5.990441422909498215e-06,6.406428813934326172e+00
3.493452817201614380e-02,-5.185110494494438171e-04,-2.402324753347784281e-05,-1.214120129588991404e-05,-2.525295712985098362e-06,8.145838737487792969e+00
2.735348790884017944e-02,-7.050845306366682053e-04,-2.369696267123799771e-05,-6.568530807271599770e-06,-6.445421604439616203e-06,7.876134395599365234e+00
4.903586208820343018e-02,-1.714699901640415192e-04,-2.463016426190733910e-05,-1.972405880223959684e-05,9.725481504574418068e-07,9.019914627075195312e+00
8.148071914911270142e-02,1.943162642419338226e-03,3.706081770360469818e-07,-8.696762961335480213e-06,-1.028238330036401749e-06,6.361793994903564453e+00
7.235209643840789795e-02,4.023551009595394135e-04,-2.563368616392835975e-05,-4.808898665942251682e-06,9.189097909256815910e-07,2.494678258895874023e+00
7.575977593660354614e-02,-3.593042492866516113e-03,2.190066128969192505e-02,2.501139533706009388e-06,-5.861773388460278511e-06,3.351700305938720703e+00
7.521322369575500488e-02,4.727686755359172821e-04,-2.575682810856960714e-05,-1.080169749911874533e-05,-7.514754543080925941e-07,6.637986660003662109e+00
6.505273282527923584e-02,2.227136865258216858e-04,-2.531952304707374424e-05,-8.052025805227458477e-06,-2.870801836252212524e-06,6.415841579437255859e+00
6.065984070301055908e-02,1.146022696048021317e-04,-2.513045546947978437e-05,-3.360852133482694626e-06,-6.765287253074347973e-06,7.309015750885009766e+00
7.639448344707489014e-02,5.018399097025394440e-04,-2.580766886239871383e-05,-6.751462933607399464e-06,-7.929775165393948555e-07,4.367835998535156250e+00
8.340445905923843384e-02,-3.587497863918542862e-03,2.246342413127422333e-02,-5.808775313198566437e-06,2.345666871406137943e-06,1.733995437622070312e+00
6.888487935066223145e-02,3.170247655361890793e-04,-2.548445809225086123e-05,3.582841600291430950e-06,-5.693727871403098106e-07,-5.463614463806152344e-01
5.966442823410034180e-02,9.010476060211658478e-05,-2.508761281205806881e-05,1.371283724438399076e-05,-6.563510396517813206e-06,-3.104519844055175781e+00
4.627388715744018555e-02,-2.394434995949268341e-04,-2.451128966640681028e-05,1.838438038248568773e-05,-8.015180355869233608e-06,-5.948683738708496094e+00
3.556933254003524780e-02,-5.028881132602691650e-04,-2.405056875431910157e-05,2.271948324050754309e-05,-9.467315976507961750e-06,-8.877000808715820312e+00
3.069284558296203613e-02,-6.229011341929435730e-04,-2.384068648098036647e-05,2.583437890280038118e-05,-1.142434484791010618e-05,-1.003189086914062500e+01
3.109005838632583618e-02,-6.131255067884922028e-04,-2.385778316238429397e-05,2.353214949835091829e-05,-1.023008371703326702e-05,-8.954663276672363281e+00
4.339662194252014160e-02,-3.102545160800218582e-04,-2.438745286781340837e-05,1.941224036272615194e-05,-8.121118298731744289e-06,-6.851229667663574219e+00
4.681034386157989502e-02,-2.262410707771778107e-04,-2.453437809890601784e-05,1.611134211998432875e-05,-6.427682819776237011e-06,-5.479554653167724609e+00
4.374870657920837402e-02,-3.015894908457994461e-04,-2.440260686853434891e-05,1.422812056262046099e-05,-7.056791218928992748e-06,-2.790197610855102539e+00
4.994010925292968750e-02,-1.492158044129610062e-04,-2.466908335918560624e-05,5.334484740160405636e-06,-2.925386070273816586e-06,-2.185018360614776611e-02
3.300047665834426880e-02,-5.661090835928916931e-04,-2.394000694039277732e-05,3.672685124911367893e-06,-3.008535713888704777e-06,8.004726767539978027e-01
3.557098656892776489e-02,-5.028473678976297379e-04,-2.405064151389524341e-05,-6.188362021930515766e-06,4.568180884234607220e-06,4.499761462211608887e-01
3.558571636676788330e-02,-5.024850834161043167e-04,-2.405127452220767736e-05,-1.179287210106849670e-06,8.344359230250120163e-07,1.964914351701736450e-01
3.045687824487686157e-02,-6.287083961069583893e-04,-2.383053106314036995e-05,-2.668224624358117580e-06,2.079919795505702496e-06,1.007837206125259399e-01
3.785105049610137939e-02,-4.467337857931852341e-04,-2.414877417322713882e-05,-4.399233148433268070e-06,2.384607796557247639e-06,7.214313149452209473e-01
7.509533315896987915e-02,1.577248331159353256e-03,-2.364286046940833330e-07,-2.028493327088654041e-06,-8.674105629324913025e-07,2.724258899688720703e+00
6.579324603080749512e-02,2.409382723271846771e-04,-2.535139537940267473e-05,-1.227934262715280056e-06,-5.428126314654946327e-06,5.697525024414062500e+00
3.067328780889511108e-02,-6.233823951333761215e-04,-2.383984610787592828e-05,-5.578258424066007137e-06,-6.481015589088201523e-06,7.591042995452880859e+00
1.250127702951431274e-02,-1.070605125278234482e-03,-2.305772977706510574e-05,-1.278023410122841597e-05,-2.360364305786788464e-06,7.994474887847900391e+00
2.359730005264282227e-02,-7.975262124091386795e-04,-2.353529816900845617e-05,-2.966581087093800306e-05,4.873319994658231735e-06,1.008613872528076172e+01
2.594794332981109619e-02,-7.396757137030363083e-04,-2.363646854064427316e-05,-2.226080687250941992e-05,2.316970494575798512e-06,9.139303207397460938e+00
2.501370757818222046e-02,-7.626675069332122803e-04,-2.359625977987889200e-05,-2.890096220653504133e-05,4.820161848329007626e-06,1.011035537719726562e+01
2.576792240142822266e-02,-7.441060151904821396e-04,-2.362871964578516781e-05,-2.460883115418255329e-05,2.382788807153701782e-06,9.769522666931152344e+00
4.729628562927246094e-02,-2.142817247658967972e-04,-2.455529283906798810e-05,-2.317759208381175995e-05,5.127658369019627571e-06,8.082259178161621094e+00
6.832148879766464233e-02,1.189073082059621811e-03,-8.803954187897033989e-07,-4.207060555927455425e-06,-1.567197614349424839e-06,3.932644605636596680e+00
6.594708561897277832e-02,2.447240985929965973e-04,-2.535801650083158165e-05,-1.661072019487619400e-06,3.243621904402971268e-07,1.227953195571899414e+00
5.922771990299224854e-02,7.935729809105396271e-05,-2.506881719455122948e-05,4.348388756625354290e-06,-1.984881237149238586e-06,-1.269351392984390259e-01
5.783171951770782471e-02,4.500057548284530640e-05,-2.500873415556270629e-05,1.217653334606438875e-05,-4.363304469734430313e-06,-4.655028343200683594e+00
6.161336600780487061e-02,-3.603302873671054840e-03,2.085927501320838928e-02,1.635080843698233366e-05,-6.680216756649315357e-06,-5.624862670898437500e+00
5.199775099754333496e-02,-9.857607074081897736e-05,-2.475764267728663981e-05,1.386283838655799627e-05,-4.712186637334525585e-06,-5.367637634277343750e+00
7.393228262662887573e-02,-3.594367997720837593e-03,2.176612988114356995e-02,4.097979399375617504e-06,3.396562533453106880e-07,-2.108928203582763672e+00
7.380560040473937988e-02,4.381262697279453278e-04,-2.569624302850570530e-05,-1.250373315997421741e-06,4.752509994432330132e-07,5.917364954948425293e-01
7.668123394250869751e-02,-3.592374036088585854e-03,2.196849510073661804e-02,9.369468898512423038e-06,-8.947230526246130466e-06,2.522893905639648438e+00
6.920517981052398682e-02,3.249079454690217972e-04,-2.549824421294033527e-05,-5.729641998186707497e-06,-3.475142875686287880e-06,6.401039123535156250e+00
7.649663835763931274e-02,-3.592507913708686829e-03,2.195490524172782898e-02,-1.199425605591386557e-05,-1.542226527817547321e-06,7.548694133758544922e+00
7.416205853223800659e-02,1.523767132312059402e-03,-3.251516318414360285e-07,-4.782166797667741776e-06,-6.606933311559259892e-06,7.653591632843017578e+00
5.764815211296081543e-02,4.048296250402927399e-05,-2.500083428458310664e-05,-5.684560164809226990e-07,-8.804840035736560822e-06,7.270986557006835938e+00
5.315241217613220215e-02,-7.015932351350784302e-05,-2.480733746779151261e-05,-4.921865183860063553e-06,-5.498994141817092896e-06,7.055120468139648438e+00
8.106829971075057983e-02,-3.589192172512412071e-03,2.229144796729087830e-02,-5.170470103621482849e-06,-2.795743057504296303e-06,5.978127479553222656e+00
8.712064474821090698e-02,-3.584802383556962013e-03,2.273699082434177399e-02,-6.759088137187063694e-06,3.122419002465903759e-06,1.804159283638000488e+00
7.592232525348663330e-02,4.902202636003494263e-04,-2.578734711278229952e-05,-2.364395186305046082e-06,1.934575266204774380e-06,5.808615088462829590e-01
8.272070437669754028e-02,-3.587993793189525604e-03,2.241308987140655518e-02,-3.672597813419997692e-06,2.341505023650825024e-06,5.871623158454895020e-01
8.225414901971817017e-02,-3.588332096114754677e-03,2.237874455749988556e-02,-3.197099431417882442e-06,2.424625563435256481e-06,2.985931634902954102e-01
7.741784304380416870e-02,1.710339449346065521e-03,-1.563603291288018227e-08,-9.780342224985361099e-08,7.066264515742659569e-07,2.017925828695297241e-01
7.414740324020385742e-02,4.465384408831596375e-04,-2.571095501480158418e-05,-1.360356691293418407e-06,1.044420059770345688e-06,5.457785129547119141e-01
7.450400292873382568e-02,4.553142935037612915e-04,-2.572630182839930058e-05,-3.616136382333934307e-06,2.323111402802169323e-06,4.823549985885620117e-01
7.887166738510131836e-02,1.793650910258293152e-03,1.225744199473410845e-07,-1.904743839986622334e-06,1.384250936098396778e-06,1.583670824766159058e-01
7.442821562290191650e-02,4.534493200480937958e-04,-2.572304219938814640e-05,-4.521643859334290028e-06,3.258595825172960758e-06,4.428708553314208984e-01
7.009062170982360840e-02,3.466987982392311096e-04,-2.553635204094462097e-05,-1.470587449148297310e-06,1.200882252305746078e-06,3.864108920097351074e-01
6.735239923000335693e-02,2.793096937239170074e-04,-2.541849971748888493e-05,-3.604698576964437962e-06,2.446962753310799599e-06,4.239749312400817871e-01
7.676635682582855225e-02,5.109920166432857513e-04,-2.582367233117111027e-05,-1.561274984851479530e-07,-2.556436811573803425e-06,2.284319400787353516e+00
7.530169188976287842e-02,4.749461077153682709e-04,-2.576063525339122862e-05,-6.236121407710015774e-06,-1.598076778464019299e-06,5.593895912170410156e+00
4.100163280963897705e-02,-3.691962920129299164e-04,-2.428437437629327178e-05,1.824373612180352211e-07,-2.808679710142314434e-06,3.099302768707275391e+00
3.236038982868194580e-02,-5.818619392812252045e-04,-2.391245834587607533e-05,-1.124122354667633772e-05,6.480418960563838482e-06,1.582033038139343262e+00
6.226685643196105957e-02,8.421125821769237518e-04,-1.455988240195438266e-06,-3.159817424602806568e-06,3.936729626730084419e-07,1.589191198348999023e+00
4.493907094001770020e-02,-2.722938079386949539e-04,-2.445383870508521795e-05,-2.103028236888349056e-06,-1.187159796245396137e-06,2.565835952758789062e+00
4.890224337577819824e-02,-1.747582573443651199e-04,-2.462441261741332710e-05,-2.863715053535997868e-06,-2.976215910166501999e-06,4.519142627716064453e+00
6.880485266447067261e-02,1.216772478073835373e-03,-8.344431989826261997e-07,-5.814756150357425213e-06,-3.953929990530014038e-06,6.715435028076171875e+00
5.425107479095458984e-02,-4.312046803534030914e-05,-2.485462391632609069e-05,-1.199776306748390198e-06,-8.391391020268201828e-06,7.312024593353271484e+00
5.376735329627990723e-02,-5.502533167600631714e-05,-2.483380558260250837e-05,-2.629234222695231438e-05,3.437497070990502834e-06,1.033468818664550781e+01
6.352327018976211548e-02,9.141117334365844727e-04,-1.336545210506301373e-06,-2.304486406501382589e-05,1.200140104629099369e-06,1.013382720947265625e+01
6.134645640850067139e-02,1.315001863986253738e-04,-2.516000677132979035e-05,-1.130484452005475760e-05,-2.557309926487505436e-06,8.132293701171875000e+00
8.045162260532379150e-02,6.016883999109268188e-04,-2.598228638817090541e-05,-1.146602153312414885e-05,1.231237547472119331e-07,6.825087547302246094e+00
6.562913954257965088e-02,2.368995919823646545e-04,-2.534433224354870617e-05,-4.393790732137858868e-06,-2.745946403592824936e-08,2.922137022018432617e+00
7.759302854537963867e-02,5.313367582857608795e-04,-2.585925358289387077e-05,-4.179120878688991070e-06,2.296801540069282055e-06,9.103438258171081543e-01
7.338874042034149170e-02,4.278672859072685242e-04,-2.567830233601853251e-05,-1.075823092833161354e-07,-9.074574336409568787e-08,7.769059538841247559e-01
7.576426863670349121e-02,4.863305948674678802e-04,-2.578054409241303802e-05,1.211155904456973076e-07,-5.178444553166627884e-07,8.600902557373046875e-01
7.597208768129348755e-02,1.627490855753421783e-03,-1.530788722448050976e-07,9.818890248425304890e-06,-8.849252481013536453e-06,2.351840972900390625e+00
4.708595573902130127e-02,-2.194582484662532806e-04,-2.454623972880654037e-05,-5.103705916553735733e-06,-1.025662641040980816e-06,4.343711376190185547e+00
3.785592317581176758e-02,-4.466141108423471451e-04,-2.414898335700854659e-05,1.071704900823533535e-06,-1.613108906894922256e-06,1.440240859985351562e+00
1.857896149158477783e-02,-9.210300631821155548e-04,-2.331930954824201763e-05,-9.115465218201279640e-07,9.261275408789515495e-07,-1.314689218997955322e-02
2.581790834665298462e-02,-7.428759709000587463e-04,-2.363087151024956256e-05,-3.457709681242704391e-06,4.493776941671967506e-07,1.780896306037902832e+00
7.099600881338119507e-02,1.342336647212505341e-03,-6.261370799620635808e-07,-4.831512342207133770e-06,-3.884488251060247421e-07,3.556338310241699219e+00
2.617080509662628174e-02,-7.341909222304821014e-04,-2.364606007176917046e-05,1.076870830729603767e-06,-7.693597581237554550e-07,4.391401410102844238e-01
