6.965666264295578003e-02,-3.916225396096706390e-04,4.133766196900978684e-06,-1.059156784322112799e-05,-4.581194662023335695e-05,-3.675818443298339844e-04
7.202295213937759399e-02,-3.320644609630107880e-04,4.220645678287837654e-06,-1.312210224568843842e-05,-4.468922270461916924e-05,1.184156537055969238e-01
4.808294028043746948e-02,-9.346180595457553864e-04,3.341681349411373958e-06,-9.224429959431290627e-06,-4.673603689298033714e-05,-1.523542404174804688e-02
6.592730432748794556e-02,-4.854877479374408722e-04,3.996842224296415225e-06,-1.166880247183144093e-05,-4.518874629866331816e-05,-1.290038228034973145e-02
8.113111555576324463e-02,5.297856405377388000e-04,-3.347356687299907207e-05,-1.100228109862655401e-05,-4.551927850116044283e-05,-1.401281356811523438e-02
6.924147158861160278e-02,-4.020726773887872696e-04,4.118522610951913521e-06,-1.227835309691727161e-05,-4.534817708190530539e-05,1.004199385643005371e-01
6.637618690729141235e-02,-4.741896409541368484e-04,4.013323177787242457e-06,-1.028162660077214241e-05,-4.665213054977357388e-05,1.635420918464660645e-01
7.086960971355438232e-02,-3.633446758612990379e-03,2.275640517473220825e-02,-8.957053069025278091e-06,-4.697691474575549364e-05,1.376727223396301270e-02
7.009126245975494385e-02,-3.634011838585138321e-03,2.269913628697395325e-02,-9.641720680519938469e-06,-4.681339487433433533e-05,5.570885539054870605e-02
7.328415662050247192e-02,-3.003212623298168182e-04,4.266950782039202750e-06,-1.207386958412826061e-05,-4.529600846581161022e-05,1.581830084323883057e-01
8.745257556438446045e-02,8.183596655726432800e-04,-5.346274701878428459e-05,-1.355294079985469580e-05,-4.369278030935674906e-05,-1.267954707145690918e-02
6.803009659051895142e-02,-4.325620830059051514e-04,4.074046501045813784e-06,-1.456766040064394474e-05,-4.357045690994709730e-05,-9.003072977066040039e-03
6.652008742094039917e-02,-4.705679602921009064e-04,4.018605977762490511e-06,-1.196350785903632641e-05,-4.534679464995861053e-05,4.306733608245849609e-02
6.724662333726882935e-02,-4.522814415395259857e-04,4.045281457365490496e-06,-1.158738450612872839e-05,-4.554071347229182720e-05,3.648963570594787598e-02
6.315761059522628784e-02,-5.551988724619150162e-04,3.895152076438535005e-06,-9.480834705755114555e-06,-4.667376924771815538e-05,-1.446971297264099121e-02
6.959996372461318970e-02,-3.930495586246252060e-04,4.131684818275971338e-06,-8.735980372875928879e-06,-4.746914783027023077e-05,7.064470648765563965e-02
7.093898206949234009e-02,-3.593475557863712311e-04,4.180847099632956088e-06,-1.111644087359309196e-05,-4.550479934550821781e-05,-1.326096057891845703e-02
7.103757560253143311e-02,-3.633324755355715752e-03,2.276876382529735565e-02,-1.207474269904196262e-05,-4.473047738429158926e-05,-1.356065273284912109e-02
7.039486616849899292e-02,-3.730424214154481888e-04,4.160869593761162832e-06,-1.060041540767997503e-05,-4.578671359922736883e-05,3.469616174697875977e-02
8.450848609209060669e-02,6.839623674750328064e-04,-4.415318835526704788e-05,-1.189194153994321823e-05,-4.504222306422889233e-05,-1.271477341651916504e-02
6.315182894468307495e-02,-5.553446244448423386e-04,3.894939709425671026e-06,-9.221461368724703789e-06,-4.687751061283051968e-05,4.310038685798645020e-02
7.113260775804519653e-02,-3.544739447534084320e-04,4.187956164969364181e-06,-1.211935887113213539e-05,-4.557582724373787642e-05,1.892717778682708740e-01
7.238676398992538452e-02,-3.229076974093914032e-04,4.234002972225425765e-06,-1.408626849297434092e-05,-4.483020165935158730e-05,1.380784511566162109e-01
6.810436397790908813e-02,-4.306926857680082321e-04,4.076773166161729023e-06,-1.277003320865333080e-05,-4.475678724702447653e-05,-1.046821475028991699e-02
7.246073335409164429e-02,-3.210459835827350616e-04,4.236718723404919729e-06,-1.162345870397984982e-05,-4.550554149318486452e-05,1.816695034503936768e-01
7.083965092897415161e-02,-3.618474584072828293e-04,4.177200025878846645e-06,-1.089583383873105049e-05,-4.674326919484883547e-05,1.934323608875274658e-01
8.447483181953430176e-02,6.824261508882045746e-04,-4.404678475111722946e-05,-1.118103682529181242e-05,-4.573553451336920261e-05,9.082886576652526855e-02
7.170882076025009155e-02,-3.399711567908525467e-04,4.209111921227304265e-06,-1.118483487516641617e-05,-4.626580630429089069e-05,1.611300408840179443e-01
6.730002909898757935e-02,-4.509373102337121964e-04,4.047242327942512929e-06,-1.180393155664205551e-05,-4.568671283777803183e-05,8.821028470993041992e-02
7.082884758710861206e-02,-3.621196374297142029e-04,4.176803486188873649e-06,-1.229002373293042183e-05,-4.483282100409269333e-05,-1.211285591125488281e-02
6.976371258497238159e-02,-3.889279905706644058e-04,4.137697033002041280e-06,-1.274162787012755871e-05,-4.500943759921938181e-05,2.006924152374267578e-02
7.035479694604873657e-02,-3.740508109331130981e-04,4.159398940828396007e-06,-1.198245445266366005e-05,-4.515242471825331450e-05,3.297701478004455566e-02
7.586134225130081177e-02,-2.354551106691360474e-04,4.361572791822254658e-06,-1.491796865593641996e-05,-4.296225961297750473e-05,-1.068040728569030762e-02
7.376933842897415161e-02,-2.881092950701713562e-04,4.284764600015478209e-06,-1.245108433067798615e-05,-4.490539140533655882e-05,-1.105025410652160645e-02
7.414378970861434937e-02,-2.786843106150627136e-04,4.298512521927477792e-06,-1.458947372157126665e-05,-4.386022919788956642e-05,-7.401734590530395508e-03
8.381882309913635254e-02,6.524794735014438629e-04,-4.197240923531353474e-05,-1.574371708557009697e-05,-4.367039946373552084e-05,7.273292541503906250e-02
9.414814412593841553e-02,1.124011352658271790e-03,-7.463488145731389523e-05,-1.599064853508025408e-05,-5.029900057706981897e-05,2.965635061264038086e+00
4.939443618059158325e-02,-9.016084950417280197e-04,3.389833636902039871e-06,-1.314184919465333223e-05,-6.550099351443350315e-05,6.592169761657714844e+00
2.771627157926559448e-02,-1.447232905775308609e-03,2.593913905002409592e-06,-1.014223380479961634e-05,-6.049857620382681489e-05,4.981479644775390625e+00
2.657599747180938721e-02,-1.475932775065302849e-03,2.552048499637749046e-06,-7.276175892911851406e-06,-7.664471922907978296e-05,7.844151973724365234e+00
8.514828979969024658e-03,-1.930519705638289452e-03,1.888927727122791111e-06,-1.213696668855845928e-05,-8.851291931932792068e-05,1.007400131225585938e+01
1.013530045747756958e-02,-1.889733597636222839e-03,1.948423914654995315e-06,-1.489587884861975908e-05,-9.787139424588531256e-05,1.176572227478027344e+01
4.123336821794509888e-02,-1.107017043977975845e-03,3.090197424171492457e-06,-4.174042260274291039e-06,-1.009003462968394160e-04,1.119675827026367188e+01
6.060562282800674438e-02,-6.194305606186389923e-04,3.801455477514537051e-06,-1.078701461665332317e-05,-8.881620306055992842e-05,1.039850997924804688e+01
6.687762588262557983e-02,-4.615690559148788452e-04,4.031733169540530071e-06,-1.141558459494262934e-05,-6.308627780526876450e-05,6.035522460937500000e+00
7.662153989076614380e-02,-2.163210883736610413e-04,4.389483819977613166e-06,-1.348639489151537418e-05,-5.324857193045318127e-05,3.679696321487426758e+00
7.605927437543869019e-02,-2.304734662175178528e-04,4.368839654489420354e-06,-1.526041887700557709e-05,-5.642540781991556287e-05,5.009490966796875000e+00
7.595255225896835327e-02,-2.331594005227088928e-04,4.364922006061533466e-06,-1.175387296825647354e-05,-5.456421058624982834e-05,3.542752981185913086e+00
7.198450714349746704e-02,-3.330323379486799240e-04,4.219233687763335183e-06,-1.187858288176357746e-05,-5.392912862589582801e-05,3.479866266250610352e+00
5.779225379228591919e-02,-6.902413442730903625e-04,3.698161890497431159e-06,-1.065729884430766106e-05,-6.865903560537844896e-05,7.131782531738281250e+00
5.350271612405776978e-02,-7.982058450579643250e-04,3.540670149959623814e-06,-8.935967343859374523e-06,-6.806025339756160975e-05,6.578415870666503906e+00
4.495646804571151733e-02,-1.013309229165315628e-03,3.226892204111209139e-06,-4.717032425105571747e-06,-7.222914427984505892e-05,6.892659664154052734e+00
7.056211680173873901e-02,-3.688326105475425720e-04,4.167010501987533644e-06,-1.582832192070782185e-05,-5.517705722013488412e-05,4.332382678985595703e+00
7.563690096139907837e-02,-2.411040477454662323e-04,4.353332769824191928e-06,-1.255070674233138561e-05,-5.032862827647477388e-05,1.849627733230590820e+00
7.729869335889816284e-02,-1.992778852581977844e-04,4.414345767145277932e-06,-1.406640512868762016e-05,-4.903120861854404211e-05,1.632802724838256836e+00
7.721411436796188354e-02,-2.014068886637687683e-04,4.411240297486074269e-06,-1.125899143517017365e-05,-5.170215445104986429e-05,2.103714466094970703e+00
7.502860575914382935e-02,-2.564140595495700836e-04,4.330999217927455902e-06,-1.250399509444832802e-05,-5.022970435675233603e-05,1.794945001602172852e+00
7.979758828878402710e-02,-1.363824121654033661e-04,4.506093318923376501e-06,-1.402400084771215916e-05,-4.894619632977992296e-05,1.858848333358764648e+00
9.236472100019454956e-02,1.042598392814397812e-03,-6.899549043737351894e-05,-1.811074616853147745e-05,-4.885430098511278629e-05,3.534107923507690430e+00
8.182274550199508667e-02,5.613588728010654449e-04,-3.566060331650078297e-05,-1.198161044158041477e-05,-6.621744978474453092e-05,6.814052104949951172e+00
5.631687492132186890e-02,-7.273755036294460297e-04,3.643992840807186440e-06,-1.752460957504808903e-05,-7.186990842455998063e-05,8.625564575195312500e+00
6.743142753839492798e-02,-9.560282342135906219e-05,9.846378816291689873e-06,-8.282964699901640415e-06,-8.557984256185591221e-05,9.891609191894531250e+00
5.873293429613113403e-02,-6.665650289505720139e-04,3.732699042302556336e-06,-1.407944364473223686e-05,-7.783756882417947054e-05,9.101319313049316406e+00
6.797507405281066895e-02,-3.635548055171966553e-03,2.254343405365943909e-02,-1.218498800881206989e-05,-6.661936640739440918e-05,6.654091835021972656e+00
7.425842434167861938e-02,-2.757995389401912689e-04,4.302721208659932017e-06,-1.525704283267259598e-05,-5.352120206225663424e-05,3.806589603424072266e+00
6.416956335306167603e-02,-5.297288298606872559e-04,3.932306299248011783e-06,-1.003136276267468929e-05,-5.138825508765876293e-05,1.693422079086303711e+00
7.288207858800888062e-02,-3.104410134255886078e-04,4.252188318787375465e-06,-9.332710760645568371e-06,-5.311166751198470592e-05,2.451736927032470703e+00
7.475482672452926636e-02,-2.633053809404373169e-04,4.320946572988759726e-06,-1.121964305639266968e-05,-5.353591404855251312e-05,2.862756490707397461e+00
6.479343026876449585e-02,-5.140267312526702881e-04,3.955211468564812094e-06,-9.960902389138936996e-06,-5.175883416086435318e-05,1.862070083618164062e+00
6.352565437555313110e-02,-5.459357053041458130e-04,3.908664893970126286e-06,-1.197047822643071413e-05,-5.221632454777136445e-05,2.701382160186767578e+00
5.896296352148056030e-02,-6.607754621654748917e-04,3.741144155355868861e-06,-1.123295805882662535e-05,-5.250443064142018557e-05,2.486043453216552734e+00
6.305452436208724976e-02,-5.577937699854373932e-04,3.891367214237106964e-06,-8.253933629021048546e-06,-5.361443618312478065e-05,2.191592216491699219e+00
6.703766435384750366e-02,-4.575410857796669006e-04,4.037608960061334074e-06,-1.154799247160553932e-05,-5.257537850411608815e-05,2.863753318786621094e+00
6.376754492521286011e-02,-5.398476496338844299e-04,3.917545654985588044e-06,-9.365001460537314415e-06,-5.261813930701464415e-05,2.189813613891601562e+00
6.816246360540390015e-02,-4.292305093258619308e-04,4.078906385984737426e-06,-1.018664625007659197e-05,-5.264827632345259190e-05,2.167788982391357422e+00
6.913010030984878540e-02,-4.048757255077362061e-04,4.114433522772742435e-06,-1.313255052082240582e-05,-5.256198346614837646e-05,2.896054506301879883e+00
6.508044153451919556e-02,-5.068026948720216751e-04,3.965749328926904127e-06,-1.374313433188945055e-05,-4.792964318767189980e-05,1.335812449455261230e+00
7.174883037805557251e-02,-3.389639314264059067e-04,4.210581209918018430e-06,-1.499144127592444420e-05,-4.372472176328301430e-05,1.080219447612762451e-01
4.549378901720046997e-02,-9.997852612286806107e-04,3.246620053687365726e-06,-1.404917566105723381e-05,-4.648255708161741495e-05,8.214604258537292480e-01
3.604933619499206543e-02,-1.237495569512248039e-03,2.899864284700015560e-06,-1.118704676628112793e-05,-4.815321881324052811e-05,5.670959949493408203e-01
5.274262279272079468e-02,-8.173368405550718307e-04,3.512763214530423284e-06,-1.241923018824309111e-05,-5.095296364743262529e-05,1.969871759414672852e+00
4.686952382326126099e-02,-9.651589207351207733e-04,3.297130660939728841e-06,-1.445815723855048418e-05,-4.736955452244728804e-05,8.988579511642456055e-01
7.987814396619796753e-02,4.725879989564418793e-04,-2.951154601760208607e-05,-1.260689168702811003e-05,-4.746433114632964134e-05,7.372561097145080566e-01
6.501936912536621094e-02,-3.637693822383880615e-03,2.232596464455127716e-02,-1.284490281250327826e-05,-4.882627399638295174e-05,1.325868129730224609e+00
7.236259430646896362e-02,-3.235160838812589645e-04,4.233115305396495387e-06,-1.322440220974385738e-05,-4.659431579057127237e-05,5.644471645355224609e-01
7.108340412378311157e-02,-3.557126037776470184e-04,4.186149453744292259e-06,-1.363383489660918713e-05,-4.727805207949131727e-05,8.801484107971191406e-01
6.759213656187057495e-02,-4.435852169990539551e-04,4.057966634718468413e-06,-1.335061097051948309e-05,-4.718429408967494965e-05,7.829219102859497070e-01
6.931944936513900757e-02,-4.001096822321414948e-04,4.121385700273094699e-06,-1.002041972242295742e-05,-5.064997094450518489e-05,1.310179829597473145e+00
6.423658877611160278e-02,-5.280417390167713165e-04,3.934767391911009327e-06,-1.353194238618016243e-05,-4.685272870119661093e-05,7.427717447280883789e-01
7.119008153676986694e-02,-3.530273679643869400e-04,4.190066192677477375e-06,-1.567952858749777079e-05,-4.635137156583368778e-05,9.855045080184936523e-01
6.732396036386489868e-02,-4.503352101892232895e-04,4.048120445077074692e-06,-1.327443169429898262e-05,-4.771628300659358501e-05,1.141530513763427734e+00
5.322781950235366821e-02,-8.051248732954263687e-04,3.530577487254049629e-06,-1.171480107586830854e-05,-5.180446169106289744e-05,2.355789661407470703e+00
3.027953207492828369e-02,-1.382717397063970566e-03,2.688024778763065115e-06,-1.097195490729063749e-05,-4.931997682433575392e-05,9.896526336669921875e-01
3.181754797697067261e-02,-1.344006741419434547e-03,2.744493031059391797e-06,-6.310496246442198753e-06,-5.007883009966462851e-05,3.677248656749725342e-01
2.991331368684768677e-02,-1.391934696584939957e-03,2.674578809092054144e-06,-1.071808219421654940e-05,-4.757770511787384748e-05,6.861567497253417969e-03
3.762470930814743042e-02,-1.197844278067350388e-03,2.957704964501317590e-06,-9.893032256513834000e-06,-4.773560795001685619e-05,1.271427571773529053e-01
5.611642450094223022e-02,-7.324209436774253845e-04,3.636632754933089018e-06,-1.060831709764897823e-05,-4.667627217713743448e-05,1.149071753025054932e-01
6.326403468847274780e-02,-5.525206215679645538e-04,3.899059265677351505e-06,-1.157073711510747671e-05,-4.599170642904937267e-05,9.106776118278503418e-02
6.534438580274581909e-02,-5.001595709472894669e-04,3.975439994974294677e-06,-1.066377444658428431e-05,-4.621899279300123453e-05,1.568404734134674072e-01
6.125916168093681335e-02,-3.640423528850078583e-03,2.204930037260055542e-02,-9.155206498689949512e-06,-4.693433584179729223e-05,5.707243084907531738e-02
3.438420593738555908e-02,-1.279405551031231880e-03,2.838728960341541097e-06,-8.083719876594841480e-06,-4.895574238616973162e-05,4.602829813957214355e-01
2.263591438531875610e-02,-1.575101865455508232e-03,2.407387455605203286e-06,-8.434653864242136478e-06,-4.833257116843014956e-05,5.451324582099914551e-02
3.963899984955787659e-02,-3.656118642538785934e-03,2.045856416225433350e-02,-1.031772990245372057e-05,-4.734245885629206896e-05,-7.430881261825561523e-03
2.815740555524826050e-02,-1.436129910871386528e-03,2.610110186651581898e-06,-1.023951335810124874e-05,-4.742424061987549067e-05,-7.337629795074462891e-03
4.248969256877899170e-02,-1.075396314263343811e-03,3.136323812213959172e-06,-1.063170202542096376e-05,-4.789802187588065863e-05,2.977915406227111816e-01
6.955915689468383789e-02,1.527834683656692505e-06,3.118242602795362473e-06,-1.094884646590799093e-05,-4.755730333272367716e-05,4.657219052314758301e-01
2.682035416364669800e-02,-1.469782553613185883e-03,2.561020210123388097e-06,-6.850052159279584885e-06,-4.978456126991659403e-05,4.768952131271362305e-01
4.651511833071708679e-02,-3.651126753538846970e-03,2.096448466181755066e-02,-9.816038073040544987e-06,-4.785296914633363485e-05,1.327853500843048096e-01
4.917570203542709351e-02,-9.071140084415674210e-04,3.381802343938034028e-06,-7.381779141724109650e-06,-4.856644954998046160e-05,6.336921453475952148e-02
5.378896743059158325e-02,-7.910013664513826370e-04,3.551179815985960886e-06,-9.383511496707797050e-06,-4.729187639895826578e-05,9.638196229934692383e-02
6.520795077085494995e-02,-5.035933572798967361e-04,3.970430952904280275e-06,-9.991723345592617989e-06,-4.687852924689650536e-05,2.169404923915863037e-01
3.966461867094039917e-02,-1.146501163020730019e-03,3.032600488950265571e-06,-1.308124046772718430e-05,-4.745868500322103500e-05,6.844679117202758789e-01
2.897291630506515503e-02,-1.415604026988148689e-03,2.640051661728648469e-06,-6.310889148153364658e-06,-4.998018266633152962e-05,4.156849384307861328e-01
2.885129302740097046e-02,-1.418665051460266113e-03,2.635586497490294278e-06,-1.443439396098256111e-05,-4.677214019466191530e-05,7.064906358718872070e-01
1.947188377380371094e-02,-1.654738327488303185e-03,2.291219061589799821e-06,-6.773494533263146877e-06,-6.138245225884020329e-05,4.687786579132080078e+00
2.536226809024810791e-02,-1.506481552496552467e-03,2.507485987734980881e-06,-1.418519241269677877e-05,-5.466002039611339569e-05,3.718923568725585938e+00
1.307098567485809326e-02,-1.815844560042023659e-03,2.056208131762105040e-06,-8.907678420655429363e-06,-6.261419912334531546e-05,4.989457130432128906e+00
3.521653264760971069e-02,-1.258456613868474960e-03,2.869287982321111485e-06,-1.343729672953486443e-05,-5.356610927265137434e-05,2.704502582550048828e+00
2.868743985891342163e-02,-1.422789180651307106e-03,2.629570644785417244e-06,-1.112438621930778027e-05,-4.700315184891223907e-05,3.843092918395996094e-02
2.700508385896682739e-02,-1.465132925659418106e-03,2.567802312114508823e-06,-1.199799589812755585e-05,-4.653359064832329750e-05,-4.499554634094238281e-03
2.686896920204162598e-02,-1.468558795750141144e-03,2.562805093475617468e-06,-1.185246219392865896e-05,-4.650825576391071081e-05,-5.250155925750732422e-03
3.177707642316818237e-02,-1.345025142654776573e-03,2.743007371464045718e-06,-1.158221857622265816e-05,-4.668757901526987553e-05,8.649426698684692383e-02
3.233172744512557983e-02,-1.331064850091934204e-03,2.763371867331443354e-06,-1.218162651639431715e-05,-4.665166488848626614e-05,2.433976233005523682e-01
3.912626206874847412e-02,-1.160051207989454269e-03,3.012834895343985409e-06,-1.357446308247745037e-05,-5.388541467254981399e-05,3.821653604507446289e+00
3.652260452508926392e-02,-1.225583720952272415e-03,2.917240635724738240e-06,-8.108007023110985756e-06,-6.319220119621604681e-05,5.329726696014404297e+00
2.422609925270080566e-02,-1.535078044980764389e-03,2.465771103743463755e-06,-8.709190296940505505e-06,-7.526183617301285267e-05,7.583681106567382812e+00
5.125413089990615845e-02,-8.548016194254159927e-04,3.458112587395589799e-06,-1.159828389063477516e-05,-8.050864562392234802e-05,9.335338592529296875e+00
8.015827834606170654e-02,4.853759892284870148e-04,-3.039737930521368980e-05,-1.626124139875173569e-05,-6.837179535068571568e-05,7.854411602020263672e+00
6.773195415735244751e-02,-4.400659818202257156e-04,4.063100277562625706e-06,-1.439846528228372335e-05,-5.519224214367568493e-05,4.289171218872070312e+00
8.387371152639389038e-02,6.549851968884468079e-04,-4.214598448015749454e-05,-1.502111263107508421e-05,-4.731347144115716219e-05,1.116710782051086426e+00
5.914344638586044312e-02,-6.562327034771442413e-04,3.747771188500337303e-06,-9.615061571821570396e-06,-5.570294160861521959e-05,3.916874885559082031e+00
4.219559952616691589e-02,-3.654262516647577286e-03,2.064667083323001862e-02,-1.436422462575137615e-05,-5.413019971456378698e-05,3.475334644317626953e+00
3.281577676534652710e-02,-1.318881986662745476e-03,2.781143393804086372e-06,-1.097544736694544554e-05,-4.968677239958196878e-05,1.021802067756652832e+00
3.914604336023330688e-02,-1.159553416073322296e-03,3.013560672116000205e-06,-1.050028367899358273e-05,-4.719912249129265547e-05,1.389467716217041016e-01
3.970045596361160278e-02,-1.145599409937858582e-03,3.033916073036380112e-06,-1.323145988862961531e-05,-4.624777648132294416e-05,4.000577330589294434e-01
6.927524507045745850e-02,-1.143291592597961426e-05,4.016037564724683762e-06,-1.154345227405428886e-05,-4.629408067557960749e-05,-7.678687572479248047e-03
4.432105273008346558e-02,-1.029301900416612625e-03,3.203562755516031757e-06,-1.091360172722488642e-05,-3.265769919380545616e-05,-1.965343117713928223e+00
5.284313112497329712e-02,-8.148076012730598450e-04,3.516453034535516053e-06,-2.705451333895325661e-05,-5.822774255648255348e-06,-4.620445251464843750e+00
6.979364901781082153e-02,1.223222352564334869e-05,2.376764314249157906e-06,-3.099121386185288429e-05,9.365918231196701527e-06,-6.748194217681884766e+00
4.439022392034530640e-02,-1.027561025694012642e-03,3.206102519470732659e-06,-3.094955172855407000e-05,1.261355646420270205e-05,-7.318752288818359375e+00
4.136270284652709961e-02,-1.103761838749051094e-03,3.094946350756799802e-06,-2.609606599435210228e-05,-5.748661351390182972e-06,-4.627917766571044922e+00
3.022921830415725708e-02,-1.383983762934803963e-03,2.686177595023764297e-06,-8.905059075914323330e-06,-4.143350815866142511e-05,-7.744231224060058594e-01
3.696373850107192993e-02,-1.214480726048350334e-03,2.933436917373910546e-06,-1.058040652424097061e-05,-4.685057501774281263e-05,-8.875161409378051758e-03
5.604059621691703796e-02,-6.155925802886486053e-04,4.586545401252806187e-05,-1.070232247002422810e-05,-4.714069655165076256e-05,-6.846517324447631836e-03
3.774718195199966431e-02,-1.194761833176016808e-03,2.962201051559532061e-06,-1.055424218066036701e-05,-4.735437687486410141e-05,1.593841910362243652e-01
6.279959529638290405e-02,-5.642098840326070786e-04,3.882007604261161759e-06,-1.198239624500274658e-05,-4.854176950175315142e-05,1.088518857955932617e+00
6.868489831686019897e-02,-4.160809330642223358e-04,4.098088083992479369e-06,-1.211211201734840870e-05,-4.763674223795533180e-05,9.528590440750122070e-01
6.271211057901382446e-02,-5.664122290909290314e-04,3.878795268974499777e-06,-1.230386260431259871e-05,-4.697639087680727243e-05,6.339133977890014648e-01
4.867772012948989868e-02,-9.196477476507425308e-04,3.363519226695643738e-06,-1.028121914714574814e-05,-4.771928070113062859e-05,5.986173152923583984e-01
6.190252676606178284e-02,-3.479961305856704712e-04,2.732935536187142134e-05,-7.390059181489050388e-06,-4.844785144086927176e-05,-1.240050792694091797e-02
4.728824645280838013e-02,-9.546198416501283646e-04,3.312504304631147534e-06,-1.283378514926880598e-05,-4.687870386987924576e-05,6.594425439834594727e-01
4.776961356401443481e-02,-9.425042662769556046e-04,3.330177605675999075e-06,-1.200259430333971977e-05,-4.999346856493502855e-05,1.607597947120666504e+00
4.029627889394760132e-02,-1.130602788180112839e-03,3.055792149098124355e-06,-1.409149263054132462e-05,-4.605768481269478798e-05,5.993049144744873047e-01
5.090109258890151978e-02,-8.636869024485349655e-04,3.445150923653272912e-06,-1.102677197195589542e-05,-4.862523928750306368e-05,6.418113708496093750e-01
5.332029610872268677e-02,-8.027974981814622879e-04,3.533972176228417084e-06,-8.685601642355322838e-06,-5.400404916144907475e-05,2.954392433166503906e+00
4.959435015916824341e-02,-8.965770248323678970e-04,3.397173259145347401e-06,-9.821393177844583988e-06,-6.794882938265800476e-05,6.674783229827880859e+00
2.763843536376953125e-02,-1.449191942811012268e-03,2.591056272649439052e-06,-8.856353815644979477e-06,-7.786853529978543520e-05,8.265100479125976562e+00
2.642348408699035645e-02,-1.479771453887224197e-03,2.546448740758933127e-06,-5.902649718336760998e-06,-8.042086847126483917e-05,8.224476814270019531e+00
5.814612656831741333e-02,-6.813346408307552338e-04,3.711154022312257439e-06,-1.486259861849248409e-05,-7.985449337866157293e-05,9.273890495300292969e+00
7.182193547487258911e-02,-3.371241036802530289e-04,4.213265128782950342e-06,-1.506767875980585814e-05,-6.305063288891687989e-05,6.450911045074462891e+00
7.011509686708450317e-02,-3.800839185714721680e-04,4.150598215346690267e-06,-1.328028156422078609e-05,-5.173147656023502350e-05,2.503115892410278320e+00
7.173211872577667236e-02,-3.632820677012205124e-03,2.281986549496650696e-02,-1.450875424779951572e-05,-5.320162745192646980e-05,3.959743976593017578e+00
7.685369998216629028e-02,-2.104784362018108368e-04,4.398007604322629049e-06,-1.780340971890836954e-05,-6.438575655920431018e-05,6.859283924102783203e+00
6.624528020620346069e-02,-4.774846602231264114e-04,4.008516498288372532e-06,-1.391943078488111496e-05,-6.664000829914584756e-05,6.494432926177978516e+00
5.582461506128311157e-02,-7.397655863314867020e-04,3.625918907346203923e-06,-6.549045792780816555e-06,-7.231422205222770572e-05,7.065162658691406250e+00
7.371266931295394897e-02,-2.895356155931949615e-04,4.282683676137821749e-06,-1.547235297039151192e-05,-5.670200334861874580e-05,4.563636779785156250e+00
7.213076949119567871e-02,-3.632531268522143364e-03,2.284919843077659607e-02,-1.249322667717933655e-05,-4.988811269868165255e-05,1.614822506904602051e+00
7.367617636919021606e-02,-2.904543653130531311e-04,4.281343990442110226e-06,-1.513049937784671783e-05,-3.913421824108809233e-05,-4.341525435447692871e-01
6.274291127920150757e-02,-5.656369030475616455e-04,3.879926225636154413e-06,-1.777696888893842697e-05,-2.296666207257658243e-05,-2.626643896102905273e+00
5.586556345224380493e-02,-7.387348450720310211e-04,3.627422756835585460e-06,-2.789389691315591335e-05,6.714399205520749092e-07,-5.537320613861083984e+00
4.223497956991195679e-02,-1.081807073205709457e-03,3.126972387690329924e-06,-3.396956890355795622e-05,1.969585719052702188e-05,-8.202160835266113281e+00
3.638321161270141602e-02,-1.229092013090848923e-03,2.912122909037861973e-06,-3.648233541753143072e-05,2.832878089975565672e-05,-9.412740707397460938e+00
3.647271543741226196e-02,-1.226839143782854080e-03,2.915408913395367563e-06,-3.423850284889340401e-05,2.276308077853173018e-05,-8.724158287048339844e+00
5.214577168226242065e-02,-8.323593065142631531e-04,3.490849394438555464e-06,-3.321211261209100485e-05,9.428229532204568386e-06,-6.412692546844482422e+00
5.502963811159133911e-02,-7.597743533551692963e-04,3.596731403376907110e-06,-2.874669735319912434e-05,-1.221953425556421280e-06,-5.032799243927001953e+00
4.625371843576431274e-02,-9.806582238525152206e-04,3.274521532148355618e-06,-1.398412859998643398e-05,-2.435840724501758814e-05,-2.819292783737182617e+00
4.925104230642318726e-02,-9.052178356796503067e-04,3.384568572073476389e-06,-7.785303751006722450e-06,-4.768309008795768023e-05,-1.642239093780517578e-02
3.416229039430618286e-02,-1.284990925341844559e-03,2.830581252055708319e-06,-8.261966286227107048e-06,-5.031311593484133482e-05,9.070590734481811523e-01
3.817838430404663086e-02,-1.183908898383378983e-03,2.978033080580644310e-06,-1.404272916261106730e-05,-4.602616536431014538e-05,5.335856676101684570e-01
3.544649481773376465e-02,-1.252668444067239761e-03,2.877730821637669578e-06,-1.187127782031893730e-05,-4.724935570266097784e-05,2.486079931259155273e-01
3.179257363080978394e-02,-1.344635151326656342e-03,2.743576260400004685e-06,-1.096146297641098499e-05,-4.741367592941969633e-05,1.688962578773498535e-01
3.821610659360885620e-02,-1.182959182187914848e-03,2.979418241011444479e-06,-1.497512857895344496e-05,-4.682848521042615175e-05,7.685524821281433105e-01
6.354156881570816040e-02,-5.455350037664175034e-04,3.909249244316015393e-06,-1.195303048007190228e-05,-5.194816185394302011e-05,2.705280303955078125e+00
6.526970118284225464e-02,-5.020392127335071564e-04,3.972697868448449299e-06,-1.429911935701966286e-05,-6.138969911262392998e-05,5.941817760467529297e+00
2.670952677726745605e-02,-1.472571864724159241e-03,2.556951130827656016e-06,-9.564028005115687847e-06,-7.408423698507249355e-05,7.640679836273193359e+00
1.012016832828521729e-02,-1.890114508569240570e-03,1.947868213392212056e-06,-1.292962406296283007e-05,-7.559902587672695518e-05,8.150908470153808594e+00
2.178201079368591309e-02,-1.596593996509909630e-03,2.376035808993037790e-06,-9.491894161328673363e-06,-8.642155444249510765e-05,9.374713897705078125e+00
2.348180115222930908e-02,-1.553811598569154739e-03,2.438443971186643466e-06,-1.092188176698982716e-05,-8.312508725794032216e-05,9.059337615966796875e+00
2.076646685600280762e-02,-1.622154610231518745e-03,2.338749936825479381e-06,-9.803363354876637459e-06,-9.027078340295702219e-05,1.015092277526855469e+01
2.657099068164825439e-02,-1.476058736443519592e-03,2.551864781707990915e-06,-8.124712621793150902e-06,-8.907145820558071136e-05,9.827660560607910156e+00
4.560240358114242554e-02,-9.970513638108968735e-04,3.250608187954640016e-06,-1.821288606151938438e-05,-7.298466516658663750e-05,8.425507545471191406e+00
7.390862703323364258e-02,2.000802196562290192e-04,-1.063526724465191364e-05,-1.292936212848871946e-05,-5.610512744169682264e-05,3.938842296600341797e+00
6.262149661779403687e-02,-5.686925724148750305e-04,3.875468337355414405e-06,-1.255750248674303293e-05,-4.853536665905267000e-05,1.139253020286560059e+00
6.549539417028427124e-02,-4.963586106896400452e-04,3.980984729423653334e-06,-1.144933048635721207e-05,-4.451820859685540199e-05,-9.112679958343505859e-02
6.352680176496505737e-02,-5.459068343043327332e-04,3.908707185473758727e-06,-2.895330544561147690e-05,-7.183276466093957424e-06,-4.141008853912353516e+00
6.133322045207023621e-02,-3.640369744971394539e-03,2.205475047230720520e-02,-3.112741978839039803e-05,-7.648632163181900978e-07,-4.993250846862792969e+00
5.875406414270401001e-02,-6.660334765911102295e-04,3.733474386535817757e-06,-3.333894710522145033e-05,2.031607436947524548e-06,-5.153413772583007812e+00
6.867668032646179199e-02,-3.635038621723651886e-03,2.259505726397037506e-02,-2.150738146156072617e-05,-2.430337190162390471e-05,-2.076497077941894531e+00
7.419127970933914185e-02,-2.774894237518310547e-04,4.300256023270776495e-06,-1.218850957229733467e-05,-4.686639294959604740e-05,5.037211179733276367e-01
6.773059070110321045e-02,-3.635725472122430801e-03,2.252544648945331573e-02,-7.187132723629474640e-06,-5.440765380626544356e-05,2.761247158050537109e+00
7.187616080045700073e-02,-3.357592504471540451e-04,4.215256012685131282e-06,-1.439530751667916775e-05,-6.434763781726360321e-05,6.479658126831054688e+00
6.775885075330734253e-02,-4.393889103084802628e-04,4.064087988808751106e-06,-2.013900666497647762e-05,-7.154687773436307907e-05,8.554349899291992188e+00
5.985709279775619507e-02,-6.382707506418228149e-04,3.773972366616362706e-06,-1.132070610765367746e-05,-7.287813059519976377e-05,7.819078445434570312e+00
5.407207459211349487e-02,-7.838758174329996109e-04,3.561573976185172796e-06,-5.819136276841163635e-06,-7.274647214217111468e-05,7.118338108062744141e+00
5.332785099744796753e-02,-8.026070427149534225e-04,3.534250026859808713e-06,-7.568654837086796761e-06,-7.145156268961727619e-05,6.966113567352294922e+00
7.174114882946014404e-02,-3.632814157754182816e-03,2.282052859663963318e-02,-1.272062945645302534e-05,-6.331433542072772980e-05,6.262185096740722656e+00
7.383312284946441650e-02,-3.631295403465628624e-03,2.297445014119148254e-02,-1.475535100325942039e-05,-4.964882100466638803e-05,1.788059592247009277e+00
7.664754241704940796e-02,-2.156668342649936676e-04,4.390438334667123854e-06,-1.724903995636850595e-05,-4.327348142396658659e-05,6.556304097175598145e-01
7.494813948869705200e-02,-2.584396861493587494e-04,4.328044724388746545e-06,-1.288470230065286160e-05,-4.653391079045832157e-05,5.119450092315673828e-01
7.624019682407379150e-02,-3.629548009485006332e-03,2.315155416727066040e-02,-1.679894921835511923e-05,-4.349666414782404900e-05,2.384928464889526367e-01
8.413843065500259399e-02,6.670695729553699493e-04,-4.298303974792361259e-05,-1.603791315574198961e-05,-4.285476461518555880e-05,1.504994034767150879e-01
7.753188163042068481e-02,-1.934086903929710388e-04,4.422907295520417392e-06,-1.384889765176922083e-05,-4.517062916420400143e-05,4.506206512451171875e-01
8.076011389493942261e-02,-1.121563836932182312e-04,4.541432645055465400e-06,-1.379715104121714830e-05,-4.567828727886080742e-05,3.670825064182281494e-01
8.673416078090667725e-02,7.855640724301338196e-04,-5.119101842865347862e-05,-1.462672662455588579e-05,-4.458102921489626169e-05,1.603635251522064209e-01
7.434681802988052368e-02,-2.735746093094348907e-04,4.305966740503208712e-06,-1.713602978270500898e-05,-4.357210127636790276e-05,3.494921326637268066e-01
7.012144476175308228e-02,-3.799241967499256134e-04,4.150831045990344137e-06,-1.451940624974668026e-05,-4.468706902116537094e-05,3.524025380611419678e-01
6.552598625421524048e-02,-4.955886397510766983e-04,3.982107500632992014e-06,-1.518771750852465630e-05,-4.488132253754884005e-05,3.980393409729003906e-01
8.074817806482315063e-02,-1.124567352235317230e-04,4.540994723356561735e-06,-1.226087624672800303e-05,-5.180552398087456822e-05,2.530415773391723633e+00
7.041276246309280396e-02,-3.725918941199779510e-04,4.161527158430544659e-06,-1.689216878730803728e-05,-5.905197758693248034e-05,5.854155540466308594e+00
4.219531267881393433e-02,-1.082805451005697250e-03,3.125515831925440580e-06,-1.311494270339608192e-05,-5.342102667782455683e-05,3.293931007385253906e+00
2.964190393686294556e-02,-1.398765947669744492e-03,2.664613930392079055e-06,-1.393708225805312395e-05,-4.988671571481972933e-05,1.605321764945983887e+00
4.584036022424697876e-02,-9.910620283335447311e-04,3.259344794059870765e-06,-1.077749766409397125e-05,-5.104549927636981010e-05,1.625712037086486816e+00
4.367005079984664917e-02,-1.045687356963753700e-03,3.179661234753439203e-06,-1.015173620544373989e-05,-5.359893111744895577e-05,2.607399225234985352e+00
4.236540198326110840e-02,-1.078524393960833549e-03,3.131760877295164391e-06,-9.760915418155491352e-06,-5.979645357001572847e-05,4.742827415466308594e+00
7.748255133628845215e-02,3.632297739386558533e-04,-2.193640102632343769e-05,-1.093500759452581406e-05,-6.767397280782461166e-05,6.884974002838134766e+00
4.951759427785873413e-02,-8.985088206827640533e-04,3.394355189811903983e-06,-6.448535714298486710e-06,-7.392459519905969501e-05,7.429959297180175781e+00
5.046721547842025757e-02,-8.746073581278324127e-04,3.429220669204369187e-06,-9.821756975725293159e-06,-8.755644375924021006e-05,9.971643447875976562e+00
6.381130963563919067e-02,-2.608606591820716858e-04,2.129358472302556038e-05,-7.222784915938973427e-06,-8.801327203400433064e-05,9.581651687622070312e+00
6.715994328260421753e-02,-4.544632975012063980e-04,4.042098680656636134e-06,-1.574099587742239237e-05,-7.509408169426023960e-05,8.865641593933105469e+00
7.429332286119461060e-02,-2.749213017523288727e-04,4.304002686694730073e-06,-1.590799365658313036e-05,-6.470282096415758133e-05,6.717108249664306641e+00
6.700476258993148804e-02,-4.583687987178564072e-04,4.036401605844730511e-06,-1.528437132947146893e-05,-5.234563286649063230e-05,3.142042636871337891e+00
8.241084963083267212e-02,-7.060868665575981140e-05,4.602039552992209792e-06,-1.493637682870030403e-05,-4.605615686159580946e-05,9.052522182464599609e-01
7.432254403829574585e-02,-2.741855569183826447e-04,4.305075435695471242e-06,-1.463959051761776209e-05,-4.550884477794170380e-05,7.386336326599121094e-01
7.661291211843490601e-02,-2.165385521948337555e-04,4.389166861074045300e-06,-1.214735675603151321e-05,-4.723994061350822449e-05,8.280421495437622070e-01
6.640052050352096558e-02,-4.735772963613271713e-04,4.014216301584383473e-06,-1.080645597539842129e-05,-4.912754229735583067e-05,2.424714088439941406e+00
4.850121587514877319e-02,-9.240903891623020172e-04,3.357038622198160738e-06,-1.634408545214682817e-05,-5.563576996792107821e-05,4.476934909820556641e+00
4.078190028667449951e-02,-1.118380110710859299e-03,3.073621883231680840e-06,-1.279232674278318882e-05,-4.954136966262012720e-05,1.639545798301696777e+00
2.022016793489456177e-02,-1.635904423892498016e-03,2.318692395419930108e-06,-1.090342993848025799e-05,-4.778175207320600748e-05,-2.654105424880981445e-03
2.828486263751983643e-02,-1.432921737432479858e-03,2.614789991639554501e-06,-1.405994407832622528e-05,-4.938854544889181852e-05,1.827047705650329590e+00
7.321757078170776367e-02,1.685339957475662231e-04,-8.450064342468976974e-06,-1.578644150868058205e-05,-5.384140240494161844e-05,3.677406787872314453e+00
2.869603037834167480e-02,-1.422573113813996315e-03,2.629885784699581563e-06,-1.039318158291280270e-05,-4.836723383050411940e-05,5.099980235099792480e-01
