2.526485919952392578e-02,-1.508933259174227715e-03,2.503909399820258841e-06,-1.161437830887734890e-05,-4.704637103714048862e-05,6.750082969665527344e-02
2.300564199686050415e-02,-1.565796090289950371e-03,2.420962118776515126e-06,-1.039617927744984627e-05,-4.762581374961882830e-05,1.206414699554443359e-01
3.226567059755325317e-02,-1.332727493718266487e-03,2.760946244961814955e-06,-9.751747711561620235e-06,-4.747764614876359701e-05,-9.133040904998779297e-03
2.957421541213989258e-02,-1.400469569489359856e-03,2.662128736119484529e-06,-1.011649146676063538e-05,-4.713462840300053358e-05,-9.368419647216796875e-03
5.806368216872215271e-02,-5.232386756688356400e-04,3.946821379940956831e-05,-9.395618690177798271e-06,-4.740685108117759228e-05,-1.101541519165039062e-02
4.213503003120422363e-02,-1.084322808310389519e-03,3.123302576568676159e-06,-9.460505680181086063e-06,-4.735162656288594007e-05,9.724766016006469727e-02
2.270802855491638184e-02,-1.573286717757582664e-03,2.410034994682064280e-06,-5.019901436753571033e-06,-5.029665044276043773e-05,8.435130119323730469e-02
3.043556958436965942e-02,-1.378790009766817093e-03,2.693753685889532790e-06,-9.539799066260457039e-06,-4.765381163451820612e-05,-9.116828441619873047e-03
3.864793851971626282e-02,-3.656838089227676392e-03,2.038564532995223999e-02,-9.912211680784821510e-06,-4.717445699498057365e-05,-1.002943515777587891e-02
3.093554824590682983e-02,-1.366205746307969093e-03,2.712110472202766687e-06,-7.167036528699100018e-06,-4.911307769361883402e-05,-1.160570979118347168e-02
6.504101306200027466e-02,-2.047249581664800644e-04,1.740513835102319717e-05,-1.106072159018367529e-05,-4.659613477997481823e-05,-8.158057928085327148e-03
3.114587813615798950e-02,-1.360912108793854713e-03,2.719832536968169734e-06,-7.034308509901165962e-06,-4.903615626972168684e-05,2.540601491928100586e-01
3.315999358892440796e-02,-1.310218125581741333e-03,2.793781277432572097e-06,-9.960829629562795162e-06,-4.722377343568950891e-05,-9.565919637680053711e-03
3.162154555320739746e-02,-1.348939957097172737e-03,2.737297108978964388e-06,-9.692652383819222450e-06,-4.724625614471733570e-05,-1.058888435363769531e-02
3.214041143655776978e-02,-1.335880486294627190e-03,2.756347385002300143e-06,-1.007816172204911709e-05,-4.723839811049401760e-05,-8.991032838821411133e-03
3.264229744672775269e-02,-1.323248259723186493e-03,2.774774202407570556e-06,-9.892901289276778698e-06,-4.736037226393818855e-05,-9.143590927124023438e-03
3.351786732673645020e-02,-1.301210839301347733e-03,2.806920747389085591e-06,-9.671843145042657852e-06,-4.732921661343425512e-05,-1.024538278579711914e-02
4.123331233859062195e-02,-3.654961241409182549e-03,2.057586982846260071e-02,-9.543262422084808350e-06,-4.749598156195133924e-05,-9.923696517944335938e-03
3.475455939769744873e-02,-1.270083943381905556e-03,2.852326360880397260e-06,-9.728682925924658775e-06,-4.721424193121492863e-05,-1.060241460800170898e-02
3.185387700796127319e-02,-1.343092182651162148e-03,2.745826805039541796e-06,-1.050054561346769333e-05,-4.693809023592621088e-05,-8.759021759033203125e-03
3.471550345420837402e-02,-1.271067187190055847e-03,2.850892542483052239e-06,-9.915253031067550182e-06,-4.707004700321704149e-05,-1.056006550788879395e-02
3.332365304231643677e-02,-1.306098885834217072e-03,2.799790308927185833e-06,-9.646770195104181767e-06,-4.731032822746783495e-05,-1.045036315917968750e-02
3.372240066528320312e-02,-1.296062720939517021e-03,2.814430445141624659e-06,-9.818322723731398582e-06,-4.724199243355542421e-05,-1.007685065269470215e-02
3.329831361770629883e-02,-1.306736841797828674e-03,2.798859895847272128e-06,-9.812429198063910007e-06,-4.723154415842145681e-05,-1.015633344650268555e-02
3.815941512584686279e-02,-1.184386201202869415e-03,2.977336407639086246e-06,-7.689974154345691204e-06,-4.846084630116820335e-05,8.592119812965393066e-02
4.289033263921737671e-02,-1.065312419086694717e-03,3.151033524773083627e-06,-8.557108230888843536e-06,-4.748020728584378958e-05,7.280063629150390625e-02
5.439462885260581970e-02,-6.907307542860507965e-04,5.107017932459712029e-05,-9.867188055068254471e-06,-4.707365587819367647e-05,-1.074555516242980957e-02
3.529261797666549683e-02,-1.256541581824421883e-03,2.872081495297607034e-06,-1.044171222019940615e-05,-4.668634210247546434e-05,-1.031976938247680664e-02
3.387181460857391357e-02,-1.292302040383219719e-03,2.819916517182718962e-06,-1.007653190754354000e-05,-4.695916140917688608e-05,-1.045173406600952148e-02
3.658018261194229126e-02,-1.224134350195527077e-03,2.919354756159009412e-06,-6.899048457853496075e-06,-4.904686647932976484e-05,-7.842302322387695312e-03
4.989617317914962769e-02,-8.889802265912294388e-04,3.408254997339099646e-06,-7.654103683307766914e-06,-4.847973468713462353e-05,1.427498161792755127e-01
6.518577784299850464e-02,-5.041516851633787155e-04,3.969616500398842618e-06,-1.166595029644668102e-05,-4.561440437100827694e-05,8.097016811370849609e-02
6.039858609437942505e-02,-6.246417760848999023e-04,3.793853920797118917e-06,-1.086444535758346319e-05,-4.593437188304960728e-05,8.546593785285949707e-02
6.368774920701980591e-02,-5.418560467660427094e-04,3.914616172551177442e-06,-1.176295336335897446e-05,-4.186085425317287445e-05,-3.581097722053527832e-01
6.478812545537948608e-02,-5.141601432114839554e-04,3.955016836698632687e-06,-1.572872861288487911e-05,-3.330863546580076218e-05,-1.232905745506286621e+00
7.716890424489974976e-02,3.489116206765174866e-04,-2.094460069201886654e-05,-1.363657065667212009e-05,-3.338273381814360619e-05,-1.415579319000244141e+00
7.894820719957351685e-02,4.301364533603191376e-04,-2.657098229974508286e-05,-1.721133594401180744e-05,-2.646876964718103409e-05,-2.104270935058593750e+00
6.451798230409622192e-02,-5.209592636674642563e-04,3.945098796975798905e-06,-1.770630478858947754e-05,-3.041741729248315096e-05,-1.476365685462951660e+00
5.426973849534988403e-02,-7.789006922394037247e-04,3.568831289157969877e-06,-1.587404403835535049e-05,-3.042531898245215416e-05,-1.695525884628295898e+00
5.069438368082046509e-02,-8.688899688422679901e-04,3.437561190366977826e-06,-1.771775714587420225e-05,-2.204772317782044411e-05,-2.776937246322631836e+00
5.309020727872848511e-02,-8.085884619504213333e-04,3.525524789438350126e-06,-1.320303999818861485e-05,-2.729044354055076838e-05,-2.410566329956054688e+00
4.862538725137710571e-02,-9.209651034325361252e-04,3.361597464390797541e-06,-1.450562558602541685e-05,-2.650011447258293629e-05,-2.434492588043212891e+00
5.278653651475906372e-02,-8.162315934896469116e-04,3.514375748636666685e-06,-2.397222851868718863e-05,-1.180761319119483232e-05,-3.705883502960205078e+00
5.696038156747817993e-02,-7.111788727343082428e-04,3.667619239422492683e-06,-1.767871435731649399e-05,-2.321558713447302580e-05,-2.611381769180297852e+00
5.220191925764083862e-02,-8.309460245072841644e-04,3.492911218927474692e-06,-2.425184356980025768e-05,-7.944690878503024578e-06,-4.366982460021972656e+00
5.199236422777175903e-02,-8.362205699086189270e-04,3.485216893750475720e-06,-2.624059561640024185e-05,-4.083951353095471859e-06,-4.848395824432373047e+00
5.441676825284957886e-02,-7.751998491585254669e-04,3.574230049707693979e-06,-2.028122253250330687e-05,-1.695919490884989500e-05,-3.361526966094970703e+00
6.086992472410202026e-02,-6.127783562988042831e-04,3.811159331235103309e-06,-3.008823841810226440e-05,-4.417917807586491108e-06,-4.336298942565917969e+00
6.154984980821609497e-02,-5.956655368208885193e-04,3.836122232314664871e-06,-2.587845665402710438e-05,-7.218608516268432140e-06,-4.433720588684082031e+00
5.400463193655014038e-02,-7.855731528252363205e-04,3.559097876859595999e-06,-1.977362262550741434e-05,-1.479004276916384697e-05,-3.774976015090942383e+00
5.280970782041549683e-02,-8.156485855579376221e-04,3.515226126182824373e-06,-1.650623744353652000e-05,-2.218603913206607103e-05,-2.932510852813720703e+00
4.895152896642684937e-02,-9.127561934292316437e-04,3.373571871634339914e-06,-1.601521216798573732e-05,-2.986805338878184557e-05,-1.835612416267395020e+00
5.996579676866531372e-02,-6.355347577482461929e-04,3.777963684115093201e-06,-8.930859621614217758e-06,-4.412405542097985744e-05,-2.827765941619873047e-01
5.801736563444137573e-02,-6.845754105597734451e-04,3.706426468852441758e-06,-6.174668669700622559e-06,-4.884249938186258078e-05,8.712035417556762695e-02
5.919631570577621460e-02,-6.549023091793060303e-04,3.749712050193920732e-06,-7.145572453737258911e-06,-4.886488022748380899e-05,3.648424744606018066e-01
6.158540397882461548e-02,-5.947705358266830444e-04,3.837427811959059909e-06,-7.732422091066837311e-06,-4.952691961079835892e-05,7.093907594680786133e-01
5.753961950540542603e-02,-6.965999491512775421e-04,3.688885954034049064e-06,-1.098254870157688856e-05,-4.726961196865886450e-05,4.530745148658752441e-01
5.945640057325363159e-02,-6.483560428023338318e-04,3.759260835067834705e-06,-1.034361775964498520e-05,-4.733324749395251274e-05,5.381506681442260742e-01
5.940932780504226685e-02,-6.495406851172447205e-04,3.757532795134466141e-06,-1.051531580742448568e-05,-4.787115904036909342e-05,5.981010198593139648e-01
6.095663458108901978e-02,-6.105960346758365631e-04,3.814342562691308558e-06,-5.173831596039235592e-06,-5.409218283602967858e-05,1.860923528671264648e+00
7.650545984506607056e-02,-2.192431129515171051e-04,4.385221473057754338e-06,-1.546982093714177608e-05,-5.395809421315789223e-05,4.027318000793457031e+00
8.234466612339019775e-02,5.851844325661659241e-04,-3.731096512638032436e-05,-8.820949005894362926e-06,-5.444613634608685970e-05,2.667429924011230469e+00
6.712079793214797974e-02,-4.554484039545059204e-04,4.040661224280484021e-06,-1.538105425424873829e-05,-4.736307892017066479e-05,1.397261142730712891e+00
6.651423871517181396e-02,-3.636608598753809929e-03,2.243595197796821594e-02,-7.867653039284050465e-06,-4.722483572550117970e-05,-1.845812797546386719e-02
5.697625130414962769e-02,-7.107798010110855103e-04,3.668201770778978243e-06,-8.024595445021986961e-06,-4.518269270192831755e-05,-2.363042831420898438e-01
5.848581343889236450e-02,-6.727850995957851410e-04,3.723625468410318717e-06,-1.330746454186737537e-05,-3.322618431411683559e-05,-1.442065954208374023e+00
5.735800415277481079e-02,-7.011711131781339645e-04,3.682217993628000841e-06,-2.382790262345224619e-05,-1.269913627766072750e-05,-3.685057401657104492e+00
5.366406589746475220e-02,-7.941448129713535309e-04,3.546594143699621782e-06,-2.965332532767206430e-05,4.037108737975358963e-06,-5.884279251098632812e+00
5.124764889478683472e-02,-8.549646008759737015e-04,3.457874299783725291e-06,-3.176945028826594353e-05,8.324481314048171043e-06,-6.439167499542236328e+00
5.496553331613540649e-02,-7.613881025463342667e-04,3.594377631088718772e-06,-2.495173248462378979e-05,-8.292539860121905804e-06,-4.279497623443603516e+00
8.075758069753646851e-02,5.127340555191040039e-04,-3.229241701774299145e-05,-3.245746484026312828e-05,-2.672051778063178062e-06,-4.472888946533203125e+00
6.190528720617294312e-02,-5.867190193384885788e-04,3.849172571790404618e-06,-3.284442937001585960e-05,4.090878064744174480e-06,-5.601850509643554688e+00
4.678412526845932007e-02,-9.673081804066896439e-04,3.293995177955366671e-06,-3.288072184659540653e-05,1.501539372839033604e-05,-7.498324871063232422e+00
3.681093454360961914e-02,-1.218326389789581299e-03,2.927827154053375125e-06,-3.237085184082388878e-05,1.128550502471625805e-05,-7.042003631591796875e+00
4.697725921869277954e-02,-9.624473750591278076e-04,3.301086053397739306e-06,-3.230130823794752359e-05,5.128007614985108376e-06,-5.918307304382324219e+00
5.870271474123001099e-02,-6.673259194940328598e-04,3.731589004019042477e-06,-3.121401823591440916e-05,4.854082362726330757e-07,-5.117621898651123047e+00
6.073173135519027710e-02,-6.162568461149930954e-04,3.806084805546561256e-06,-1.973962935153394938e-05,-2.270498953294008970e-05,-2.502736568450927734e+00
6.063868850469589233e-02,-6.185986567288637161e-04,3.802668743446702138e-06,-1.686581526882946491e-05,-2.634263364598155022e-05,-2.220794439315795898e+00
6.547477096319198608e-02,-4.968778230249881744e-04,3.980227120337076485e-06,-1.880613854154944420e-05,-2.465820580255240202e-05,-2.243211984634399414e+00
6.544423848390579224e-02,-4.976463969796895981e-04,3.979106168117141351e-06,-2.040751860477030277e-05,-2.344792301300913095e-05,-2.283083438873291016e+00
6.371558457612991333e-02,-5.411554593592882156e-04,3.915637989848619327e-06,-1.904393138829618692e-05,-2.498795220162719488e-05,-2.190767049789428711e+00
6.732828170061111450e-02,-4.502262454479932785e-04,4.048279151902534068e-06,-2.045079600065946579e-05,-2.720313204918056726e-05,-1.728326797485351562e+00
8.002919703722000122e-02,4.794835112988948822e-04,-2.998919808305799961e-05,-3.072842082474380732e-05,-8.640854503028094769e-06,-3.558238744735717773e+00
6.378017365932464600e-02,-3.638593247160315514e-03,2.223479002714157104e-02,-2.259074244648218155e-05,-1.783686457201838493e-05,-2.941871643066406250e+00
6.618557125329971313e-02,-4.789875820279121399e-04,4.006324161309748888e-06,-2.140829747077077627e-05,-2.284992660861462355e-05,-2.286991596221923828e+00
6.668547540903091431e-02,-4.664054140448570251e-04,4.024678219138877466e-06,-2.173091343138366938e-05,-2.232824044767767191e-05,-2.332827329635620117e+00
6.371968239545822144e-02,-5.410523153841495514e-04,3.915788511221762747e-06,-2.207877696491777897e-05,-2.164940815418958664e-05,-2.436002969741821289e+00
6.765756756067276001e-02,-4.419381730258464813e-04,4.060369064973201603e-06,-2.414267510175704956e-05,-2.017866063397377729e-05,-2.473362684249877930e+00
6.725914031267166138e-02,-4.519661888480186462e-04,4.045741206937236711e-06,-2.224686613772064447e-05,-2.217762812506407499e-05,-2.317849874496459961e+00
6.588695198297500610e-02,-4.865035880357027054e-04,3.995360202679876238e-06,-2.195360139012336731e-05,-2.229036181233823299e-05,-2.332177877426147461e+00
6.810253113508224487e-02,-4.307387862354516983e-04,4.076706318301148713e-06,-2.826371928676962852e-05,-1.444945519324392080e-05,-2.881656408309936523e+00
6.252535432577133179e-02,-5.711126141250133514e-04,3.871938588417833671e-06,-2.850370947271585464e-05,-1.097256608773022890e-05,-3.513893604278564453e+00
7.879395037889480591e-02,4.230947233736515045e-04,-2.608320210129022598e-05,-3.425445174798369408e-05,1.310472725890576839e-06,-4.937659263610839844e+00
5.560965090990066528e-02,-7.451758719980716705e-04,3.618026767071569338e-06,-3.119139000773429871e-05,3.409062628634274006e-06,-5.621074676513671875e+00
4.979410022497177124e-02,-8.915492799133062363e-04,3.404506969673093408e-06,-3.000053402502089739e-05,1.760767190717160702e-06,-5.550920963287353516e+00
5.043881386518478394e-02,-8.753221482038497925e-04,3.428178388276137412e-06,-3.417322295717895031e-05,5.210706149227917194e-06,-5.665619850158691406e+00
5.410162359476089478e-02,-7.831321563571691513e-04,3.562659003364387900e-06,-3.356715023983269930e-05,1.842927304096519947e-06,-5.070453643798828125e+00
5.970381945371627808e-02,-6.421287544071674347e-04,3.768344868149142712e-06,-3.284736885689198971e-05,-3.335575456731021404e-06,-4.323981285095214844e+00
6.163249164819717407e-02,-5.935854278504848480e-04,3.839156761387130246e-06,-3.177163307555019855e-05,-1.843101927079260349e-06,-4.668931961059570312e+00
5.749843642115592957e-02,-3.643153468146920204e-03,2.177260071039199829e-02,-3.341017873026430607e-05,-3.096545697189867496e-06,-4.412427425384521484e+00
5.127792805433273315e-02,-8.542023133486509323e-04,3.458986611803993583e-06,-3.096841101069003344e-05,-1.107560819946229458e-06,-4.949492454528808594e+00
5.570637434720993042e-02,-7.427413947880268097e-04,3.621578343881992623e-06,-3.074175037909299135e-05,-4.275687388144433498e-06,-4.345190048217773438e+00
6.224425509572029114e-02,-3.639708273112773895e-03,2.212178148329257965e-02,-3.220315556973218918e-05,-1.089021679945290089e-06,-4.620818614959716797e+00
5.782728642225265503e-02,-6.893596146255731583e-04,3.699447916005738080e-06,-3.123962960671633482e-05,-1.480118953622877598e-06,-4.854497909545898438e+00
6.129955500364303589e-02,-6.019647698849439621e-04,3.826933152595302090e-06,-3.360072150826454163e-05,-1.088701537810266018e-06,-4.667155742645263672e+00
7.789249718189239502e-02,3.819433040916919708e-04,-2.323271473869681358e-05,-3.910726809408515692e-05,6.541231414303183556e-07,-4.357702732086181641e+00
5.448288470506668091e-02,-7.735360413789749146e-04,3.576657036319375038e-06,-3.337470116093754768e-05,1.652762875892221928e-06,-5.253245830535888672e+00
6.107952818274497986e-02,-3.640553914010524750e-03,2.203608490526676178e-02,-3.247360291425138712e-05,-1.340507878921926022e-06,-4.756299495697021484e+00
6.068498641252517700e-02,-6.174333393573760986e-04,3.804368589044315740e-06,-3.423226007726043463e-05,-1.173917553387582302e-06,-4.619076728820800781e+00
5.776178091764450073e-02,-6.910082884132862091e-04,3.697042757266899571e-06,-3.208835551049560308e-05,-1.675114617682993412e-06,-4.844429492950439453e+00
5.649320036172866821e-02,-7.229375187307596207e-04,3.650466624094406143e-06,-3.519252641126513481e-05,2.594038960523903370e-06,-5.189673423767089844e+00
5.841097980737686157e-02,-6.746684666723012924e-04,3.720878339663613588e-06,-3.155021113343536854e-05,-5.041438271291553974e-06,-4.306544780731201172e+00
5.924917012453079224e-02,-6.535716820508241653e-04,3.751652911887504160e-06,-2.960379060823470354e-05,-1.286287442781031132e-06,-5.039261817932128906e+00
5.933663994073867798e-02,-6.513702683150768280e-04,3.754863882932113484e-06,-3.369302430655807257e-05,1.489344867877662182e-06,-5.034704685211181641e+00
7.851248234510421753e-02,4.102457314729690552e-04,-2.519314875826239586e-05,-2.948749170172959566e-05,-7.376263965852558613e-06,-4.136404514312744141e+00
5.957237631082534790e-02,-6.454370450228452682e-04,3.763519089261535555e-06,-3.221102815587073565e-05,-1.706008333712816238e-06,-4.699460029602050781e+00
5.753015726804733276e-02,-6.968379020690917969e-04,3.688538981805322692e-06,-2.927046443801373243e-05,-3.709938027895987034e-06,-4.680904865264892578e+00
5.444482713937759399e-02,-7.744936738163232803e-04,3.575260052457451820e-06,-3.252502938266843557e-05,8.003829861991107464e-06,-6.260993003845214844e+00
6.131658703088760376e-02,-6.015363615006208420e-04,3.827558430202770978e-06,-2.960865094792097807e-05,-4.726127372123301029e-06,-4.433464527130126953e+00
5.837542563676834106e-02,-6.755632348358631134e-04,3.719572760019218549e-06,-2.515842788852751255e-05,-1.081131631508469582e-05,-4.003224372863769531e+00
5.852953344583511353e-02,-6.716847419738769531e-04,3.725230726558947936e-06,-2.717001189012080431e-05,-5.736175808124244213e-06,-4.477405071258544922e+00
6.048765033483505249e-02,-6.224003154784440994e-04,3.797123554249992594e-06,-2.642290201038122177e-05,-8.708782843314111233e-06,-4.165764808654785156e+00
6.063408404588699341e-02,-6.187146063894033432e-04,3.802500032179523259e-06,-2.893622149713337421e-05,-4.595392965711653233e-06,-4.550836086273193359e+00
6.227891892194747925e-02,-5.773152224719524384e-04,3.862890480377245694e-06,-2.627764479257166386e-05,-1.137099752668291330e-05,-3.742968559265136719e+00
6.348610669374465942e-02,-5.469308234751224518e-04,3.907212885678745806e-06,-3.011681837961077690e-05,-5.467023584060370922e-06,-4.153119564056396484e+00
6.166068464517593384e-02,-5.928755272179841995e-04,3.840192221105098724e-06,-2.897325612138956785e-05,-4.057408659718930721e-06,-4.653085708618164062e+00
6.384272128343582153e-02,-5.379552021622657776e-04,3.920306426152819768e-06,-2.963336009997874498e-05,-5.724999937228858471e-06,-4.338195323944091797e+00
8.046714216470718384e-02,4.994757473468780518e-04,-3.137401654385030270e-05,-2.623320324346423149e-05,-9.145107469521462917e-06,-4.044476509094238281e+00
6.207700818777084351e-02,-5.823969841003417969e-04,3.855477643810445443e-06,-2.622301690280437469e-05,-1.005500962492078543e-05,-3.876867771148681641e+00
7.869757711887359619e-02,4.186951555311679840e-04,-2.577845589257776737e-05,-2.605466579552739859e-05,-9.648836567066609859e-06,-3.949240207672119141e+00
4.898755997419357300e-02,-9.118493180721998215e-04,3.374894731678068638e-06,-1.428942778147757053e-05,-2.335441240575164557e-05,-3.013851165771484375e+00
5.613709613680839539e-02,-3.644141834229230881e-03,2.167243883013725281e-02,-1.805447391234338284e-05,-1.824619539547711611e-05,-3.633288860321044922e+00
6.241350620985031128e-02,-5.739277694374322891e-04,3.867831765091978014e-06,-2.756324829533696175e-05,-6.529662641696631908e-06,-4.413075923919677734e+00
6.089072674512863159e-02,-6.122549530118703842e-04,3.811922852037241682e-06,-2.974129165522754192e-05,-3.235341864638030529e-06,-4.727941036224365234e+00
6.505505740642547607e-02,-3.637667745351791382e-03,2.232859097421169281e-02,-2.713472349569201469e-05,-1.031982537824660540e-05,-3.770243167877197266e+00
7.316942512989044189e-02,1.663360744714736938e-04,-8.297822205349802971e-06,-1.863499346654862165e-05,-1.992614124901592731e-05,-3.085838317871093750e+00
5.927329510450363159e-02,-6.529646925628185272e-04,3.752538304979680106e-06,-2.610865340102463961e-05,-6.163565558381378651e-06,-4.548933506011962891e+00
5.755510181188583374e-02,-6.962101906538009644e-04,3.689454388222657144e-06,-2.890035102609544992e-05,-3.071079845540225506e-06,-4.633581638336181641e+00
7.824361324310302734e-02,3.979718312621116638e-04,-2.434296766296029091e-05,-2.222991315647959709e-05,-1.541229721624404192e-05,-3.301818132400512695e+00
5.355412513017654419e-02,-7.969122380018234253e-04,3.542557351465802640e-06,-2.227637742180377245e-05,-9.871568181551992893e-06,-4.213655471801757812e+00
5.346798151731491089e-02,-7.990801241248846054e-04,3.539395038387738168e-06,-2.630254311952739954e-05,-5.601803422905504704e-06,-4.473978519439697266e+00
4.742253571748733521e-02,-9.512400720268487930e-04,3.317434675409458578e-06,-2.247080556116998196e-05,-8.006318239495158195e-06,-4.524048805236816406e+00
5.305270105600357056e-02,-8.095325902104377747e-04,3.524147359712515026e-06,-2.643848711159080267e-05,-6.644942914135754108e-06,-4.347527027130126953e+00
7.308079302310943604e-02,1.622899435460567474e-04,-8.017552318051457405e-06,-2.250929537694901228e-05,-1.473432348575443029e-05,-3.400936126708984375e+00
6.227707117795944214e-02,-5.773615557700395584e-04,3.862822723021963611e-06,-9.941810276359319687e-06,-4.420323239173740149e-05,-2.395695000886917114e-01
7.031536847352981567e-02,-3.750433679670095444e-04,4.157951025263173506e-06,-1.251745561603456736e-05,-4.270045610610395670e-05,-1.787420362234115601e-01
6.931846588850021362e-02,-4.001345951110124588e-04,4.121349775232374668e-06,-1.136900391429662704e-05,-4.226549935992807150e-05,-2.761116623878479004e-01
6.659347563982009888e-02,-4.687206819653511047e-04,4.021300810563843697e-06,-1.346768112853169441e-05,-4.410919791553169489e-05,-1.087409257888793945e-02
6.503195315599441528e-02,-5.080231931060552597e-04,3.963968993048183620e-06,-8.309973054565489292e-06,-4.711991641670465469e-05,-1.712414622306823730e-02
7.822193205356597900e-02,3.969823010265827179e-04,-2.427442814223468304e-05,-8.182076271623373032e-06,-4.111444286536425352e-05,-8.459990024566650391e-01
7.641702145338058472e-02,3.145881928503513336e-04,-1.856707967817783356e-05,-2.915522782132029533e-05,-3.899345756508409977e-06,-4.523817062377929688e+00
5.808115750551223755e-02,-6.829700432717800140e-04,3.708768417709507048e-06,-3.117776941508054733e-05,5.507463356480002403e-07,-5.080996036529541016e+00
5.775693804025650024e-02,-6.911302916705608368e-04,3.696864951052702963e-06,-3.286007267888635397e-05,8.365037501789629459e-06,-6.252116203308105469e+00
5.541463941335678101e-02,-7.500841747969388962e-04,3.610866770031861961e-06,-3.677744825836271048e-05,1.404673093929886818e-05,-6.806740760803222656e+00
5.296201258897781372e-02,-8.118152618408203125e-04,3.520818154356675223e-06,-3.523883060552179813e-05,9.314433555118739605e-06,-6.285958290100097656e+00
3.512368351221084595e-02,-1.260793535038828850e-03,2.865878741431515664e-06,-3.572854620870202780e-05,1.891315332613885403e-05,-7.917491912841796875e+00
2.446226775646209717e-02,-1.529133878648281097e-03,2.474442226230166852e-06,-3.489923255983740091e-05,2.457913069520145655e-05,-9.238360404968261719e+00
3.678233921527862549e-02,-1.219046069309115410e-03,2.926777142420178279e-06,-3.167806426063179970e-05,1.149160380009561777e-05,-7.094496726989746094e+00
4.431093484163284302e-02,-1.029556617140769958e-03,3.203191226930357516e-06,-3.597083559725433588e-05,1.830905966926366091e-05,-7.691172599792480469e+00
6.095346063375473022e-02,-6.106761284172534943e-04,3.814226147369481623e-06,-3.358985122758895159e-05,-2.894157660193741322e-06,-4.427973747253417969e+00
6.023848801851272583e-02,-6.286713760346174240e-04,3.787975401792209595e-06,-3.405111783649772406e-05,2.509099431335926056e-06,-5.156027317047119141e+00
6.287387013435363770e-02,-3.639251226559281349e-03,2.216810733079910278e-02,-3.248969733249396086e-05,4.934277967549860477e-06,-5.718355178833007812e+00
4.102380573749542236e-02,-1.112291589379310608e-03,3.082503553741844371e-06,-3.214330354239791632e-05,1.569291634950786829e-05,-7.700479984283447266e+00
5.431289225816726685e-02,-7.778145372867584229e-04,3.570415628928458318e-06,-3.273814218118786812e-05,6.321337423287332058e-06,-5.952224254608154297e+00
5.318325012922286987e-02,-8.062466513365507126e-04,3.528940851538209245e-06,-3.859987191390246153e-05,7.859911420382559299e-06,-5.568643093109130859e+00
6.725531071424484253e-02,-4.520628135651350021e-04,4.045600235258461908e-06,-2.924204454757273197e-05,-1.203813008032739162e-05,-3.179119110107421875e+00
6.984423100948333740e-02,-3.634191118180751801e-03,2.268096059560775757e-02,-2.833032340276986361e-05,-1.413920836057513952e-05,-2.991473674774169922e+00
6.166421622037887573e-02,-5.927865859121084213e-04,3.840321824100101367e-06,-2.382010279688984156e-05,-1.938901550602167845e-05,-2.590106964111328125e+00
6.638888269662857056e-02,-4.738699644804000854e-04,4.013789293821901083e-06,-2.117334224749356508e-05,-2.341669460292905569e-05,-2.208935976028442383e+00
6.877719610929489136e-02,-4.137579817324876785e-04,4.101476861251285300e-06,-2.509687328711152077e-05,-1.726222399156540632e-05,-2.830435037612915039e+00
7.010800391435623169e-02,-3.802624996751546860e-04,4.150337645114632323e-06,-2.870507887564599514e-05,-1.521492959000170231e-05,-2.809056282043457031e+00
6.044002622365951538e-02,-6.235986948013305664e-04,3.795375505433185026e-06,-2.303581277374178171e-05,-2.291264536324888468e-05,-2.217643976211547852e+00
6.508644670248031616e-02,-5.066515877842903137e-04,3.965969881392084062e-06,-2.263978240080177784e-05,-2.303143264725804329e-05,-2.194214820861816406e+00
5.932397395372390747e-02,-6.516892462968826294e-04,3.754398676392156631e-06,-2.742723154369741678e-05,-1.085453550331294537e-05,-3.551464080810546875e+00
6.348644942045211792e-02,-5.469226744025945663e-04,3.907225163857219741e-06,-2.464505087118595839e-05,-1.746814814396202564e-05,-2.821332931518554688e+00
5.811338871717453003e-02,-6.821586284786462784e-04,3.709952125063864514e-06,-1.678214175626635551e-05,-2.555466198828071356e-05,-2.389162540435791016e+00
6.577157229185104370e-02,-4.894072189927101135e-04,3.991124685853719711e-06,-3.119547909591346979e-05,-8.608607458882033825e-06,-3.497122049331665039e+00
6.478888541460037231e-02,-5.141410510987043381e-04,3.955044576287036762e-06,-2.522749127820134163e-05,-1.879957562778145075e-05,-2.566870689392089844e+00
6.021333485841751099e-02,-6.293046753853559494e-04,3.787051809922559187e-06,-2.093831426464021206e-05,-2.246875374112278223e-05,-2.412674188613891602e+00
6.399954110383987427e-02,-5.340082570910453796e-04,3.926063527615042403e-06,-2.369904541410505772e-05,-1.813647395465523005e-05,-2.874018669128417969e+00
6.019932776689529419e-02,-6.296569481492042542e-04,3.786537945416057482e-06,-2.860293898265808821e-05,-1.256882387679070234e-05,-3.217714071273803711e+00
4.910246282815933228e-02,-9.089570958167314529e-04,3.379113877599593252e-06,-2.512431819923222065e-05,-1.541485835332423449e-05,-3.092858791351318359e+00
4.726018756628036499e-02,-9.553260169923305511e-04,3.311474301881389692e-06,-1.948198769241571426e-05,-2.500759728718549013e-05,-2.216899156570434570e+00
2.639582753181457520e-02,-1.480467384681105614e-03,2.545433289924403653e-06,-1.168670132756233215e-05,-4.301978333387523890e-05,-4.163394868373870850e-01
2.669761329889297485e-02,-1.472871750593185425e-03,2.556513663876103237e-06,-1.035496825352311134e-05,-4.747758794110268354e-05,-6.569027900695800781e-03
3.104600310325622559e-02,-1.363425748422741890e-03,2.716165909077972174e-06,-1.191679621115326881e-05,-4.615965008269995451e-05,-6.791621446609497070e-03
4.888389259576797485e-02,-9.144586510956287384e-04,3.371088496351148933e-06,-1.491412695031613111e-05,-3.228818241041153669e-05,-1.620332956314086914e+00
5.925703793764114380e-02,-6.533737760037183762e-04,3.751941676455317065e-06,-3.368858597241342068e-05,-6.674483302049338818e-06,-3.727235317230224609e+00
6.233037263154983521e-02,-5.760202184319496155e-04,3.864779500872828066e-06,-3.540187026374042034e-05,2.264467184431850910e-06,-4.858794689178466797e+00
5.494526773691177368e-02,-7.618980016559362411e-04,3.593633664422668517e-06,-3.392773214727640152e-05,3.112698323093354702e-06,-5.219534397125244141e+00
5.953430384397506714e-02,-6.463951431214809418e-04,3.762121195904910564e-06,-3.531419497448951006e-05,4.723537131212651730e-06,-5.390459060668945312e+00
7.173503935337066650e-02,1.008564140647649765e-04,-3.762135747820138931e-06,-2.929483889602124691e-05,-1.007180253509432077e-05,-3.518642902374267578e+00
5.939299613237380981e-02,-6.499520968645811081e-04,3.756932983378646895e-06,-1.010387495625764132e-05,-4.275473474990576506e-05,-4.548446238040924072e-01
7.065265625715255737e-02,-3.665538970381021500e-04,4.170334705122513697e-06,-1.192634226754307747e-05,-4.659601836465299129e-05,5.447360277175903320e-01
6.204500049352645874e-02,-5.832025781273841858e-04,3.854302576655754820e-06,-1.342257019132375717e-05,-4.710072244051843882e-05,9.035183191299438477e-01
5.053538829088211060e-02,-8.728918619453907013e-04,3.431723598623648286e-06,-8.352741133421659470e-06,-4.914689634460955858e-05,6.431736946105957031e-01
3.123349696397781372e-02,-1.358706736937165260e-03,2.723049419728340581e-06,-9.092895197682082653e-06,-4.921107029076665640e-05,3.829154372215270996e-01
4.741884395480155945e-02,-3.650470869615674019e-03,2.103097923099994659e-02,-9.329538443125784397e-06,-4.784167686011642218e-05,1.591360569000244141e-02
3.669779747724533081e-02,-1.221174141392111778e-03,2.923673037003027275e-06,-7.967784767970442772e-06,-4.813178384210914373e-05,-1.331079006195068359e-02
5.067686364054679871e-02,-3.648105543106794357e-03,2.127069234848022461e-02,-1.082864764612168074e-05,-4.684350278694182634e-05,1.093689203262329102e-01
6.067559868097305298e-02,-6.176694296300411224e-04,3.804024345299694687e-06,-1.335865817964076996e-05,-4.517186607699841261e-05,1.388760209083557129e-01
6.584481149911880493e-02,-4.875641316175460815e-04,3.993813152192160487e-06,-1.045590033754706383e-05,-4.626983718480914831e-05,-1.242786645889282227e-02
6.895973533391952515e-02,-4.091637674719095230e-04,4.108178472961299121e-06,-1.188219175674021244e-05,-4.396254371386021376e-05,-1.258729100227355957e-01
7.168870419263839722e-02,-3.404775634407997131e-04,4.208373411529464647e-06,-1.106114359572529793e-05,-4.561580135487020016e-05,4.761794209480285645e-02
7.821656018495559692e-02,-1.761754974722862244e-04,4.448045729077421129e-06,-1.719502324704080820e-05,-4.099289071746170521e-05,-1.125395298004150391e-02
7.982689142227172852e-02,-3.626944264397025108e-03,2.341545000672340393e-02,-1.802250335458666086e-05,-3.876758273690938950e-05,-1.898351311683654785e-01
7.244019210338592529e-02,-3.632306586951017380e-03,2.287196367979049683e-02,-1.067105040419846773e-05,-4.577363142743706703e-05,-1.409670710563659668e-02
7.077916711568832397e-02,-3.633697051554918289e-04,4.174979494564468041e-06,-1.372484257444739342e-05,-4.405873187351971865e-05,-1.004368066787719727e-02
7.006827741861343384e-02,-3.812625072896480560e-04,4.148878815612988546e-06,-9.333627531304955482e-06,-4.581897519528865814e-05,-9.243580698966979980e-02
6.882178038358688354e-02,-4.126359708607196808e-04,4.103113496967125684e-06,-2.286095696035772562e-05,-2.172712993342429399e-05,-2.281208515167236328e+00
7.882335782051086426e-02,4.244372248649597168e-04,-2.617618883959949017e-05,-2.188663347624242306e-05,-1.801330654416233301e-05,-2.987853050231933594e+00
5.576243251562118530e-02,-7.413304410874843597e-04,3.623636075644753873e-06,-3.346573794260621071e-05,1.169100869446992874e-06,-4.991868019104003906e+00
6.424864381551742554e-02,-5.277385935187339783e-04,3.935209406336070970e-06,-3.566307714208960533e-05,-1.817461452446877956e-06,-4.186267375946044922e+00
7.571650296449661255e-02,2.826093696057796478e-04,-1.635195803828537464e-05,-3.490093513391911983e-05,-3.778608515858650208e-06,-3.957245588302612305e+00
6.158376485109329224e-02,-5.948115140199661255e-04,3.837367785308742896e-06,-3.707510768435895443e-05,-1.541498932056128979e-06,-4.206550121307373047e+00
5.162174254655838013e-02,-8.455486968159675598e-04,3.471609943517250940e-06,-2.236921864096075296e-05,-2.200687595177441835e-05,-2.398686170578002930e+00
6.196518987417221069e-02,-5.852114409208297729e-04,3.851372184726642445e-06,-2.176106499973684549e-05,-2.429113374091684818e-05,-2.008979558944702148e+00
6.447505205869674683e-02,-5.220402963459491730e-04,3.943522187910275534e-06,-2.280248736497014761e-05,-2.350783324800431728e-05,-2.037995338439941406e+00
5.255090445280075073e-02,-8.221624884754419327e-04,3.505724180286051705e-06,-2.207493525929749012e-05,-1.340330345556139946e-05,-3.772151708602905273e+00
4.366133362054824829e-02,-1.045906916260719299e-03,3.179341092618415132e-06,-3.467917849775403738e-05,1.372124825138598680e-05,-7.175580978393554688e+00
3.962944447994232178e-02,-1.147386617958545685e-03,3.031309006473748013e-06,-3.688324068207293749e-05,8.224436896853148937e-06,-6.184880256652832031e+00
7.213463634252548218e-02,1.190979965031147003e-04,-5.025707650929689407e-06,-3.894195833709090948e-05,4.177200025878846645e-06,-5.162569999694824219e+00
5.814614146947860718e-02,-6.813341751694679260e-04,3.711154477059608325e-06,-3.464875044301152229e-05,-1.559252268634736538e-06,-4.619685649871826172e+00
5.789773911237716675e-02,-6.875863764435052872e-04,3.702034518937580287e-06,-2.451338514219969511e-05,-1.639539550524204969e-05,-2.932756423950195312e+00
7.784939557313919067e-02,3.799758851528167725e-04,-2.309639239683747292e-05,-1.395093568135052919e-05,-3.662107337731868029e-05,-9.223635792732238770e-01
6.922694295644760132e-02,-4.024382214993238449e-04,4.117989192309323698e-06,-2.209265949204564095e-05,-2.861343091353774071e-05,-1.269525885581970215e+00
7.062513381242752075e-02,-3.672465682029724121e-04,4.169324256508843973e-06,-2.008024603128433228e-05,-3.015388210769742727e-05,-1.285713791847229004e+00
7.901047170162200928e-02,4.329788498580455780e-04,-2.676786971278488636e-05,-2.109943307004868984e-05,-2.874004712793976068e-05,-1.411811947822570801e+00
4.872753471136093140e-02,-9.183939546346664429e-04,3.365348220540909097e-06,-1.914953463710844517e-05,-2.106370811816304922e-05,-3.018274307250976562e+00
4.410164803266525269e-02,-1.034824643284082413e-03,3.195506906195078045e-06,-3.513426054269075394e-05,4.954184987582266331e-06,-5.715643882751464844e+00
2.357805520296096802e-02,-1.551388762891292572e-03,2.441978267597733065e-06,-3.420769644435495138e-05,1.301655720453709364e-05,-7.438755035400390625e+00
1.708483695983886719e-02,-1.714818645268678665e-03,2.203577878390206024e-06,-3.982393536716699600e-05,2.232484985142946243e-05,-8.569748878479003906e+00
4.987908154726028442e-02,-8.894104976207017899e-04,3.407626991247525439e-06,-3.223575185984373093e-05,-1.244188752025365829e-07,-5.076409339904785156e+00
5.923906713724136353e-02,-6.538259331136941910e-04,3.751281838049180806e-06,-2.346455585211515427e-05,-1.556744973640888929e-05,-3.214437007904052734e+00
6.075561791658401489e-02,-6.156556773930788040e-04,3.806962013186421245e-06,-2.692747511900961399e-05,-1.157064980361610651e-05,-3.449026107788085938e+00
6.219429522752761841e-02,-5.794449243694543839e-04,3.859783646475989372e-06,-3.031523374374955893e-05,-8.915900252759456635e-06,-3.502404212951660156e+00
5.979632586240768433e-02,-6.398002151399850845e-04,3.771741830860264599e-06,-2.082907303702086210e-05,-2.284710353706032038e-05,-2.361512184143066406e+00
7.530624419450759888e-02,2.638814039528369904e-04,-1.505468389950692654e-05,-2.446815778966993093e-05,-1.118876389227807522e-05,-3.988199949264526367e+00
3.431612253189086914e-02,-1.281119184568524361e-03,2.836229214153718203e-06,-3.227479464840143919e-05,-3.965003998018801212e-06,-4.665079116821289062e+00
6.450657546520233154e-02,-2.291218843311071396e-04,1.909508137032389641e-05,-2.721355122048407793e-05,-9.950032108463346958e-06,-3.912211656570434570e+00
4.211433231830596924e-02,-1.084843650460243225e-03,3.122542693745344877e-06,-1.645824522711336613e-05,-2.485298318788409233e-05,-2.461363077163696289e+00
3.378838300704956055e-02,-1.294401939958333969e-03,2.816852884279796854e-06,-1.078539935406297445e-05,-4.710063512902706861e-05,1.456825137138366699e-01
2.667775750160217285e-02,-1.473371637985110283e-03,2.555784703872632235e-06,-1.469092967454344034e-05,-4.497788904700428247e-05,-1.151680946350097656e-03
2.375037223100662231e-02,-1.547051593661308289e-03,2.448304712743265554e-06,-1.414038706570863724e-05,-4.517815250437706709e-05,-2.449274063110351562e-03
2.472762763500213623e-02,-1.522454898804426193e-03,2.484184733475558460e-06,-1.377155422233045101e-05,-4.541371890809386969e-05,-2.790778875350952148e-03
2.425143867731094360e-02,-1.534440321847796440e-03,2.466701516823377460e-06,-1.359693123959004879e-05,-4.560060915537178516e-05,-2.560049295425415039e-03
2.478870004415512085e-02,-1.520917750895023346e-03,2.486427092662779614e-06,-1.412673736922442913e-05,-4.553586768452078104e-05,1.066195070743560791e-01
1.407358795404434204e-02,-1.790609676390886307e-03,2.093019020321662538e-06,-8.618662832304835320e-06,-4.925935354549437761e-05,7.365575432777404785e-02
8.848756551742553711e-03,-1.922114985063672066e-03,1.901187943076365627e-06,-1.268881896976381540e-05,-4.725078179035335779e-05,2.170860767364501953e-03
2.868919819593429565e-02,-1.422744942829012871e-03,2.629635218909243122e-06,-1.330717350356280804e-05,-4.661305865738540888e-05,1.479238271713256836e-03
2.772728353738784790e-02,-1.446955604478716850e-03,2.594318175397347659e-06,-1.181318657472729683e-05,-4.658324178308248520e-05,-5.026638507843017578e-03
2.461925894021987915e-02,-1.525182509794831276e-03,2.480206148902652785e-06,-1.296475238632410765e-05,-4.588472074829041958e-05,-3.768175840377807617e-03
2.598562091588973999e-02,-1.490792259573936462e-03,2.530372512410394847e-06,-1.273967791348695755e-05,-4.601733235176652670e-05,-4.034638404846191406e-03
