2.162497490644454956e-02,-8.460660465061664581e-04,-2.345040957152377814e-05,6.069749360904097557e-07,-6.968912202864885330e-08,-2.781704068183898926e-03
1.840567588806152344e-02,-9.252948220819234848e-04,-2.331185169168747962e-05,-4.322355380281805992e-07,6.618793122470378876e-07,2.912391722202301025e-02
2.821718156337738037e-02,-6.838284898549318314e-04,-2.373413553868886083e-05,2.700442564673721790e-06,-1.365639036521315575e-06,-1.790969073772430420e-02
2.594976127147674561e-02,-7.396307773888111115e-04,-2.363654675718862563e-05,2.304033841937780380e-06,-9.784125722944736481e-07,-1.795543730258941650e-02
5.095704644918441772e-02,1.940042711794376373e-04,-2.531173322495305911e-06,2.236120053566992283e-06,-8.864444680511951447e-07,-1.807059347629547119e-02
4.051205515861511230e-02,-3.812452778220176697e-04,-2.426330320304259658e-05,6.268368451856076717e-06,-3.784298314712941647e-06,-2.196599543094635010e-02
2.002336084842681885e-02,-8.854826446622610092e-04,-2.338147714908700436e-05,2.743967343121767044e-06,-1.432184944860637188e-06,1.594713479280471802e-01
2.709819376468658447e-02,-7.113672327250242233e-04,-2.368597415625117719e-05,2.244603820145130157e-06,-1.091597368940711021e-06,-1.724506914615631104e-02
4.252784699201583862e-02,-3.617145586758852005e-03,1.945429481565952301e-02,2.186978235840797424e-06,-8.842471288517117500e-07,-1.788435876369476318e-02
3.000790625810623169e-02,-6.397578399628400803e-04,-2.381120793870650232e-05,3.983630449511110783e-06,-2.433735062368214130e-06,-1.853834092617034912e-02
5.945136398077011108e-02,6.807707250118255615e-04,-1.723647983453702182e-06,3.909502993337810040e-06,-2.129789208993315697e-06,-1.951657235622406006e-02
2.829260379076004028e-02,-6.819723639637231827e-04,-2.373738243477419019e-05,3.360459231771528721e-06,-1.662687282077968121e-06,1.806886643171310425e-01
2.831812947988510132e-02,-6.813439540565013885e-04,-2.373848110437393188e-05,1.940978108905255795e-06,-7.219641702249646187e-07,-1.758588850498199463e-02
2.860931307077407837e-02,-6.741778925061225891e-04,-2.375101394136436284e-05,2.502478309907019138e-06,-1.141772372648119926e-06,-1.806025207042694092e-02
2.937072515487670898e-02,-6.554392166435718536e-04,-2.378378485445864499e-05,2.360306098125874996e-06,-1.112886820919811726e-06,-1.761592924594879150e-02
2.931730449199676514e-02,-6.567537784576416016e-04,-2.378148565185256302e-05,2.141096047125756741e-06,-1.007603714242577553e-06,-1.718534529209136963e-02
3.016933053731918335e-02,-6.357850506901741028e-04,-2.381815647822804749e-05,2.726606908254325390e-06,-1.340013113804161549e-06,-1.812113821506500244e-02
4.488065093755722046e-02,-3.615439170971512794e-03,1.962749660015106201e-02,2.739412593655288219e-06,-1.363994670100510120e-06,-1.807154715061187744e-02
3.158950805664062500e-02,-6.008336786180734634e-04,-2.387927997915539891e-05,3.021661541424691677e-06,-1.492837327532470226e-06,-1.865418255329132080e-02
2.877303957939147949e-02,-6.701485253870487213e-04,-2.375806070631369948e-05,1.888038241304457188e-06,-7.365742931142449379e-07,-1.731424033641815186e-02
3.158621490001678467e-02,-6.009147036820650101e-04,-2.387913809798192233e-05,2.908593160100281239e-06,-1.396329025737941265e-06,-1.860879361629486084e-02
3.005134314298629761e-02,-6.386886816471815109e-04,-2.381307785981334746e-05,2.998756826855242252e-06,-1.485750544816255569e-06,-1.859273016452789307e-02
3.055377304553985596e-02,-6.263237446546554565e-04,-2.383470200584270060e-05,2.762841177172958851e-06,-1.353255356661975384e-06,-1.820971071720123291e-02
3.029316663742065430e-02,-6.327372975647449493e-04,-2.382348611718043685e-05,2.813801984302699566e-06,-1.366672222502529621e-06,-1.835609972476959229e-02
3.532610088586807251e-02,-5.088741891086101532e-04,-2.404010228929109871e-05,4.586225259117782116e-06,-2.779808710329234600e-06,-1.183097064495086670e-02
3.722718358039855957e-02,-4.620875697582960129e-04,-2.412192225165199488e-05,4.743764293380081654e-06,-2.651853719726204872e-06,1.598779857158660889e-02
4.741175472736358643e-02,-9.158859029412269592e-06,-2.868212504836264998e-06,2.720189513638615608e-07,5.941110430285334587e-07,-1.646207273006439209e-02
3.318666666746139526e-02,-5.615267436951398849e-04,-2.394802140770480037e-05,2.905682777054607868e-06,-1.328429789282381535e-06,-1.888154447078704834e-02
3.115767985582351685e-02,-6.114612333476543427e-04,-2.386069354542996734e-05,3.063876647502183914e-06,-1.480177161283791065e-06,-1.887507736682891846e-02
3.111169487237930298e-02,-6.125930231064558029e-04,-2.385871448495890945e-05,4.005138180218636990e-06,-2.375221811234951019e-06,-1.886893808841705322e-02
4.590505361557006836e-02,-2.485206350684165955e-04,-2.449541534588206559e-05,5.055379006080329418e-06,-3.250432200729846954e-06,1.207531243562698364e-01
6.264317035675048828e-02,1.634131185710430145e-04,-2.521581700420938432e-05,3.567824023775756359e-06,-1.976513885892927647e-06,2.918049693107604980e-03
5.591128766536712646e-02,-2.261949703097343445e-06,-2.492607927706558257e-05,5.541762220673263073e-06,-3.166278474964201450e-06,2.256838977336883545e-02
5.857707560062408447e-02,6.334437057375907898e-05,-2.504081385268364102e-05,8.326911483891308308e-06,-4.023255314677953720e-06,-4.628680348396301270e-01
5.632191896438598633e-02,7.843831554055213928e-06,-2.494375257811043411e-05,9.393435902893543243e-06,-4.075132892467081547e-06,-1.267984628677368164e+00
6.884194165468215942e-02,1.218897756189107895e-03,-8.309179975185543299e-07,1.146223803516477346e-05,-5.600420990958809853e-06,-1.433034420013427734e+00
6.979592144489288330e-02,1.273565459996461868e-03,-7.402259143418632448e-07,1.160278043244034052e-05,-5.248133675195276737e-06,-2.064084053039550781e+00
6.005689501762390137e-02,9.976373985409736633e-05,-2.510450576664879918e-05,7.238952093757688999e-06,-2.342829247936606407e-06,-1.575736999511718750e+00
4.831507802009582520e-02,-1.892086584120988846e-04,-2.459914139762986451e-05,8.492395863868296146e-06,-3.345921868458390236e-06,-1.566014885902404785e+00
4.529607295989990234e-02,-2.635079436004161835e-04,-2.446920552756637335e-05,1.170653558801859617e-05,-5.073394277133047581e-06,-2.664952039718627930e+00
4.877331852912902832e-02,-1.779310405254364014e-04,-2.461886469973251224e-05,1.491441798862069845e-05,-7.886425009928643703e-06,-2.320090055465698242e+00
5.757240206003189087e-02,-3.606233745813369751e-03,2.056179940700531006e-02,1.370525569655001163e-05,-6.831643986515700817e-06,-2.521043062210083008e+00
4.880614578723907471e-02,-1.771233510226011276e-04,-2.462027623550966382e-05,1.191133924294263124e-05,-4.157394869253039360e-06,-3.749837160110473633e+00
5.244931578636169434e-02,-8.746306411921977997e-05,-2.477707676007412374e-05,1.180973777081817389e-05,-5.025431164540350437e-06,-2.899600744247436523e+00
4.965597391128540039e-02,-1.562086399644613266e-04,-2.465685247443616390e-05,1.453972072340548038e-05,-5.610621883533895016e-06,-4.609177112579345703e+00
4.653537273406982422e-02,-2.330082934349775314e-04,-2.452254375384654850e-05,1.598293602000921965e-05,-6.612943252548575401e-06,-5.165850162506103516e+00
4.999667406082153320e-02,-1.478237099945545197e-04,-2.467151716700755060e-05,1.480613718740642071e-05,-7.271315553225576878e-06,-3.494637727737426758e+00
5.594232678413391113e-02,-1.498265191912651062e-06,-2.492741623427718878e-05,1.097559288609772921e-05,-3.232577000744640827e-06,-4.530202388763427734e+00
5.571947991847991943e-02,-6.982358172535896301e-06,-2.491782470315229148e-05,1.472454459872096777e-05,-6.080823368392884731e-06,-4.867778778076171875e+00
5.103825032711029053e-02,-1.221897546201944351e-04,-2.471634616085793823e-05,1.734933175612241030e-05,-8.989009074866771698e-06,-3.585058927536010742e+00
5.279535055160522461e-02,-7.894705049693584442e-05,-2.479197064531035721e-05,1.455793972127139568e-05,-7.397975423373281956e-06,-3.013265371322631836e+00
3.866119682788848877e-02,-4.267957992851734161e-04,-2.418364238110370934e-05,8.331437129527330399e-06,-3.903391188941895962e-06,-1.561786651611328125e+00
5.625358223915100098e-02,6.162095814943313599e-06,-2.494081127224490047e-05,1.034098386298865080e-05,-5.537483957596123219e-06,-4.565955996513366699e-01
5.783680081367492676e-02,4.512607119977474213e-05,-2.500895243429113179e-05,8.880379027687013149e-06,-5.915630026720464230e-06,7.814432680606842041e-02
5.783152580261230469e-02,4.499591886997222900e-05,-2.500872506061568856e-05,6.174857844598591328e-06,-4.071509465575218201e-06,3.388729691505432129e-01
6.012114882469177246e-02,1.013448927551507950e-04,-2.510727063054218888e-05,5.314956069923937321e-06,-3.890992957167327404e-06,7.077080607414245605e-01
6.027767062187194824e-02,1.051968429237604141e-04,-2.511400634830351919e-05,6.172485882416367531e-07,-3.536115400493144989e-07,4.352539181709289551e-01
6.044308841228485107e-02,1.092678867280483246e-04,-2.512112587282899767e-05,2.642846084199845791e-06,-1.666121534071862698e-06,5.141060948371887207e-01
7.259988784790039062e-02,1.434247009456157684e-03,-4.736621121992357075e-07,-1.426087692379951477e-07,-1.117005012929439545e-07,6.640437245368957520e-01
7.327761501073837280e-02,1.473084092140197754e-03,-4.092325980309396982e-07,4.546905984170734882e-06,-5.172521923668682575e-06,1.951526522636413574e+00
7.610175013542175293e-02,4.946356639266014099e-04,-2.579506872280035168e-05,-3.410998033359646797e-06,-1.567488652653992176e-06,3.626300573348999023e+00
8.064411580562591553e-02,1.895221415907144547e-03,2.910755938501097262e-07,8.863571565598249435e-08,-2.679807948879897594e-06,2.615408658981323242e+00
6.536231935024261475e-02,2.303328365087509155e-04,-2.533284714445471764e-05,-2.858621883206069469e-06,8.700444595888257027e-07,1.281100749969482422e+00
7.192168384790420532e-02,-3.595826216042041779e-03,2.161812037229537964e-02,5.947149475105106831e-06,-3.448556526564061642e-06,-2.209495007991790771e-02
5.820362269878387451e-02,5.415338091552257538e-05,-2.502473944332450628e-05,8.311966666951775551e-06,-4.497080226428806782e-06,-3.178086280822753906e-01
5.626930296421051025e-02,6.549060344696044922e-06,-2.494148793630301952e-05,1.177632657345384359e-05,-5.598121788352727890e-06,-1.627340793609619141e+00
5.274878442287445068e-02,-8.009304292500019073e-05,-2.478996611898764968e-05,1.540435187052935362e-05,-7.055219612084329128e-06,-3.848412275314331055e+00
4.928538203239440918e-02,-1.653290819376707077e-04,-2.464090357534587383e-05,2.017695805989205837e-05,-8.723101927898824215e-06,-6.318123817443847656e+00
4.450011253356933594e-02,-2.830969169735908508e-04,-2.443494668113999069e-05,1.783990592230111361e-05,-7.093898602761328220e-06,-6.751813888549804688e+00
5.304409563541412354e-02,-7.282500155270099640e-05,-2.480267721693962812e-05,1.523035462014377117e-05,-6.358925020322203636e-06,-4.655040740966796875e+00
7.157713174819946289e-02,1.375637948513031006e-03,-5.708925527869723737e-07,1.195988443214446306e-05,-3.962049959227442741e-06,-4.827681064605712891e+00
5.478814244270324707e-02,-2.990313805639743805e-05,-2.487773963366635144e-05,1.421780325472354889e-05,-4.833666025660932064e-06,-5.952299118041992188e+00
3.952847421169281006e-02,-4.054515156894922256e-04,-2.422096986265387386e-05,2.175573899876326323e-05,-9.423354640603065491e-06,-7.958855628967285156e+00
2.848418802022933960e-02,-6.772573105990886688e-04,-2.374562791374046355e-05,1.682997390162199736e-05,-6.516449502669274807e-06,-7.358723640441894531e+00
3.751484304666519165e-02,-4.550081212073564529e-04,-2.413430411252193153e-05,1.513410825282335281e-05,-5.557143595069646835e-06,-6.419453144073486328e+00
5.372649431228637695e-02,-5.603069439530372620e-05,-2.483204661984927952e-05,1.439162588212639093e-05,-5.271984264254570007e-06,-5.412397384643554688e+00
5.689030885696411133e-02,2.183229662477970123e-05,-2.496821616659872234e-05,1.100781082641333342e-05,-4.583605914376676083e-06,-2.872530698776245117e+00
5.730852484703063965e-02,3.212480805814266205e-05,-2.498621688573621213e-05,1.224256993737071753e-05,-5.925001460127532482e-06,-2.312696218490600586e+00
6.115393340587615967e-02,1.267623156309127808e-04,-2.515172127459663898e-05,1.055050233844667673e-05,-4.506553523242473602e-06,-2.593724727630615234e+00
6.102444231510162354e-02,1.235755626112222672e-04,-2.514614789106417447e-05,8.055110811255872250e-06,-2.813918399624526501e-06,-2.392280578613281250e+00
5.934132635593414307e-02,8.215289562940597534e-05,-2.507370663806796074e-05,8.084360160864889622e-06,-2.944958396255970001e-06,-2.295915603637695312e+00
6.289449334144592285e-02,1.695984974503517151e-04,-2.522663453419227153e-05,3.768218448385596275e-06,3.306922735646367073e-07,-1.909818053245544434e+00
7.197268307209014893e-02,1.398304942995309830e-03,-5.332885848474688828e-07,9.053925168700516224e-06,-2.387954737059772015e-06,-3.664598464965820312e+00
6.683994829654693604e-02,-3.599511925131082535e-03,2.124402858316898346e-02,1.038903428707271814e-05,-3.934910637326538563e-06,-3.110105991363525391e+00
6.089925765991210938e-02,1.204947475343942642e-04,-2.514076004445087165e-05,7.428083335980772972e-06,-2.331027644686400890e-06,-2.533743619918823242e+00
6.170363724231719971e-02,1.402907073497772217e-04,-2.517538086976855993e-05,6.566100637428462505e-06,-1.321910531260073185e-06,-2.479205369949340820e+00
6.046044826507568359e-02,1.096953637897968292e-04,-2.512187347747385502e-05,6.062007742002606392e-06,-1.074338797479867935e-06,-2.643155336380004883e+00
6.549160182476043701e-02,2.335144672542810440e-04,-2.533841325202956796e-05,4.855435690842568874e-06,-2.548040356487035751e-07,-2.808310985565185547e+00
6.398266553878784180e-02,1.963786780834197998e-04,-2.527346805436536670e-05,5.291760317049920559e-06,-5.666370270773768425e-07,-2.526290416717529297e+00
6.286649405956268311e-02,1.689093187451362610e-04,-2.522542854421772063e-05,4.315093974582850933e-06,2.736487658694386482e-07,-2.517979860305786133e+00
6.603369116783142090e-02,2.468556631356477737e-04,-2.536174361011944711e-05,4.312023520469665527e-06,7.406779332086443901e-07,-3.130867004394531250e+00
5.828127264976501465e-02,5.606468766927719116e-05,-2.502808274584822357e-05,9.051131200976669788e-06,-2.580025466158986092e-06,-3.834611177444458008e+00
6.982704252004623413e-02,1.275348942726850510e-03,-7.372673280769959092e-07,1.241739664692431688e-05,-3.898589056916534901e-06,-5.319337368011474609e+00
5.118781328201293945e-02,-1.185091678053140640e-04,-2.472278356435708702e-05,1.621512637939304113e-05,-6.117974407970905304e-06,-6.026319503784179688e+00
4.083962738513946533e-02,-3.731835167855024338e-04,-2.427740037092007697e-05,1.602260454092174768e-05,-6.230329745449125767e-06,-6.147461414337158203e+00
4.303029179573059082e-02,-3.192701842635869980e-04,-2.437168586766347289e-05,1.379639434162527323e-05,-4.638743121176958084e-06,-6.139767169952392578e+00
4.913946986198425293e-02,-1.689197961241006851e-04,-2.463462260493542999e-05,1.175883517134934664e-05,-3.288878360763192177e-06,-5.288915634155273438e+00
5.363565683364868164e-02,-5.826656706631183624e-05,-2.482813579263165593e-05,1.075012551154941320e-05,-3.163251676596701145e-06,-4.757762908935546875e+00
5.630239844322204590e-02,7.363501936197280884e-06,-2.494291220500599593e-05,1.177737431135028601e-05,-3.648703568615019321e-06,-5.077690601348876953e+00
5.777425318956375122e-02,-3.606087295338511467e-03,2.057665959000587463e-02,1.020338095258921385e-05,-3.053297405131161213e-06,-4.898417472839355469e+00
4.378674924373626709e-02,-3.006530459970235825e-04,-2.440424395899754018e-05,1.295319816563278437e-05,-4.442277713678777218e-06,-5.392424583435058594e+00
5.134432017803192139e-02,-1.146574504673480988e-04,-2.472951928211841732e-05,9.837633115239441395e-06,-2.298780600540339947e-06,-4.670124530792236328e+00
6.685335934162139893e-02,-3.599502379074692726e-03,2.124501578509807587e-02,1.120580418501049280e-05,-3.025823389180004597e-06,-4.712751388549804688e+00
5.160324275493621826e-02,-1.082851085811853409e-04,-2.474066423019394279e-05,1.180259278044104576e-05,-3.685519914142787457e-06,-5.222476959228515625e+00
5.453653633594512939e-02,-3.609550185501575470e-05,-2.486691118974704295e-05,9.955503628589212894e-06,-2.551634679548442364e-06,-4.947408199310302734e+00
6.933189183473587036e-02,1.246974803507328033e-03,-7.843391358619555831e-07,6.636037142015993595e-06,-1.384760253131389618e-07,-4.682459354400634766e+00
4.477497935295104980e-02,-2.763322554528713226e-04,-2.444677738822065294e-05,1.243395672645419836e-05,-3.921319148503243923e-06,-5.861454486846923828e+00
6.335576623678207397e-02,-3.602039068937301636e-03,2.098754048347473145e-02,1.100004010368138552e-05,-3.198118065483868122e-06,-5.141749382019042969e+00
5.460606515407562256e-02,-3.438419662415981293e-05,-2.486990342731587589e-05,9.960480383597314358e-06,-2.617525751702487469e-06,-4.940007686614990234e+00
5.199895799160003662e-02,-9.854650124907493591e-05,-2.475769360898993909e-05,8.780174539424479008e-06,-1.795342541299760342e-06,-5.185058593750000000e+00
4.992745816707611084e-02,-1.495270989835262299e-04,-2.466853766236454248e-05,1.098283973988145590e-05,-3.041393938474357128e-06,-5.473138332366943359e+00
4.978527128696441650e-02,-1.530265435576438904e-04,-2.466241858201101422e-05,9.300201782025396824e-06,-2.683111233636736870e-06,-4.568650722503662109e+00
5.164217948913574219e-02,-1.073272433131933212e-04,-2.474233770044520497e-05,1.449578849133104086e-05,-5.748413968831300735e-06,-5.050628185272216797e+00
5.204649269580841064e-02,-9.737676009535789490e-05,-2.475973997206892818e-05,1.412286655977368355e-05,-5.416994099505245686e-06,-5.075918197631835938e+00
6.902544200420379639e-02,1.229413785040378571e-03,-8.134720701491460204e-07,1.144575071521103382e-05,-4.025307134725153446e-06,-4.756916046142578125e+00
5.596017837524414062e-02,-1.058680936694145203e-06,-2.492818384780548513e-05,1.107390562538057566e-05,-3.055305569432675838e-06,-5.197765827178955078e+00
5.257162451744079590e-02,-8.445302955806255341e-05,-2.478234091540798545e-05,1.352066465187817812e-05,-4.980291123501956463e-06,-5.006540775299072266e+00
4.882697761058807373e-02,-1.766106579452753067e-04,-2.462117299728561193e-05,1.859915209934115410e-05,-7.371141691692173481e-06,-6.775623321533203125e+00
5.283468961715698242e-02,-7.797847501933574677e-05,-2.479366412444505841e-05,1.692063233349472284e-05,-7.857321179471910000e-06,-4.709456443786621094e+00
5.000999569892883301e-02,-1.474961172789335251e-04,-2.467209014866966754e-05,1.432317367289215326e-05,-6.461355951614677906e-06,-4.369495868682861328e+00
5.310930311679840088e-02,-7.122033275663852692e-05,-2.480548209859989583e-05,1.576299837324768305e-05,-6.680464139208197594e-06,-4.916806221008300781e+00
5.516085028648376465e-02,-2.073054201900959015e-05,-2.489378130121622235e-05,1.274699752684682608e-05,-4.684363375417888165e-06,-4.864734172821044922e+00
5.354095995426177979e-02,-6.059696897864341736e-05,-2.482406125636771321e-05,1.396269362885504961e-05,-5.559893907047808170e-06,-4.898688316345214844e+00
5.483596026897430420e-02,-2.872664481401443481e-05,-2.487979691068176180e-05,1.181091647595167160e-05,-4.657282261177897453e-06,-4.178347110748291016e+00
5.775739252567291260e-02,4.317169077694416046e-05,-2.500553455320186913e-05,1.233340299222618341e-05,-4.536981577984988689e-06,-4.191674232482910156e+00
5.264055728912353516e-02,-8.275615982711315155e-05,-2.478530950611457229e-05,1.303278259001672268e-05,-5.020570824854075909e-06,-4.772422790527343750e+00
5.701299011707305908e-02,2.485164441168308258e-05,-2.497349669283721596e-05,1.184026768896728754e-05,-4.196161171421408653e-06,-4.751075744628906250e+00
7.090771198272705078e-02,1.337277237325906754e-03,-6.345317160594277084e-07,1.486566907260566950e-05,-6.692294846288859844e-06,-4.267904758453369141e+00
5.432206392288208008e-02,-4.137353971600532532e-05,-2.485767981852404773e-05,1.471459108870476484e-05,-6.627480615861713886e-06,-4.090979576110839844e+00
6.860574334859848022e-02,1.205362845212221146e-03,-8.533716027159243822e-07,1.456691825296729803e-05,-6.634450983256101608e-06,-4.131964206695556641e+00
4.329192638397216797e-02,-3.128312528133392334e-04,-2.438294723106082529e-05,1.658067048992961645e-05,-9.344090358354151249e-06,-3.167369842529296875e+00
5.522242188453674316e-02,-3.607938298955559731e-03,2.038880437612533569e-02,1.747891656123101711e-05,-9.700903319753706455e-06,-2.983856201171875000e+00
5.270765721797943115e-02,-8.110492490231990814e-05,-2.478819624229799956e-05,1.379552122671157122e-05,-5.889320163987576962e-06,-4.743558883666992188e+00
5.348019301891326904e-02,-6.209244020283222198e-05,-2.482144554960541427e-05,1.492416777182370424e-05,-6.226313416846096516e-06,-5.229552745819091797e+00
6.604585051536560059e-02,-3.600087948143482208e-03,2.118557132780551910e-02,1.089887518901377916e-05,-4.090907168574631214e-06,-4.035429954528808594e+00
6.545281410217285156e-02,1.024683937430381775e-03,-1.153110133600421250e-06,1.647557655815035105e-05,-8.489383617416024208e-06,-3.653220653533935547e+00
5.241964757442474365e-02,-8.819322101771831512e-05,-2.477579982951283455e-05,1.768674701452255249e-05,-8.060393156483769417e-06,-5.154287815093994141e+00
5.346287786960601807e-02,-6.251875311136245728e-05,-2.482069976394996047e-05,1.640120171941816807e-05,-6.986258085817098618e-06,-4.730256080627441406e+00
7.129419595003128052e-02,1.359424553811550140e-03,-5.977899490972049534e-07,9.992974810302257538e-06,-3.265697159804403782e-06,-3.110103368759155273e+00
4.859881103038787842e-02,-1.822260674089193344e-04,-2.461135227349586785e-05,2.105331805068999529e-05,-1.085927942767739296e-05,-4.328758716583251953e+00
5.109894275665283203e-02,-1.206963788717985153e-04,-2.471895822964143008e-05,1.691350189503282309e-05,-7.138107321225106716e-06,-4.796974658966064453e+00
4.488223791122436523e-02,-2.736926544457674026e-04,-2.445139398332685232e-05,1.887262624222785234e-05,-8.926101145334541798e-06,-4.687570571899414062e+00
4.992149770259857178e-02,-1.496737822890281677e-04,-2.466828118485864252e-05,1.642912684474140406e-05,-7.038295734673738480e-06,-4.785273075103759766e+00
6.716337054967880249e-02,1.122707035392522812e-03,-9.904933904181234539e-07,1.162920671049505472e-05,-4.579866072162985802e-06,-3.296524286270141602e+00
5.789677798748016357e-02,4.660198464989662170e-05,-2.501153358025476336e-05,6.518457666970789433e-06,-3.333014319650828838e-06,-2.168174386024475098e-01
6.683123111724853516e-02,2.664835192263126373e-04,-2.539606975915376097e-05,5.339054041542112827e-06,-2.249114913865923882e-06,-2.458862066268920898e-01
6.654024124145507812e-02,2.593221142888069153e-04,-2.538354601711034775e-05,7.697803084738552570e-06,-3.541354089975357056e-06,-4.435665011405944824e-01
6.514300405979156494e-02,2.249355893582105637e-04,-2.532341022742912173e-05,1.082153175957500935e-06,-2.047454472631216049e-08,-1.710923016071319580e-02
7.665991038084030151e-02,-3.592389635741710663e-03,2.196692489087581635e-02,4.077228368259966373e-06,-2.173328539356589317e-06,-2.000100910663604736e-02
7.226078957319259644e-02,1.414814963936805725e-03,-5.058991519035771489e-07,1.076991611625999212e-05,-6.164817023091018200e-06,-8.813253045082092285e-01
6.783272325992584229e-02,1.161064486950635910e-03,-9.268605936085805297e-07,1.616425288375467062e-05,-6.758913514204323292e-06,-4.830988883972167969e+00
5.294726788997650146e-02,-7.520779035985469818e-05,-2.479850991221610457e-05,1.551941386424005032e-05,-5.929265171289443970e-06,-5.367319583892822266e+00
5.276019871234893799e-02,-7.981201633810997009e-05,-2.479045724612660706e-05,1.783417246770113707e-05,-6.788715836592018604e-06,-6.631187438964843750e+00
4.878489673137664795e-02,-1.776460558176040649e-04,-2.461936310282908380e-05,1.827221421990543604e-05,-7.044916856102645397e-06,-7.055684089660644531e+00
4.295124113559722900e-02,-3.212154842913150787e-04,-2.436828435747884214e-05,1.777913712430745363e-05,-7.139882654882967472e-06,-6.806292057037353516e+00
3.009963780641555786e-02,-6.375003140419721603e-04,-2.381515514571219683e-05,2.296762249898165464e-05,-1.015282759908586740e-05,-8.350168228149414062e+00
1.929283142089843750e-02,-9.034613613039255142e-04,-2.335003591724671423e-05,2.514632069505751133e-05,-1.163889828603714705e-05,-9.820138931274414062e+00
3.143057227134704590e-02,-6.047452334314584732e-04,-2.387243876000866294e-05,1.914262247737497091e-05,-7.688140613026916981e-06,-7.605268478393554688e+00
3.432630747556686401e-02,-5.334797315299510956e-04,-2.399707045697141439e-05,2.171473170164972544e-05,-9.437178960070014000e-06,-7.941074848175048828e+00
5.350039899349212646e-02,-6.159511394798755646e-05,-2.482231502654030919e-05,8.303584763780236244e-06,-1.700056600384414196e-06,-4.846206188201904297e+00
5.312329530715942383e-02,-7.087597623467445374e-05,-2.480608600308187306e-05,1.314697146881371737e-05,-4.234738298691809177e-06,-5.510795116424560547e+00
6.335555016994476318e-02,-3.602039301767945290e-03,2.098752558231353760e-02,1.594058994669467211e-05,-5.661553586833178997e-06,-6.251152038574218750e+00
3.593805432319641113e-02,-4.938137717545032501e-04,-2.406643943686503917e-05,2.260584733448922634e-05,-1.009230618365108967e-05,-8.000516891479492188e+00
4.606121778488159180e-02,-2.446772996336221695e-04,-2.450213651172816753e-05,1.615211658645421267e-05,-5.953566869720816612e-06,-6.541898250579833984e+00
4.792577028274536133e-02,-1.987896393984556198e-04,-2.458238668623380363e-05,9.753101039677858353e-06,-1.794047420844435692e-06,-5.498339176177978516e+00
6.310801208019256592e-02,1.748532522469758987e-04,-2.523582406865898520e-05,6.617163307964801788e-06,-9.965733624994754791e-07,-3.336766719818115234e+00
7.255045324563980103e-02,-3.595370100811123848e-03,2.166440710425376892e-02,7.460184860974550247e-06,-1.426771632395684719e-06,-3.657534599304199219e+00
5.996233224868774414e-02,9.743636474013328552e-05,-2.510043486836366355e-05,4.222631105221807957e-06,7.631460903212428093e-07,-3.112806081771850586e+00
6.182482838630676270e-02,1.432735007256269455e-04,-2.518059591238852590e-05,5.360008799470961094e-06,-3.723107511177659035e-07,-2.522554636001586914e+00
6.446661055088043213e-02,2.082888968288898468e-04,-2.529429730202537030e-05,5.442081601358950138e-06,-4.225294105708599091e-07,-3.119476795196533203e+00
6.571789085865020752e-02,2.390835434198379517e-04,-2.534815212129615247e-05,5.589681677520275116e-07,2.917120582424104214e-06,-2.914188623428344727e+00
5.529014766216278076e-02,-1.754844561219215393e-05,-2.489934558980166912e-05,4.950081347487866879e-06,-1.092746970243752003e-06,-2.128250598907470703e+00
5.894325673580169678e-02,7.235631346702575684e-05,-2.505657357687596232e-05,6.572197889909148216e-06,-1.803651684895157814e-06,-2.647180795669555664e+00
5.471764504909515381e-02,-3.163819201290607452e-05,-2.487470555934123695e-05,1.190774491988122463e-05,-4.982241080142557621e-06,-3.457483768463134766e+00
6.188204884529113770e-02,1.446814276278018951e-04,-2.518305882404092699e-05,5.619673174805939198e-06,-6.376503733918070793e-07,-2.615623950958251953e+00
5.636841058731079102e-02,8.988194167613983154e-06,-2.494575346645433456e-05,1.233913644682615995e-05,-6.296380888670682907e-06,-2.437595844268798828e+00
6.032781302928924561e-02,1.064310781657695770e-04,-2.511616548872552812e-05,9.036550181917846203e-06,-2.392174792475998402e-06,-3.713049650192260742e+00
6.270591914653778076e-02,1.649574842303991318e-04,-2.521851820347364992e-05,5.428824806585907936e-06,-3.813620423898100853e-07,-2.971065759658813477e+00
5.831569433212280273e-02,5.691172555088996887e-05,-2.502956340322270989e-05,8.718823664821684361e-06,-2.969143679365515709e-06,-2.785194396972656250e+00
5.838721990585327148e-02,5.867192521691322327e-05,-2.503264295228291303e-05,1.028116093948483467e-05,-3.984358045272529125e-06,-3.321738719940185547e+00
5.703550577163696289e-02,2.540554851293563843e-05,-2.497446621418930590e-05,6.635455065406858921e-06,-1.280437572859227657e-06,-3.190824270248413086e+00
5.142804980278015137e-02,-1.125968992710113525e-04,-2.473312270012684166e-05,7.302369340322911739e-06,-1.695865648798644543e-06,-2.967406272888183594e+00
4.193344712257385254e-02,-3.462641034275293350e-04,-2.432447945466265082e-05,6.196045433171093464e-06,-1.463195076212286949e-06,-2.290514707565307617e+00
1.966418325901031494e-02,-8.943222928792238235e-04,-2.336601755814626813e-05,8.887873264029622078e-07,9.635987225919961929e-07,-6.622404456138610840e-01
2.302446216344833374e-02,-8.116238750517368317e-04,-2.351064358663279563e-05,-3.767185262404382229e-06,2.956585376523435116e-06,-1.029677689075469971e-02
2.925305813550949097e-02,-6.583349313586950302e-04,-2.377872078795917332e-05,-1.336753484793007374e-06,1.431821146979928017e-06,-1.357422769069671631e-02
3.943771868944168091e-02,-4.076852928847074509e-04,-2.421706267341505736e-05,6.531234248541295528e-06,-2.923246938735246658e-06,-1.491091012954711914e+00
5.138461291790008545e-02,-1.136655919253826141e-04,-2.473125277901999652e-05,5.437323125079274178e-06,-7.447233656421303749e-07,-3.438226222991943359e+00
5.608966946601867676e-02,2.128072082996368408e-06,-2.493375723133794963e-05,1.238126424141228199e-05,-3.951863618567585945e-06,-4.780496597290039062e+00
4.812812805175781250e-02,-1.938096247613430023e-04,-2.459109600749798119e-05,1.201595296151936054e-05,-3.513705451041460037e-06,-5.309395790100097656e+00
4.979839920997619629e-02,-1.527033746242523193e-04,-2.466298246872611344e-05,1.333023828919976950e-05,-4.342931788414716721e-06,-5.684891700744628906e+00
6.265645474195480347e-02,8.644387125968933105e-04,-1.418950887455139309e-06,5.419933586381375790e-06,-6.878690328449010849e-08,-3.459526300430297852e+00
6.064863502979278564e-02,1.143265981227159500e-04,-2.512997343728784472e-05,7.249531336128711700e-06,-3.909692168235778809e-06,-4.264838099479675293e-01
7.971247285604476929e-02,1.841833349317312241e-03,2.025071808020584285e-07,1.793814590200781822e-07,-1.341686584055423737e-07,5.830312371253967285e-01
6.380595266819000244e-02,1.920301001518964767e-04,-2.526586285966914147e-05,-1.148655428551137447e-06,3.900204319506883621e-07,9.497124552726745605e-01
6.190927326679229736e-02,-3.603088203817605972e-03,2.088105678558349609e-02,3.487904905341565609e-06,-2.325992682017385960e-06,4.210047125816345215e-01
3.025498986244201660e-02,-6.336770020425319672e-04,-2.382184175075963140e-05,-1.914988388307392597e-06,1.173146301880478859e-06,3.217098116874694824e-01
5.291055887937545776e-02,-3.609614912420511246e-03,2.021861821413040161e-02,1.235763193108141422e-06,-7.073249435052275658e-07,-1.421071588993072510e-02
3.354872763156890869e-02,-5.526163149625062943e-04,-2.396360287093557417e-05,1.051332219503819942e-06,-2.357264747843146324e-07,-1.608531177043914795e-02
5.527576059103012085e-02,-3.607899416238069534e-03,2.039273083209991455e-02,2.851447788998484612e-07,8.192728273570537567e-09,1.780168712139129639e-02
5.964849889278411865e-02,8.971290662884712219e-05,-2.508692705305293202e-05,-1.389751560054719448e-06,1.148742740042507648e-06,6.733818352222442627e-02
7.453728467226028442e-02,-3.593929111957550049e-03,2.181066758930683136e-02,1.664942828938364983e-06,-8.062779670581221581e-07,-1.613537967205047607e-02
7.625767588615417480e-02,1.643856521695852280e-03,-1.259286364074796438e-07,1.295848051086068153e-06,3.866734914481639862e-07,-2.646050453186035156e-01
7.016786932945251465e-02,3.485998604446649551e-04,-2.553967715357430279e-05,1.631036866456270218e-06,-6.171903805807232857e-07,5.293281376361846924e-02
7.123227417469024658e-02,3.747954033315181732e-04,-2.558548840170260519e-05,1.833730493672192097e-06,-3.743916749954223633e-07,-1.861514151096343994e-02
8.163256198167800903e-02,-3.588782856240868568e-03,2.233298681676387787e-02,2.502158167771995068e-06,-3.323366399854421616e-07,-2.473637908697128296e-01
7.840654999017715454e-02,-3.591122804209589958e-03,2.209550514817237854e-02,3.325912985019385815e-06,-1.768727088347077370e-06,-1.870851218700408936e-02
6.902687251567840576e-02,3.205195534974336624e-04,-2.549056807765737176e-05,1.012958819046616554e-06,-2.558517735451459885e-07,4.301528632640838623e-02
7.814773172140121460e-02,-3.591310465708374977e-03,2.207645028829574585e-02,4.252899088896811008e-06,-2.469023456797003746e-06,-7.712896168231964111e-02
7.393268495798110962e-02,-3.594367764890193939e-03,2.176615968346595764e-02,6.548871169798076153e-06,-1.542299287393689156e-06,-2.309163331985473633e+00
7.170745730400085449e-02,1.383106224238872528e-03,-5.585025064647197723e-07,1.083147071767598391e-05,-4.282177542336285114e-06,-3.103860616683959961e+00
5.139976739883422852e-02,-1.132928300648927689e-04,-2.473190579621586949e-05,1.036903995554894209e-05,-2.463944838382303715e-06,-5.112658977508544922e+00
5.910156667232513428e-02,7.625226862728595734e-05,-2.506338751118164510e-05,6.882793968543410301e-06,-4.021276254206895828e-07,-4.283039093017578125e+00
6.984281539916992188e-02,1.276252791285514832e-03,-7.357675713137723505e-07,5.407826392911374569e-06,1.468142727389931679e-07,-3.659594297409057617e+00
5.256414413452148438e-02,-8.463696576654911041e-05,-2.478201895428355783e-05,7.759808795526623726e-06,-1.511391019448637962e-06,-4.409211635589599609e+00
5.187578499317169189e-02,-1.015779562294483185e-04,-2.475239307386800647e-05,4.145636921748518944e-06,1.452863216400146484e-07,-2.339166879653930664e+00
5.995957553386688232e-02,9.736861102283000946e-05,-2.510031663405243307e-05,4.311528755351901054e-06,2.842862159013748169e-07,-2.146691322326660156e+00
6.427893042564392090e-02,2.036700025200843811e-04,-2.528621917008422315e-05,1.293927198275923729e-06,2.630156814120709896e-06,-2.218625068664550781e+00
4.512399435043334961e-02,-2.677429001778364182e-04,-2.446179860271513462e-05,1.597394293639808893e-05,-7.860144251026213169e-06,-3.810410261154174805e+00
3.667285293340682983e-02,-4.757300484925508499e-04,-2.409806438663508743e-05,1.701975998003035784e-05,-6.597896572202444077e-06,-7.456961631774902344e+00
3.112863004207611084e-02,-6.121762562543153763e-04,-2.385944389970973134e-05,1.170560426544398069e-05,-3.539607860147953033e-06,-6.688945770263671875e+00
6.254833191633224487e-02,8.582426235079765320e-04,-1.429229996574576944e-06,7.154580089263617992e-06,-5.243782652541995049e-07,-5.504313468933105469e+00
4.983910918235778809e-02,-1.517015043646097183e-04,-2.466473597451113164e-05,9.060619049705564976e-06,-2.474160282872617245e-06,-4.750161170959472656e+00
5.826216936111450195e-02,5.559436976909637451e-05,-2.502726056263782084e-05,8.083807188086211681e-06,-2.078581019304692745e-06,-3.092066287994384766e+00
7.237661629915237427e-02,1.421452499926090240e-03,-4.948878995492123067e-07,7.537208148278295994e-06,-3.263368853367865086e-06,-1.082155108451843262e+00
5.822305381298065186e-02,5.463184788823127747e-05,-2.502557617845013738e-05,6.024347385391592979e-06,-1.600055838935077190e-06,-1.260858416557312012e+00
6.158934533596038818e-02,1.374778803437948227e-04,-2.517046050343196839e-05,5.560592398978769779e-06,-1.320411683991551399e-06,-1.357151627540588379e+00
7.184892147779464722e-02,1.391212921589612961e-03,-5.450538083096034825e-07,4.190122126601636410e-06,-7.808557711541652679e-08,-1.570478320121765137e+00
4.362951219081878662e-02,-3.045229241251945496e-04,-2.439747731841634959e-05,1.427291135769337416e-05,-7.440277840942144394e-06,-3.014484405517578125e+00
3.653398156166076660e-02,-4.791475366801023483e-04,-2.409208718745503575e-05,1.060763315763324499e-05,-2.658925950527191162e-06,-6.239665031433105469e+00
1.819572597742080688e-02,-9.304617997258901596e-04,-2.330281677132006735e-05,1.464426168240606785e-05,-4.908753908239305019e-06,-8.160699844360351562e+00
8.742749691009521484e-03,-1.163104549050331116e-03,-2.289596341142896563e-05,1.257915573660284281e-05,-3.280671080574393272e-06,-9.207477569580078125e+00
4.142698645591735840e-02,-3.587282262742519379e-04,-2.430268068565055728e-05,1.159701787400990725e-05,-3.658336936496198177e-06,-5.493577003479003906e+00
5.528332293033599854e-02,-1.771654933691024780e-05,-2.489905091351829469e-05,1.161920954473316669e-05,-4.822490154765546322e-06,-3.424367189407348633e+00
5.735237896442413330e-02,3.320397809147834778e-05,-2.498810317774768919e-05,1.213919313158839941e-05,-4.400397301651537418e-06,-3.865075826644897461e+00
5.891384184360504150e-02,7.163221016526222229e-05,-2.505530756025109440e-05,9.205628884956240654e-06,-2.202534233219921589e-06,-3.838888168334960938e+00
5.445201694965362549e-02,-3.817561082541942596e-05,-2.486327321093995124e-05,8.385657565668225288e-06,-2.910819603130221367e-06,-2.649526596069335938e+00
6.651923060417175293e-02,1.085794996470212936e-03,-1.051729668688494712e-06,1.539954973850399256e-05,-7.250913768075406551e-06,-4.246845722198486328e+00
2.769780158996582031e-02,-6.966106593608856201e-04,-2.371178197790868580e-05,8.059345418587327003e-06,-1.957683707587420940e-06,-5.140562534332275391e+00
5.668898671865463257e-02,5.224728956818580627e-04,-1.986257302633021027e-06,1.157296355813741684e-05,-4.814355634152889252e-06,-4.005911827087402344e+00
3.617145866155624390e-02,-4.880696069449186325e-04,-2.407648571534082294e-05,6.496746209450066090e-06,-1.828317181207239628e-06,-2.087281942367553711e+00
2.464661002159118652e-02,-7.717020343989133835e-04,-2.358046003791969270e-05,-7.559865480288863182e-07,8.582283044233918190e-07,-5.690291523933410645e-03
2.399028092622756958e-02,-7.878546603024005890e-04,-2.355221113248262554e-05,-1.652078935876488686e-06,1.737440470606088638e-06,-1.360039412975311279e-02
1.958924531936645508e-02,-8.961665444076061249e-04,-2.336279248993378133e-05,-2.128974301740527153e-06,2.057800884358584881e-06,-1.304604113101959229e-02
4.738321155309677124e-02,-1.079426147043704987e-05,-2.870925982279004529e-06,-2.083150320686399937e-06,1.989756128750741482e-06,-1.294319331645965576e-02
1.944677531719207764e-02,-8.996727410703897476e-04,-2.335666067665442824e-05,-2.212022081948816776e-06,2.047643647529184818e-06,-1.267330348491668701e-02
2.126483619213104248e-02,-8.549292106181383133e-04,-2.343490996281616390e-05,-4.694302333518862724e-07,8.549832273274660110e-07,-1.460666954517364502e-02
6.414934992790222168e-03,-1.220392994582653046e-03,-2.279577529407106340e-05,-2.332424628548324108e-06,1.812804839573800564e-06,-1.121108233928680420e-02
2.346880733966827393e-03,-1.320510171353816986e-03,-2.262068846903275698e-05,-6.262111128307878971e-06,4.480127245187759399e-06,-6.757929921150207520e-03
2.242250740528106689e-02,-8.264384232461452484e-04,-2.348473572055809200e-05,-2.995133399963378906e-06,2.221247996203601360e-06,-1.028688251972198486e-02
2.064108103513717651e-02,-8.702802006155252457e-04,-2.340806349820923060e-05,-1.542575773783028126e-06,1.569045707583427429e-06,-1.333056390285491943e-02
2.036892622709274292e-02,-8.769780397415161133e-04,-2.339635102543979883e-05,-2.274944563396275043e-06,2.185974153690040112e-06,-1.300249993801116943e-02
2.170626819133758545e-02,-8.440655656158924103e-04,-2.345390748814679682e-05,-1.554799382574856281e-06,1.632142812013626099e-06,-1.354615390300750732e-02
