1.862779259681701660e-02,-9.198284242302179337e-04,-2.332141229999251664e-05,2.632441464811563492e-07,1.660519046708941460e-07,-1.463450491428375244e-02
2.063048630952835083e-02,-8.705409709364175797e-04,-2.340760693186894059e-05,8.067290764302015305e-07,-1.855951268225908279e-07,-1.532264053821563721e-02
2.016443759202957153e-02,-8.820106741040945053e-04,-2.338754893571604043e-05,1.333377440460026264e-06,-5.063775461167097092e-07,-1.607300341129302979e-02
2.326467633247375488e-02,-8.057123050093650818e-04,-2.352098090341314673e-05,2.828048309311270714e-06,-1.468855771236121655e-06,-1.798485219478607178e-02
4.781097173690795898e-02,1.371838152408599854e-05,-2.830260200425982475e-06,9.287468856200575829e-07,-2.490996848791837692e-07,-1.554177701473236084e-02
2.237462997436523438e-02,-8.276165463030338287e-04,-2.348267480556387454e-05,1.905413228087127209e-06,-9.282375685870647430e-07,-1.658071577548980713e-02
2.048383653163909912e-02,-8.741500787436962128e-04,-2.340129503863863647e-05,1.410822733305394650e-06,-6.740592652931809425e-07,-1.567877829074859619e-02
1.955438405275344849e-02,-8.970242924988269806e-04,-2.336129182367585599e-05,1.162916305474936962e-06,-4.365138011053204536e-07,-1.568801701068878174e-02
3.915351629257202148e-02,-3.619593102484941483e-03,1.920589432120323181e-02,2.144573954865336418e-06,-1.088206772692501545e-06,-1.686154305934906006e-02
2.656240761280059814e-02,-7.245533633977174759e-04,-2.366291482758242637e-05,3.655775799416005611e-06,-2.157452399842441082e-06,-1.839186251163482666e-02
5.535357445478439331e-02,4.459470510482788086e-04,-2.113210484822047874e-06,4.483430529944598675e-06,-2.752873115241527557e-06,-1.918892562389373779e-02
2.632197737693786621e-02,-7.304705213755369186e-04,-2.365256659686565399e-05,4.631336196325719357e-06,-2.707834937609732151e-06,-1.996560394763946533e-02
2.754688262939453125e-02,-7.003250066190958023e-04,-2.370528636674862355e-05,4.409768735058605671e-06,-2.554923412390053272e-06,-1.972506940364837646e-02
2.969841659069061279e-02,-6.473744288086891174e-04,-2.379788747930433601e-05,3.723849658854305744e-06,-2.027503796853125095e-06,-1.920680701732635498e-02
3.419985622167587280e-02,-5.365917459130287170e-04,-2.399162804067600518e-05,4.344110493548214436e-06,-2.553017111495137215e-06,-1.947201788425445557e-02
3.941918164491653442e-02,-4.081414081156253815e-04,-2.421626595605630428e-05,7.001814083196222782e-06,-4.216009983792901039e-06,-2.307407557964324951e-02
3.917110711336135864e-02,-4.142466932535171509e-04,-2.420558848825749010e-05,5.459631211124360561e-06,-3.208202542737126350e-06,-2.116324007511138916e-02
5.703662335872650146e-02,-3.606622340157628059e-03,2.052235603332519531e-02,4.016808816231787205e-06,-2.298649633303284645e-06,1.210384070873260498e-02
4.919703304767608643e-02,-1.675034873187541962e-04,-2.463710006850305945e-05,3.060151357203722000e-06,-1.849417458288371563e-06,3.326544761657714844e-01
6.423103064298629761e-02,9.546694345772266388e-04,-1.269260792469140142e-06,2.966713509522378445e-06,-2.771485014818608761e-06,1.037875175476074219e+00
4.874323308467864990e-02,-1.786716748028993607e-04,-2.461756957927718759e-05,5.596870323643088341e-06,-4.911285941489040852e-06,1.415497422218322754e+00
5.250886082649230957e-02,-8.599739521741867065e-05,-2.477963971614371985e-05,5.232723196968436241e-07,-1.575725036673247814e-06,1.614190816879272461e+00
5.550549924373626709e-02,-1.224852167069911957e-05,-2.490861515980213881e-05,-2.119864802807569504e-06,4.579778760671615601e-07,1.267868399620056152e+00
5.003865063190460205e-02,-1.467906404286623001e-04,-2.467332342348527163e-05,-3.762979758903384209e-07,-9.895884431898593903e-07,1.547963142395019531e+00
6.379665434360504150e-02,1.918012276291847229e-04,-2.526546268200036138e-05,-1.350519596599042416e-06,-1.086169504560530186e-06,2.155503034591674805e+00
6.266623735427856445e-02,1.639807596802711487e-04,-2.521681017242372036e-05,8.936476660892367363e-07,-3.206718247383832932e-06,2.820714235305786133e+00
7.812985777854919434e-02,1.751142088323831558e-03,5.205311026657000184e-08,6.680929800495505333e-07,-2.686458174139261246e-06,2.190459728240966797e+00
6.346386671066284180e-02,1.836109440773725510e-04,-2.525113995943684131e-05,-1.374530256725847721e-06,-1.450564013794064522e-06,2.700921535491943359e+00
5.857495963573455811e-02,6.329221650958061218e-05,-2.504072290321346372e-05,2.090309862978756428e-06,-3.572771674953401089e-06,2.357094526290893555e+00
6.465087831020355225e-02,2.128239721059799194e-04,-2.530222809582483023e-05,1.612657797522842884e-06,-3.914814442396163940e-06,2.988914966583251953e+00
4.844835400581359863e-02,-1.859285403043031693e-04,-2.460487849020864815e-05,-4.288478521630167961e-06,3.096938598901033401e-07,2.774320602416992188e+00
7.324120402336120605e-02,4.242362920194864273e-04,-2.567195224401075393e-05,-2.279179170727729797e-06,-1.440203050151467323e-06,3.158003807067871094e+00
6.408175826072692871e-02,1.988178119063377380e-04,-2.527773358451668173e-05,-2.769040293060243130e-06,-2.746382961049675941e-07,2.394881725311279297e+00
8.108143508434295654e-02,1.920281909406185150e-03,3.326495061628520489e-07,-1.856577000580728054e-06,-7.905036909505724907e-07,2.583682537078857422e+00
7.565980404615402222e-02,1.609595026820898056e-03,-1.827665983000770211e-07,6.060581654310226440e-07,-1.973705366253852844e-06,2.070234298706054688e+00
7.341814786195755005e-02,1.481137238442897797e-03,-3.958730303565971553e-07,-1.873049768619239330e-06,-2.682209014892578125e-07,1.912843823432922363e+00
7.323311269283294678e-02,1.470534130930900574e-03,-4.134635673835873604e-07,3.113818820565938950e-07,-1.573818735778331757e-06,1.610641360282897949e+00
7.476121187210083008e-02,4.616444930434226990e-04,-2.573737219790928066e-05,3.642911906354129314e-06,-5.151363438926637173e-06,3.092205762863159180e+00
7.060800492763519287e-02,3.594318404793739319e-04,-2.555862010922282934e-05,2.516593667678534985e-06,-4.592395271174609661e-06,3.376057624816894531e+00
7.115238904953002930e-02,3.728293813765048981e-04,-2.558205051172990352e-05,-2.548127667978405952e-06,-3.503737389110028744e-06,4.869796276092529297e+00
5.470298230648040771e-02,-3.199884667992591858e-05,-2.487407437001820654e-05,3.967361408285796642e-06,-6.622765795327723026e-06,4.340731620788574219e+00
7.653061300516128540e-02,-3.592483466491103172e-03,2.195740491151809692e-02,-2.123779268004000187e-06,-4.631685442291200161e-06,5.067065715789794922e+00
6.865823268890380859e-02,3.114468418061733246e-04,-2.547470285207964480e-05,1.276348484680056572e-07,-3.652850864455103874e-06,3.907210588455200195e+00
5.466030538082122803e-02,-3.304914571344852448e-05,-2.487223900971002877e-05,-3.073655534535646439e-07,-3.482389729470014572e-06,4.053726673126220703e+00
7.441373169422149658e-02,4.530930891633033752e-04,-2.572241646703332663e-05,-4.472429282031953335e-06,-1.336156856268644333e-07,3.383826732635498047e+00
6.785872578620910645e-02,2.917707897722721100e-04,-2.544029302953276783e-05,-2.214088453911244869e-06,-1.404710928909480572e-06,3.497078895568847656e+00
6.377890706062316895e-02,1.913644373416900635e-04,-2.526469870645087212e-05,4.818386514671146870e-06,-5.108740879222750664e-06,2.368809938430786133e+00
5.426402390003204346e-02,-4.280218854546546936e-05,-2.485518052708357573e-05,-2.347951522096991539e-07,-1.989959855563938618e-06,2.462699890136718750e+00
5.876088142395019531e-02,6.786780431866645813e-05,-2.504872463759966195e-05,7.788767106831073761e-07,-3.093533450737595558e-06,2.825089216232299805e+00
7.828519493341445923e-02,1.760043203830718994e-03,6.682057573925703764e-08,9.148789104074239731e-08,-2.814442268572747707e-06,3.205689668655395508e+00
6.864432990550994873e-02,3.111045807600021362e-04,-2.547410440456587821e-05,5.323236109688878059e-07,-2.040513209067285061e-06,2.444761753082275391e+00
5.600580573081970215e-02,6.426125764846801758e-08,-2.493014835636131465e-05,7.951457519084215164e-07,-1.851600245572626591e-06,1.680275797843933105e+00
4.586321115493774414e-02,-2.495504450052976608e-04,-2.449361454637255520e-05,2.451546606607735157e-06,-1.037697074934840202e-06,-1.101140677928924561e-02
5.556006729602813721e-02,-1.090555451810359955e-05,-2.491096347512211651e-05,4.902161890640854836e-06,-3.238048520870506763e-06,2.943904995918273926e-01
4.657532274723052979e-02,-2.320250496268272400e-04,-2.452426269883289933e-05,3.809138434007763863e-06,-2.132728695869445801e-06,1.532980054616928101e-01
5.594213306903839111e-02,-1.502921804785728455e-06,-2.492740713933017105e-05,3.828681656159460545e-06,-2.052256604656577110e-06,-5.931481719017028809e-03
5.279754102230072021e-02,-7.889280095696449280e-05,-2.479206523275934160e-05,4.785208147950470448e-06,-2.713131834752857685e-06,9.267644584178924561e-02
5.560790002346038818e-02,-9.728595614433288574e-06,-2.491302075213752687e-05,3.914174158126115799e-06,-2.178494469262659550e-06,1.166165918111801147e-01
7.233506441116333008e-02,1.419071108102798462e-03,-4.988378350390121341e-07,3.240755177102982998e-06,-1.628533937036991119e-06,3.347007930278778076e-02
7.012262940406799316e-02,1.292287837713956833e-03,-7.091666702763177454e-07,2.038446837104856968e-06,-1.040330971591174603e-06,2.235472351312637329e-01
6.332604587078094482e-02,1.802190672606229782e-04,-2.524520823499187827e-05,2.942484570667147636e-06,-1.866996171884238720e-06,3.500717878341674805e-01
7.300448417663574219e-02,1.457432284951210022e-03,-4.351986717665567994e-07,2.791624865494668484e-06,-1.648237230256199837e-06,3.776207566261291504e-01
5.593630671501159668e-02,-1.646112650632858276e-06,-2.492715611879248172e-05,1.480264472775161266e-06,-6.275804480537772179e-07,3.458395004272460938e-01
6.885762512683868408e-02,-3.598048584535717964e-03,2.139256149530410767e-02,1.045336830429732800e-06,-3.537134034559130669e-07,2.908063530921936035e-01
6.133815646171569824e-02,1.312959939241409302e-04,-2.515965024940669537e-05,2.047294401563704014e-06,-1.015723682940006256e-06,2.919895052909851074e-01
6.281186640262603760e-02,1.675649546086788177e-04,-2.522307840990833938e-05,2.129687345586717129e-06,-1.042790245264768600e-06,1.343890577554702759e-01
5.618712306022644043e-02,4.526693373918533325e-06,-2.493795182090252638e-05,4.433139110915362835e-06,-2.606058842502534389e-06,1.119757145643234253e-01
5.993697047233581543e-02,9.681191295385360718e-05,-2.509934347472153604e-05,2.052780473604798317e-06,-9.666255209594964981e-07,2.649645209312438965e-01
5.986429750919342041e-02,9.502377361059188843e-05,-2.509621481294743717e-05,1.321794115938246250e-06,-3.277891664765775204e-06,2.900731801986694336e+00
7.507389783859252930e-02,4.693395458161830902e-04,-2.575083090050611645e-05,-2.485918230377137661e-06,-3.450768417678773403e-06,4.955407619476318359e+00
8.224444836378097534e-02,1.986928284168243408e-03,4.432131390785798430e-07,-2.675355062820017338e-06,-1.711581717245280743e-06,4.043784141540527344e+00
7.795147597789764404e-02,5.401582457125186920e-04,-2.587468043202534318e-05,-3.835899406112730503e-06,-1.328065991401672363e-06,4.032670974731445312e+00
6.151881814002990723e-02,1.357423607259988785e-04,-2.516742461011745036e-05,-2.034590579569339752e-06,-3.089531674049794674e-06,4.400780200958251953e+00
5.041038990020751953e-02,-1.376417931169271469e-04,-2.468932325427886099e-05,-9.534996934235095978e-07,-4.362387699075043201e-06,4.659651756286621094e+00
6.579011678695678711e-02,2.408612053841352463e-04,-2.535126077418681234e-05,-3.349865437485277653e-06,-1.399952452629804611e-06,3.872938156127929688e+00
5.977424979209899902e-02,9.280745871365070343e-05,-2.509234036551788449e-05,-1.294407411478459835e-06,-3.496985300444066525e-06,4.238398075103759766e+00
5.696903169155120850e-02,2.376944757997989655e-05,-2.497160312486812472e-05,-3.918408765457570553e-06,-1.784384949132800102e-06,4.373055458068847656e+00
8.298499137163162231e-02,-3.587801940739154816e-03,2.243254519999027252e-02,-5.703419446945190430e-06,5.101901479065418243e-08,3.785635471343994141e+00
6.445606052875518799e-02,2.080292906612157822e-04,-2.529384255467448384e-05,-6.468486390076577663e-06,2.961183781735599041e-06,1.755926251411437988e+00
6.401503086090087891e-02,1.971754245460033417e-04,-2.527486140024848282e-05,-4.891975549980998039e-06,1.797612640075385571e-06,1.565540552139282227e+00
6.106182932853698730e-02,1.244954764842987061e-04,-2.514775587769690901e-05,-3.096458385698497295e-06,8.016941137611865997e-07,1.442269086837768555e+00
6.802348792552947998e-02,2.958255354315042496e-04,-2.544738345022778958e-05,-4.615954821929335594e-06,1.980064553208649158e-06,1.388195037841796875e+00
7.550002634525299072e-02,1.600439660251140594e-03,-1.979551598196849227e-07,-3.985405783168971539e-06,1.959051587618887424e-06,1.388100862503051758e+00
6.600866466760635376e-02,-3.600114956498146057e-03,2.118283323943614960e-02,1.950815203599631786e-06,-2.691391273401677608e-06,1.444238305091857910e+00
7.193692028522491455e-02,3.921373281627893448e-04,-2.561581641202792525e-05,-3.937355359084904194e-06,-1.543303369544446468e-06,4.383484840393066406e+00
6.321512162685394287e-02,1.774891279637813568e-04,-2.524043338780757040e-05,6.914851837791502476e-06,-8.026865543797612190e-06,3.789329051971435547e+00
6.627601385116577148e-02,2.528193872421979904e-04,-2.537217369535937905e-05,-2.889268216677010059e-06,-2.334316377528011799e-06,4.671392917633056641e+00
5.760905146598815918e-02,3.952090628445148468e-05,-2.499914990039542317e-05,-2.354456228204071522e-06,-3.632216248661279678e-06,4.774823665618896484e+00
5.671776831150054932e-02,1.758593134582042694e-05,-2.496079105185344815e-05,-4.717134288512170315e-06,-2.718763425946235657e-06,5.089920997619628906e+00
6.482116878032684326e-02,2.170146908611059189e-04,-2.530955680413171649e-05,-3.963141352869570255e-06,-2.342945663258433342e-06,4.798570156097412109e+00
7.276974618434906006e-02,4.126336425542831421e-04,-2.565166141721419990e-05,-2.349173882976174355e-06,-2.593485987745225430e-06,4.229420185089111328e+00
6.818525493144989014e-02,2.998067066073417664e-04,-2.545434654166456312e-05,3.647292032837867737e-07,-4.090688889846205711e-06,4.477647304534912109e+00
7.278588414192199707e-02,1.444905530661344528e-03,-4.559797162073664367e-07,-6.859612767584621906e-06,-8.448841981589794159e-07,5.016519546508789062e+00
5.522656440734863281e-02,-1.911330036818981171e-05,-2.489660982973873615e-05,-2.728367689996957779e-06,-3.266934072598814964e-06,4.930285453796386719e+00
6.127557158470153809e-02,1.297555863857269287e-04,-2.515695632610004395e-05,-1.173073542304337025e-06,-3.583816578611731529e-06,4.148256778717041016e+00
4.418516159057617188e-02,-2.908480819314718246e-04,-2.442139157210476696e-05,-6.974863936193287373e-06,-4.791363608092069626e-07,4.766294956207275391e+00
4.382213950157165527e-02,-2.997822593897581100e-04,-2.440576645312830806e-05,4.383604391478002071e-06,-7.939364877529442310e-06,4.462171554565429688e+00
5.801728367805480957e-02,4.956778138875961304e-05,-2.501672133803367615e-05,-3.664463292807340622e-07,-5.941401468589901924e-06,5.542159557342529297e+00
4.474206268787384033e-02,-2.771422732621431351e-04,-2.444536039547529072e-05,-2.068554749712347984e-07,-4.916451871395111084e-06,4.627721309661865234e+00
7.042382657527923584e-02,-3.596912603825330734e-03,2.150785550475120544e-02,-1.073932799044996500e-05,-1.107604475691914558e-06,6.645143985748291016e+00
5.327256023883819580e-02,-6.720260716974735260e-05,-2.481250885466579348e-05,-3.391949576325714588e-06,-3.428533091209828854e-06,5.198749542236328125e+00
5.272562801837921143e-02,-8.066277951002120972e-05,-2.478896931279450655e-05,-4.431407433003187180e-06,-2.341766958124935627e-06,4.949843406677246094e+00
7.757442444562911987e-02,-3.591726301237940788e-03,2.203424647450447083e-02,-8.349787094630300999e-06,-2.560991561040282249e-06,7.090106487274169922e+00
6.208172440528869629e-02,1.495957840234041214e-04,-2.519165354897268116e-05,-2.495740773156285286e-06,-2.869812306016683578e-06,4.697621822357177734e+00
4.862852394580841064e-02,-1.814945135265588760e-04,-2.461263284203596413e-05,-3.647539415396749973e-06,-3.388311597518622875e-06,4.999860286712646484e+00
7.573004812002182007e-02,1.613620668649673462e-03,-1.760890881996601820e-07,-1.577907823957502842e-06,-3.072767867706716061e-06,4.490808963775634766e+00
6.877937912940979004e-02,3.144284710288047791e-04,-2.547991607571020722e-05,-1.403517671860754490e-06,-1.892927684821188450e-06,2.723161697387695312e+00
7.073999196290969849e-02,-3.596683265641331673e-03,2.153113111853599548e-02,4.604997229762375355e-06,-3.311055479571223259e-06,5.782637596130371094e-01
5.952820181846618652e-02,8.675223216414451599e-05,-2.508175020921044052e-05,4.052868462167680264e-06,-2.793676685541868210e-06,6.687268018722534180e-01
6.171828508377075195e-02,1.406511291861534119e-04,-2.517601024010218680e-05,3.351698978804051876e-06,-2.435190253891050816e-06,7.164886593818664551e-01
6.781055033206939697e-02,2.905849833041429520e-04,-2.543821938161272556e-05,-5.654146661981940269e-07,1.691660145297646523e-07,7.168233990669250488e-01
4.063276946544647217e-02,-3.782743588089942932e-04,-2.426849823677912354e-05,3.841545549221336842e-06,-2.901346306316554546e-06,8.213323950767517090e-01
4.067279398441314697e-02,-3.772894851863384247e-04,-2.427022081974428147e-05,1.729538780637085438e-06,-1.259017153643071651e-06,6.021187901496887207e-01
5.341796576976776123e-02,-6.362376734614372253e-05,-2.481876799720339477e-05,2.445958671160042286e-06,-2.202810719609260559e-06,8.891052603721618652e-01
6.945040822029113770e-02,1.253766007721424103e-03,-7.730723154963925481e-07,4.041270585730671883e-06,-4.404151695780456066e-06,1.737374901771545410e+00
6.121325492858886719e-02,1.282219309359788895e-04,-2.515427331672981381e-05,1.017746399156749249e-06,-3.141845809295773506e-06,3.053969144821166992e+00
6.598132848739624023e-02,2.455669455230236053e-04,-2.535948988224845380e-05,-2.669199602678418159e-06,-2.743996446952223778e-06,4.288806915283203125e+00
6.560520827770233154e-02,2.363105304539203644e-04,-2.534330269554629922e-05,-2.567074261605739594e-06,-4.516667104326188564e-06,5.957887649536132812e+00
5.245864391326904297e-02,-8.723326027393341064e-05,-2.477747875673230737e-05,-3.884371835738420486e-06,-1.429041731171309948e-06,4.392752170562744141e+00
5.333538353443145752e-02,-6.565661169588565826e-05,-2.481521369190886617e-05,-2.981279976665973663e-06,-1.639884430915117264e-06,3.957826852798461914e+00
7.325322926044464111e-02,1.471686642616987228e-03,-4.115518095204606652e-07,-2.435015630908310413e-06,-1.952983438968658447e-06,3.918879270553588867e+00
4.509949684143066406e-02,-2.683456987142562866e-04,-2.446074358886107802e-05,-2.642496838234364986e-06,-1.474138116464018822e-06,3.427675008773803711e+00
5.376952886581420898e-02,-5.497154779732227325e-05,-2.483389835106208920e-05,-4.292043740861117840e-06,2.861779648810625076e-07,2.695086956024169922e+00
3.788077086210250854e-02,-4.460024647414684296e-04,-2.415005292277783155e-05,-1.435910235159099102e-06,4.119647201150655746e-07,9.913112521171569824e-01
3.948819637298583984e-02,-4.064429085701704025e-04,-2.421923636575229466e-05,-5.500623956322669983e-09,2.043234417214989662e-07,4.187484383583068848e-01
3.572774678468704224e-02,-4.989895969629287720e-04,-2.405738814559299499e-05,2.339409547857940197e-06,-1.270018401555716991e-06,1.962348371744155884e-01
2.895486354827880859e-02,-6.656735204160213470e-04,-2.376588599872775376e-05,3.700304660014808178e-06,-1.927706762216985226e-06,-1.953123509883880615e-02
4.251128435134887695e-02,-3.320430405437946320e-04,-2.434934867778792977e-05,7.302034646272659302e-06,-3.793044015765190125e-06,-4.118857383728027344e-01
3.536862134933471680e-02,-5.078278481960296631e-04,-2.404193037364166230e-05,7.009177352301776409e-06,-3.363209543749690056e-06,-7.788236737251281738e-01
5.732870101928710938e-02,5.591320805251598358e-04,-1.925441665662219748e-06,9.096562280319631100e-06,-4.512330633588135242e-06,-1.247143507003784180e+00
3.513798117637634277e-02,-5.135037936270236969e-04,-2.403200414846651256e-05,8.733259164728224277e-06,-4.200570401735603809e-06,-1.263636469841003418e+00
4.989028722047805786e-02,-3.611805615946650505e-03,1.999627985060214996e-02,8.351998985745012760e-06,-4.020432243123650551e-06,-9.905452132225036621e-01
4.096265137195587158e-02,-3.701555542647838593e-04,-2.428269726806320250e-05,9.224648238159716129e-06,-4.333385732024908066e-06,-1.180603384971618652e+00
4.532507061958312988e-02,-2.627943176776170731e-04,-2.447045335429720581e-05,7.540787919424474239e-06,-3.400593413971364498e-06,-8.772570490837097168e-01
5.444554984569549561e-02,-3.608501749113202095e-03,2.033161558210849762e-02,7.701804861426353455e-06,-3.714216290973126888e-06,-6.441451907157897949e-01
6.254809349775314331e-02,8.582291193306446075e-04,-1.429251824447419494e-06,7.659051334485411644e-06,-3.509805537760257721e-06,-7.704433798789978027e-01
4.411126673221588135e-02,-2.926667220890522003e-04,-2.441821197862736881e-05,8.266215445473790169e-06,-4.023124347440898418e-06,-6.882731318473815918e-01
3.386367112398147583e-02,-5.448653828352689743e-04,-2.397715797997079790e-05,6.899368599988520145e-06,-3.276334609836339951e-06,-7.237239480018615723e-01
6.075432151556015015e-02,7.554371841251850128e-04,-1.599779807293089107e-06,8.096743840724229813e-06,-3.728462615981698036e-06,-9.115352034568786621e-01
4.116268455982208252e-02,-3.652330487966537476e-04,-2.429130472592078149e-05,6.864240276627242565e-06,-3.852954250760376453e-06,-1.064938455820083618e-01
3.489796072244644165e-02,-5.194109398871660233e-04,-2.402167410764377564e-05,5.216454155743122101e-06,-2.808563294820487499e-06,-2.187009155750274658e-02
3.939810395240783691e-02,-4.086601547896862030e-04,-2.421535828034393489e-05,6.928763468749821186e-06,-4.128611180931329727e-06,-2.314968407154083252e-02
3.480841964483261108e-02,-5.216146819293498993e-04,-2.401781966909766197e-05,5.835623596794903278e-06,-3.009510692209005356e-06,-1.870111227035522461e-01
5.866769701242446899e-02,6.358628161251544952e-04,-1.798147877707378939e-06,6.197937182150781155e-06,-3.191642463207244873e-06,-3.501836657524108887e-01
3.893866389989852905e-02,-4.199671093374490738e-04,-2.419558404653798789e-05,8.237475412897765636e-06,-4.009212716482579708e-06,-1.013376235961914062e+00
3.883510082960128784e-02,-4.225159063935279846e-04,-2.419112752249930054e-05,8.433897164650261402e-06,-3.766384907066822052e-06,-1.206143975257873535e+00
4.473742842674255371e-02,-2.772565931081771851e-04,-2.444516030664090067e-05,8.101356797851622105e-06,-3.875291440635919571e-06,-9.368963837623596191e-01
4.708680510520935059e-02,-2.194370608776807785e-04,-2.454627792758401483e-05,8.032235200516879559e-06,-3.867331543006002903e-06,-8.098824620246887207e-01
5.084979534149169922e-02,-1.268282067030668259e-04,-2.470823528710752726e-05,7.653536158613860607e-06,-3.727589501067996025e-06,-5.922144055366516113e-01
6.628339737653732300e-02,1.072280574589967728e-03,-1.074149622581899166e-06,8.289571269415318966e-06,-3.897337592206895351e-06,-8.132460713386535645e-01
6.860221177339553833e-02,1.205160282552242279e-03,-8.537081157555803657e-07,7.148031727410852909e-06,-3.304026904515922070e-06,-5.453395247459411621e-01
5.621264874935150146e-02,5.154870450496673584e-06,-2.493905049050226808e-05,7.532085874117910862e-06,-3.022418241016566753e-06,-9.165608882904052734e-01
4.926544427871704102e-02,-1.658196561038494110e-04,-2.464004501234740019e-05,1.070489815901964903e-05,-5.449939635582268238e-06,-1.137458205223083496e+00
4.422956705093383789e-02,-2.897554077208042145e-04,-2.442330151097849011e-05,1.154925848823040724e-05,-6.218833732418715954e-06,-1.250573754310607910e+00
4.151551425457000732e-02,-3.565496299415826797e-04,-2.430648964946158230e-05,1.403813075739890337e-05,-7.896436727605760098e-06,-1.936430811882019043e+00
4.614704847335815430e-02,-2.425652928650379181e-04,-2.450582906021736562e-05,1.589913154020905495e-05,-9.074443369172513485e-06,-2.568188905715942383e+00
4.541648924350738525e-02,-2.605444751679897308e-04,-2.447438782837707549e-05,1.371109101455658674e-05,-6.640329957008361816e-06,-3.784678220748901367e+00
4.581843316555023193e-02,-2.506526652723550797e-04,-2.449168641760479659e-05,1.488202542532235384e-05,-7.427835953421890736e-06,-3.547000885009765625e+00
4.080151021480560303e-02,-3.741215914487838745e-04,-2.427575964247807860e-05,1.563200203236192465e-05,-8.005677955225110054e-06,-3.741558551788330078e+00
4.288253188133239746e-02,-3.229065332561731339e-04,-2.436532668070867658e-05,1.417513703927397728e-05,-6.730217137373983860e-06,-3.876959323883056641e+00
4.206150770187377930e-02,-3.431125078350305557e-04,-2.432999099255539477e-05,1.647164754103869200e-05,-8.687551598995923996e-06,-3.298452138900756836e+00
6.435510516166687012e-02,-3.601314267143607140e-03,2.106110751628875732e-02,8.143280865624547005e-06,-4.663947038352489471e-06,-1.542373150587081909e-01
4.928442835807800293e-02,-1.653523650020360947e-04,-2.464086173858959228e-05,7.702081347815692425e-06,-4.467234248295426369e-06,-5.328048765659332275e-02
5.591963231563568115e-02,-2.056825906038284302e-06,-2.492643761797808111e-05,6.581321940757334232e-06,-3.875073161907494068e-06,-2.283005416393280029e-02
6.016956269741058350e-02,1.025362871587276459e-04,-2.510935337340924889e-05,5.909925675950944424e-06,-3.477791324257850647e-06,-2.182455360889434814e-02
5.087916553020477295e-02,-1.261052675545215607e-04,-2.470949766575358808e-05,1.064038951881229877e-05,-5.292793503031134605e-06,-1.264753937721252441e+00
5.282641202211380005e-02,-3.609676146879792213e-03,2.021242305636405945e-02,1.520467048976570368e-05,-7.228401955217123032e-06,-4.123262882232666016e+00
3.967706859111785889e-02,-4.017944447696208954e-04,-2.422736542939674109e-05,1.323762990068644285e-05,-5.729481927119195461e-06,-4.281289577484130859e+00
4.175013303756713867e-02,-3.507754299789667130e-04,-2.431658867863006890e-05,1.699078711681067944e-05,-7.763388566672801971e-06,-5.030484199523925781e+00
3.980386257171630859e-02,-3.986742813140153885e-04,-2.423282239760737866e-05,1.619047543499618769e-05,-6.863861926831305027e-06,-5.177312374114990234e+00
4.513618350028991699e-02,-2.674427814781665802e-04,-2.446232247166335583e-05,1.684798917267471552e-05,-7.841066690161824226e-06,-4.155375957489013672e+00
4.375496506690979004e-02,-3.014355897903442383e-04,-2.440287607896607369e-05,1.415739825461059809e-05,-7.494134479202330112e-06,-2.025061368942260742e+00
5.444365739822387695e-02,-3.838096745312213898e-05,-2.486291305103804916e-05,1.057122426573187113e-05,-5.132067599333822727e-06,-1.134799361228942871e+00
5.515688657760620117e-02,-2.082833088934421539e-05,-2.489361031621228904e-05,7.161739631555974483e-06,-2.934146323241293430e-06,-8.771237730979919434e-01
5.231973528861999512e-02,-9.065214544534683228e-05,-2.477149973856285214e-05,8.788905688561499119e-06,-3.982728230766952038e-06,-1.012599468231201172e+00
4.843148589134216309e-02,-1.863439101725816727e-04,-2.460415271343663335e-05,9.763942216522991657e-06,-4.013039870187640190e-06,-1.526782155036926270e+00
4.344968497753143311e-02,-3.089483361691236496e-04,-2.438973751850426197e-05,1.161058025900274515e-05,-6.093410775065422058e-06,-2.014299392700195312e+00
5.023723840713500977e-02,-1.419032923877239227e-04,-2.468187085469253361e-05,1.260108547285199165e-05,-5.208901711739599705e-06,-2.707510232925415039e+00
5.230358242988586426e-02,-9.104958735406398773e-05,-2.477080488461069763e-05,1.459552731830626726e-05,-6.292233592830598354e-06,-3.818783521652221680e+00
4.856933653354644775e-02,-1.829511020332574844e-04,-2.461008443788159639e-05,1.768312358763068914e-05,-8.475850336253643036e-06,-4.038019657135009766e+00
4.448278248310089111e-02,-2.835236955434083939e-04,-2.443420089548453689e-05,2.102486905641853809e-05,-1.038119080476462841e-05,-4.603911399841308594e+00
4.163712263107299805e-02,-3.535565920174121857e-04,-2.431172470096498728e-05,1.940836955327540636e-05,-9.638257324695587158e-06,-4.226623535156250000e+00
4.187332093715667725e-02,-3.477437421679496765e-04,-2.432189103274140507e-05,1.865513331722468138e-05,-8.730130502954125404e-06,-4.742758274078369141e+00
4.077138006687164307e-02,-3.748629242181777954e-04,-2.427446452202275395e-05,1.396030711475759745e-05,-5.447873263619840145e-06,-4.596852779388427734e+00
6.373903155326843262e-02,9.264755062758922577e-04,-1.316034285991918296e-06,1.609926403034478426e-05,-6.942558684386312962e-06,-4.686726093292236328e+00
4.441832005977630615e-02,-2.851099707186222076e-04,-2.443142693664412946e-05,1.260865246877074242e-05,-4.546338459476828575e-06,-4.752727031707763672e+00
4.159641265869140625e-02,-3.545584622770547867e-04,-2.430997301416937262e-05,9.920433512888848782e-06,-2.451153704896569252e-06,-5.445397853851318359e+00
4.177927970886230469e-02,-3.500578459352254868e-04,-2.431784378131851554e-05,9.094670531339943409e-06,-2.275250153616070747e-06,-4.750901699066162109e+00
3.403932601213455200e-02,-5.405424162745475769e-04,-2.398471769993193448e-05,6.856469553895294666e-06,-1.277090632356703281e-06,-4.683342933654785156e+00
4.040548205375671387e-02,-3.838681150227785110e-04,-2.425871571176685393e-05,9.886251064017415047e-06,-2.513741492293775082e-06,-5.335274696350097656e+00
4.348698258399963379e-02,-3.080305177718400955e-04,-2.439134186715818942e-05,1.352616527583450079e-05,-4.477333277463912964e-06,-6.206895351409912109e+00
6.308247148990631104e-02,8.888514712452888489e-04,-1.378450178890489042e-06,7.973096217028796673e-06,-1.656793756410479546e-06,-4.354248046875000000e+00
4.982902109622955322e-02,-1.519499346613883972e-04,-2.466430123604368418e-05,1.123579568229615688e-05,-5.197784048505127430e-06,-1.969335794448852539e+00
5.277702212333679199e-02,-7.939781062304973602e-05,-2.479118120390921831e-05,5.558293196372687817e-06,-1.269057975150644779e-06,-1.276306390762329102e+00
5.259750783443450928e-02,-8.381577208638191223e-05,-2.478345595591235906e-05,6.858826964162290096e-06,-3.049688530154526234e-06,-5.053609609603881836e-01
6.692639738321304321e-02,-3.599449293687939644e-03,2.125039324164390564e-02,8.203132892958819866e-06,-3.897454007528722286e-06,-6.726579070091247559e-01
5.477467179298400879e-02,-3.023492172360420227e-05,-2.487715937604662031e-05,7.355556590482592583e-06,-3.556502633728086948e-06,-5.172997117042541504e-01
6.860378384590148926e-02,-3.598232753574848175e-03,2.137387357652187347e-02,6.982954801060259342e-06,-2.855565981008112431e-06,-8.139296174049377441e-01
5.306121706962585449e-02,-7.240381091833114624e-05,-2.480341390764806420e-05,9.987445082515478134e-06,-4.627640009857714176e-06,-1.611677408218383789e+00
6.538949161767959595e-02,-3.600564086809754372e-03,2.113725244998931885e-02,1.117082138080149889e-05,-3.846886102110147476e-06,-4.285522937774658203e+00
4.462237656116485596e-02,-2.800882793962955475e-04,-2.444020901748444885e-05,8.122486178763210773e-06,-2.130051143467426300e-06,-4.476460933685302734e+00
4.832476377487182617e-02,-1.889704726636409760e-04,-2.459955794620327652e-05,1.354741107206791639e-05,-4.693938535638153553e-06,-5.507785320281982422e+00
5.296616256237030029e-02,-7.474306039512157440e-05,-2.479932300047948956e-05,1.245156454388052225e-05,-4.125846317037940025e-06,-4.844935894012451172e+00
5.198831856250762939e-02,-9.880843572318553925e-05,-2.475723522366024554e-05,1.192529452964663506e-05,-4.540735972113907337e-06,-4.033493518829345703e+00
5.604439973831176758e-02,1.013977453112602234e-06,-2.493180909368675202e-05,1.043238444253802299e-05,-3.999986802227795124e-06,-3.155304908752441406e+00
6.379962712526321411e-02,-3.601717064157128334e-03,2.102021500468254089e-02,6.764996214769780636e-06,-2.443732228130102158e-06,-1.024952530860900879e+00
7.116353511810302734e-02,-3.596376162022352219e-03,2.156230993568897247e-02,6.648042472079396248e-06,-2.149536157958209515e-06,-1.136357665061950684e+00
4.511456191539764404e-02,-2.679750323295593262e-04,-2.446139296807814389e-05,8.994436939246952534e-06,-3.959357854910194874e-06,-1.635200858116149902e+00
4.389984905719757080e-02,-2.978697884827852249e-04,-2.440911157464142889e-05,1.393993443343788385e-05,-6.023285095579922199e-06,-4.405562400817871094e+00
4.591225087642669678e-02,-2.483434509485960007e-04,-2.449572457408066839e-05,1.270136272069066763e-05,-4.334913683123886585e-06,-5.297219753265380859e+00
6.622204184532165527e-02,1.068764831870794296e-03,-1.079982212104368955e-06,1.327331119682639837e-05,-5.793015589006245136e-06,-3.832339286804199219e+00
5.485136806964874268e-02,-2.834713086485862732e-05,-2.488046084181405604e-05,1.215461816173046827e-05,-5.289810360409319401e-06,-3.525910139083862305e+00
5.362668633460998535e-02,-5.848729051649570465e-05,-2.482775016687810421e-05,1.227120810654014349e-05,-4.438639734871685505e-06,-4.024969577789306641e+00
6.595078110694885254e-02,1.053219661116600037e-03,-1.105770024878438562e-06,8.346803952008485794e-06,-3.232431481592357159e-06,-2.462548971176147461e+00
5.955265462398529053e-02,8.735409937798976898e-05,-2.508280158508569002e-05,8.912087650969624519e-06,-3.112931153737008572e-06,-2.823908805847167969e+00
5.176076292991638184e-02,-1.044084783643484116e-04,-2.474744178471155465e-05,9.092313121072947979e-06,-3.760476829484105110e-06,-2.588024616241455078e+00
5.654194951057434082e-02,1.325900666415691376e-05,-2.495322405593469739e-05,1.034162414725869894e-05,-3.556531737558543682e-06,-3.499586105346679688e+00
5.759274959564208984e-02,3.911950625479221344e-05,-2.499844777048565447e-05,7.582697435282170773e-06,-2.444096026010811329e-06,-2.282930850982666016e+00
5.774250626564025879e-02,4.280521534383296967e-05,-2.500489426893182099e-05,8.862800314091145992e-06,-3.128967364318668842e-06,-2.532080173492431641e+00
5.065324902534484863e-02,-1.316650304943323135e-04,-2.469977516739163548e-05,1.108026481233537197e-05,-5.262947524897754192e-06,-2.455934047698974609e+00
5.286841094493865967e-02,-7.714866660535335541e-05,-2.479511567798908800e-05,8.794697350822389126e-06,-3.766166628338396549e-06,-1.640866518020629883e+00
6.510565429925918579e-02,1.004789955914020538e-03,-1.186113877338357270e-06,8.754766895435750484e-06,-3.810069756582379341e-06,-1.397213935852050781e+00
5.199992656707763672e-02,-9.852275252342224121e-05,-2.475773544574622065e-05,8.644885383546352386e-06,-3.944500349462032318e-06,-1.727218270301818848e+00
4.945117235183715820e-02,-1.612489577382802963e-04,-2.464803765178658068e-05,1.337668800260871649e-05,-6.655420293100178242e-06,-2.812927246093750000e+00
6.678178161382675171e-02,1.100840512663125992e-03,-1.026770405587740242e-06,1.053199230227619410e-05,-4.821558832190930843e-06,-1.906967639923095703e+00
5.098044872283935547e-02,-1.236125826835632324e-04,-2.471385778335388750e-05,9.793686331249773502e-06,-4.471119609661400318e-06,-1.729799866676330566e+00
5.689917504787445068e-02,2.205045893788337708e-05,-2.496859815437346697e-05,8.881936082616448402e-06,-3.799897967837750912e-06,-1.661425352096557617e+00
6.641109287738800049e-02,1.079597976058721542e-03,-1.062009687302634120e-06,1.280497235711663961e-05,-6.406407919712364674e-06,-2.327326536178588867e+00
5.613844096660614014e-02,3.328546881675720215e-06,-2.493585634510964155e-05,8.917559171095490456e-06,-3.579465555958449841e-06,-2.114004611968994141e+00
4.820920526981353760e-02,-1.918142661452293396e-04,-2.459458482917398214e-05,1.114702899940311909e-05,-5.832305760122835636e-06,-1.655719161033630371e+00
6.126481294631958008e-02,1.294910907745361328e-04,-2.515649248380213976e-05,8.646587957628071308e-06,-3.303444827906787395e-06,-1.998742699623107910e+00
4.654993116855621338e-02,-2.326499670743942261e-04,-2.452316948620136827e-05,1.343249459750950336e-05,-6.867368938401341438e-06,-2.477428674697875977e+00
4.770602285861968994e-02,-2.041978295892477036e-04,-2.457292794133536518e-05,9.749332093633711338e-06,-4.533663741312921047e-06,-2.117528200149536133e+00
5.436930060386657715e-02,-4.021101631224155426e-05,-2.485971344867721200e-05,1.168924791272729635e-05,-5.232272087596356869e-06,-2.516578435897827148e+00
4.954332113265991211e-02,-1.589807216078042984e-04,-2.465200486767571419e-05,1.259523560293018818e-05,-5.972760845907032490e-06,-2.591557502746582031e+00
3.194012492895126343e-02,-5.922049749642610550e-04,-2.389437031524721533e-05,6.423608283512294292e-06,-1.260268618352711201e-06,-3.746738195419311523e+00
4.828429222106933594e-02,-1.899662893265485764e-04,-2.459781717334408313e-05,1.349019294138997793e-05,-5.367153789848089218e-06,-4.293386936187744141e+00
6.379916518926620483e-02,9.299218654632568359e-04,-1.310316292801871896e-06,1.081009395420551300e-05,-3.059016307815909386e-06,-5.450399398803710938e+00
4.023969173431396484e-02,-3.879482392221689224e-04,-2.425157981633674353e-05,1.166317088063806295e-05,-3.834458766505122185e-06,-5.331523418426513672e+00
6.440471112728118896e-02,9.646224789321422577e-04,-1.252749825653154403e-06,1.537778007332235575e-05,-5.546346073970198631e-06,-5.787629127502441406e+00
6.857575476169586182e-02,-3.598253009840846062e-03,2.137180976569652557e-02,8.926712325774133205e-06,-3.193883458152413368e-06,-2.751449108123779297e+00
5.358777940273284912e-02,-5.944492295384407043e-05,-2.482607669662684202e-05,1.105717092286795378e-05,-5.036272341385483742e-06,-1.800815939903259277e+00
5.982406437397003174e-02,9.403354488313198090e-05,-2.509448313503526151e-05,8.704446372576057911e-06,-3.202672814950346947e-06,-2.128830432891845703e+00
4.872129857540130615e-02,-1.792111434042453766e-04,-2.461662552377674729e-05,1.218516263179481030e-05,-5.353984306566417217e-06,-3.194395303726196289e+00
6.766735017299652100e-02,1.151587814092636108e-03,-9.425821190234273672e-07,9.223018423654139042e-06,-3.418565029278397560e-06,-2.379252910614013672e+00
5.397887527942657471e-02,-4.981947131454944611e-05,-2.484290962456725538e-05,9.315481293015182018e-06,-3.888868377543985844e-06,-2.127671003341674805e+00
6.812486052513122559e-02,1.177805941551923752e-03,-8.990873539005406201e-07,1.016589521896094084e-05,-4.608795279636979103e-06,-2.318431615829467773e+00
3.757572919130325317e-02,-4.535098560154438019e-04,-2.413692345726303756e-05,1.348026853520423174e-05,-7.169044693000614643e-06,-2.762556552886962891e+00
4.914996027946472168e-02,-1.686618197709321976e-04,-2.463507553329691291e-05,9.021008736453950405e-06,-2.510205376893281937e-06,-3.253890752792358398e+00
5.378437042236328125e-02,-5.460646934807300568e-05,-2.483453863533213735e-05,1.106316631194204092e-05,-4.856556188315153122e-06,-2.703873395919799805e+00
5.247205495834350586e-02,-8.690333925187587738e-05,-2.477805537637323141e-05,1.264286402147263288e-05,-6.336005753837525845e-06,-2.187259197235107422e+00
4.968385398387908936e-02,-1.555222552269697189e-04,-2.465805300744250417e-05,1.001713098958134651e-05,-4.545581759884953499e-06,-1.802345395088195801e+00
5.900622904300689697e-02,7.390626706182956696e-05,-2.505928569007664919e-05,6.754635251127183437e-06,-2.915505319833755493e-06,-6.148883104324340820e-01
7.142639160156250000e-02,1.366999931633472443e-03,-5.852225513081066310e-07,6.504444172605872154e-06,-3.464796463958919048e-06,-2.386216521263122559e-01
5.933587253093719482e-02,8.201901800930500031e-05,-2.507347198843490332e-05,6.593356374651193619e-06,-3.656576154753565788e-06,-2.809702754020690918e-01
4.081059992313385010e-02,-3.738978412002325058e-04,-2.427615254418924451e-05,5.499387043528258801e-06,-2.204469637945294380e-06,-4.201533794403076172e-01
4.426738619804382324e-02,-2.888245508074760437e-04,-2.442493132548406720e-05,7.327631465159356594e-06,-3.181499778293073177e-06,-8.281006217002868652e-01
4.662643373012542725e-02,-2.307672984898090363e-04,-2.452646367601118982e-05,6.561560439877212048e-06,-3.135006409138441086e-06,-5.226466655731201172e-01
5.900356173515319824e-02,7.384037598967552185e-05,-2.505916927475482225e-05,5.615307600237429142e-06,-2.757922629825770855e-06,-2.824829816818237305e-01
5.774165689945220947e-02,4.278426058590412140e-05,-2.500485788914375007e-05,6.342190317809581757e-06,-3.800611011683940887e-06,-2.219115197658538818e-02
5.183234810829162598e-02,-1.026468817144632339e-04,-2.475052315276116133e-05,6.341128027997910976e-06,-3.740919055417180061e-06,-1.261347085237503052e-01
6.286433339118957520e-02,-3.602395532652735710e-03,2.095136418938636780e-02,5.334848538041114807e-06,-3.157401806674897671e-06,-2.087993919849395752e-02
6.603667140007019043e-02,-3.600094700232148170e-03,2.118489518761634827e-02,5.832058377563953400e-06,-3.707129508256912231e-06,1.295271962881088257e-01
4.933668673038482666e-02,-1.640664413571357727e-04,-2.464311182848177850e-05,4.076326149515807629e-06,-2.514760126359760761e-06,1.041302829980850220e-01
4.468439519405364990e-02,-2.785616088658571243e-04,-2.444287929392885417e-05,-5.584734026342630386e-07,1.570297172293066978e-07,8.203388452529907227e-01
6.771448999643325806e-02,-3.598877694457769394e-03,2.130840718746185303e-02,-4.182962584309279919e-06,1.483043888583779335e-06,1.672510027885437012e+00
5.483135581016540527e-02,-2.883980050683021545e-05,-2.487959864083677530e-05,1.007269020192325115e-06,-1.259468263015151024e-06,9.883112311363220215e-01
5.065874755382537842e-02,-1.315297558903694153e-04,-2.470001163601409644e-05,3.250301233492791653e-06,-1.719206920824944973e-06,-1.861517131328582764e-02
5.175140500068664551e-02,-1.046389807015657425e-04,-2.474703978805337101e-05,5.948983016423881054e-06,-3.227367415092885494e-06,-1.905866563320159912e-01
5.493333935737609863e-02,-2.632988616824150085e-05,-2.488398968125693500e-05,4.116198397241532803e-06,-2.315340680070221424e-06,-1.956124603748321533e-02
6.884128600358963013e-02,-3.598060458898544312e-03,2.139135822653770447e-02,6.199130439199507236e-06,-3.861408913508057594e-06,-2.136780321598052979e-02
5.823522806167602539e-02,5.493150092661380768e-05,-2.502610186638776213e-05,6.134199793450534344e-06,-3.699286025948822498e-06,-2.178864181041717529e-02
7.438856363296508789e-02,1.536746975034475327e-03,-3.036193447769619524e-07,5.815338226966559887e-06,-3.645211108960211277e-06,-2.141366899013519287e-02
5.500820279121398926e-02,-2.448726445436477661e-05,-2.488721111149061471e-05,5.968395271338522434e-06,-3.530993126332759857e-06,-7.113854587078094482e-02
5.097444355487823486e-02,-1.237604301422834396e-04,-2.471359948685858399e-05,5.712863639928400517e-06,-3.656241460703313351e-06,5.098719894886016846e-02
5.432088673114776611e-02,-4.140241071581840515e-05,-2.485762888682074845e-05,5.349793354980647564e-06,-2.995060640387237072e-06,-2.161924540996551514e-02
5.755975842475891113e-02,3.830785863101482391e-05,-2.499702895875088871e-05,5.229914677329361439e-06,-2.977845724672079086e-06,-2.121470868587493896e-02
5.774804949760437012e-02,4.294142127037048340e-05,-2.500513255654368550e-05,6.212649168446660042e-06,-3.778928657993674278e-06,-2.176694571971893311e-02
5.816531181335449219e-02,5.321064963936805725e-05,-2.502309143892489374e-05,4.740257281810045242e-06,-2.828906872309744358e-06,-1.989160478115081787e-02
6.348629295825958252e-02,1.841629855334758759e-04,-2.525210584281012416e-05,6.291797035373747349e-06,-3.683322574943304062e-06,-4.760484397411346436e-02
6.005527079105377197e-02,9.972346015274524689e-05,-2.510443482606206089e-05,5.025052814744412899e-06,-2.992688678205013275e-06,-2.033801376819610596e-02
7.454469799995422363e-02,1.545694191008806229e-03,-2.887754817493259907e-07,5.233436240814626217e-06,-2.780783688649535179e-06,-1.336626261472702026e-01
5.701306462287902832e-02,2.485304139554500580e-05,-2.497349851182661951e-05,8.104165317490696907e-06,-4.416375304572284222e-06,-4.239909648895263672e-01
5.845247209072113037e-02,6.027799099683761597e-05,-2.503545147192198783e-05,9.567884262651205063e-06,-4.356537829153239727e-06,-1.328004479408264160e+00
5.306509137153625488e-02,-7.230835035443305969e-05,-2.480357943568378687e-05,1.063564559444785118e-05,-5.097666871733963490e-06,-1.539950132369995117e+00
7.234250754117965698e-02,1.419497653841972351e-03,-4.981302481610327959e-07,1.032221189234405756e-05,-4.510598955675959587e-06,-1.920215010643005371e+00
5.665247142314910889e-02,1.597916707396507263e-05,-2.495797889423556626e-05,8.662682375870645046e-06,-3.022825694642961025e-06,-2.398487806320190430e+00
6.572598963975906372e-02,1.040338538587093353e-03,-1.127140421885997057e-06,1.343720941804349422e-05,-7.006790838204324245e-06,-1.961910605430603027e+00
4.738587141036987305e-02,-2.120770514011383057e-04,-2.455914909660350531e-05,1.274967507924884558e-05,-6.173038855195045471e-06,-2.398525953292846680e+00
5.066329240798950195e-02,-1.314177643507719040e-04,-2.470020808686967939e-05,1.400340988766402006e-05,-6.856702384538948536e-06,-2.653789758682250977e+00
3.526952117681503296e-02,-5.102667491883039474e-04,-2.403766484349034727e-05,1.058107591234147549e-05,-4.491914296522736549e-06,-3.519006013870239258e+00
4.507644474506378174e-02,-2.689133398234844208e-04,-2.445975223963614553e-05,1.551490277051925659e-05,-6.602698704227805138e-06,-5.084557533264160156e+00
3.599011898040771484e-02,-4.925322718918323517e-04,-2.406868043181020766e-05,9.390889317728579044e-06,-1.963548129424452782e-06,-5.980918884277343750e+00
4.409523308277130127e-02,-3.616008674725890160e-03,1.956967823207378387e-02,4.881308996118605137e-06,5.100882844999432564e-07,-5.403962612152099609e+00
3.100183606147766113e-02,-6.152966525405645370e-04,-2.385398693149909377e-05,4.150948370806872845e-06,6.081536412239074707e-07,-4.756761550903320312e+00
3.040303289890289307e-02,-6.300334352999925613e-04,-2.382821367064025253e-05,5.969850462861359119e-06,-3.896857379004359245e-07,-5.034324645996093750e+00
3.352989256381988525e-02,-5.530798807740211487e-04,-2.396279342065099627e-05,8.743605576455593109e-06,-2.132335794158279896e-06,-5.112990379333496094e+00
2.912745624780654907e-02,-6.614262238144874573e-04,-2.377331475145183504e-05,7.847280357964336872e-06,-1.276071998290717602e-06,-5.634626388549804688e+00
2.725848555564880371e-02,-7.074226159602403641e-04,-2.369287358305882663e-05,9.212730219587683678e-06,-2.089800545945763588e-06,-5.678220748901367188e+00
2.088417857885360718e-02,-8.642976172268390656e-04,-2.341852632525842637e-05,6.462898454628884792e-06,-5.528127076104283333e-07,-5.167772293090820312e+00
2.554741501808166504e-02,-7.495328318327665329e-04,-2.361922997806686908e-05,8.871502359397709370e-06,-2.263797796331346035e-06,-5.101529121398925781e+00
3.160794079303741455e-02,-6.003801245242357254e-04,-2.388007305853534490e-05,1.019083720166236162e-05,-2.952685463242232800e-06,-5.222161293029785156e+00
3.959392756223678589e-02,-4.038407932966947556e-04,-2.422378747723996639e-05,1.459218037780374289e-05,-6.589660188183188438e-06,-4.043744087219238281e+00
4.589526355266571045e-02,-2.487613819539546967e-04,-2.449499334034044296e-05,1.833972055464982986e-05,-9.378476534038782120e-06,-3.885210990905761719e+00
4.221197962760925293e-02,-3.394093364477157593e-04,-2.433646659483201802e-05,1.589008024893701077e-05,-7.878974429331719875e-06,-3.685159683227539062e+00
3.997142612934112549e-02,-3.945501521229743958e-04,-2.424003469059243798e-05,1.646614691708236933e-05,-8.518079994246363640e-06,-3.465627431869506836e+00
6.010221689939498901e-02,7.180683314800262451e-04,-1.661773239902686328e-06,1.455309393350034952e-05,-7.177019142545759678e-06,-3.298084020614624023e+00
3.472564369440078735e-02,-5.236517172306776047e-04,-2.401425808784551919e-05,1.460086787119507790e-05,-7.593887858092784882e-06,-2.446949243545532227e+00
4.523104429244995117e-02,-2.651084214448928833e-04,-2.446640610287431628e-05,7.463313522748649120e-06,-3.963476046919822693e-06,-2.967911958694458008e-01
4.510553181171417236e-02,-2.681973855942487717e-04,-2.446100370434578508e-05,7.583512342534959316e-06,-4.336237907409667969e-06,-4.768545925617218018e-02
4.120121896266937256e-02,-3.642844967544078827e-04,-2.429296364425681531e-05,7.368580554611980915e-06,-3.746259608305990696e-06,-3.824161291122436523e-01
3.926313668489456177e-02,-4.119817167520523071e-04,-2.420954842818900943e-05,7.017035386525094509e-06,-2.766944817267358303e-06,-1.007582426071166992e+00
6.370843201875686646e-02,9.247222915291786194e-04,-1.318942850048188120e-06,7.954076863825321198e-06,-4.316898412071168423e-06,-2.248009443283081055e-01
4.524962604045867920e-02,-2.646511420607566833e-04,-2.446720463922247291e-05,6.386224413290619850e-06,-3.738372470252215862e-06,-2.262692153453826904e-02
4.265722632408142090e-02,-3.284516278654336929e-04,-2.435562964819837362e-05,5.386653356254100800e-06,-3.014152753166854382e-06,-2.168585360050201416e-02
5.811232328414916992e-02,-3.605842124670743942e-03,2.060154452919960022e-02,6.428061169572174549e-06,-3.585024387575685978e-06,-2.343545854091644287e-02
4.646134376525878906e-02,-2.348301932215690613e-04,-2.451935688441153616e-05,7.226641173474490643e-06,-4.110930603928864002e-06,-2.440814673900604248e-02
4.445265233516693115e-02,-2.842652611434459686e-04,-2.443290395603980869e-05,7.584545528516173363e-06,-3.206892870366573334e-06,-8.585956692695617676e-01
4.301841557025909424e-02,-3.195623867213726044e-04,-2.437117473164107651e-05,8.220653398893773556e-06,-4.076529876329004765e-06,-6.069675683975219727e-01
4.171127080917358398e-02,-3.517316654324531555e-04,-2.431491702736821026e-05,7.924521923996508121e-06,-4.250352503731846809e-06,-2.868041992187500000e-01
4.361763596534729004e-02,-3.048153594136238098e-04,-2.439696618239395320e-05,8.269562385976314545e-06,-4.901245119981467724e-06,-4.963324964046478271e-02
6.374444067478179932e-02,9.267856366932392120e-04,-1.315519511990714818e-06,7.896975148469209671e-06,-4.557135980576276779e-06,-2.520446479320526123e-02
5.132234096527099609e-02,-1.151985488831996918e-04,-2.472857340762857348e-05,8.350310963578522205e-06,-4.576897481456398964e-06,-2.682696282863616943e-01
4.466940462589263916e-02,-2.789306454360485077e-04,-2.444223355269059539e-05,7.573922630399465561e-06,-3.492445102892816067e-06,-6.510322690010070801e-01
4.866051673889160156e-02,-1.807070802897214890e-04,-2.461400981701444834e-05,8.098591933958232403e-06,-4.961242666468024254e-06,-2.431364357471466064e-02
4.131907224655151367e-02,-3.613838925957679749e-04,-2.429803680570330471e-05,5.260357283987104893e-06,-2.842702087946236134e-06,-2.190174162387847900e-02
4.371924698352813721e-02,-3.023147583007812500e-04,-2.440133903292007744e-05,5.765250534750521183e-06,-3.159439074806869030e-06,-2.258254587650299072e-02
4.509939253330230713e-02,-2.683484926819801331e-04,-2.446073995088227093e-05,5.910900654271245003e-06,-3.375418600626289845e-06,-2.225713431835174561e-02
4.951588809490203857e-02,-1.596561633050441742e-04,-2.465082434355281293e-05,6.678325007669627666e-06,-3.760666004382073879e-06,-2.369494736194610596e-02
4.398846626281738281e-02,-2.956890966743230820e-04,-2.441292599542066455e-05,6.833855877630412579e-06,-3.576016752049326897e-06,-1.501749306917190552e-01
4.239152371883392334e-02,-3.349904436618089676e-04,-2.434419366181828082e-05,7.321010343730449677e-06,-3.566630766727030277e-06,-4.483544826507568359e-01
4.296247661113739014e-02,-3.209388814866542816e-04,-2.436876820866018534e-05,5.987269105389714241e-06,-3.327324520796537399e-06,-3.071759641170501709e-02
4.208795726299285889e-02,-3.424612805247306824e-04,-2.433112967992201447e-05,6.839458364993333817e-06,-3.774912329390645027e-06,-4.035969078540802002e-02
4.760915040969848633e-02,-2.065820153802633286e-04,-2.456875881762243807e-05,7.034308509901165962e-06,-4.077897756360471249e-06,-2.378164231777191162e-02
5.157804489135742188e-02,-1.089056022465229034e-04,-2.473957829352002591e-05,6.630332791246473789e-06,-3.823166480287909508e-06,-2.324239909648895264e-02
4.979124665260314941e-02,-1.528793945908546448e-04,-2.466267505951691419e-05,7.238166290335357189e-06,-3.795663360506296158e-06,-2.492892742156982422e-01
2.980792522430419922e-02,-6.446794141083955765e-04,-2.380260048084892333e-05,1.336555578745901585e-05,-7.915208698250353336e-06,-1.764230251312255859e+00
3.952858597040176392e-02,-4.054487217217683792e-04,-2.422097531962208450e-05,1.647401950322091579e-05,-8.799965144135057926e-06,-3.300066947937011719e+00
3.429889678955078125e-02,-5.341542419046163559e-04,-2.399588993284851313e-05,1.857733877841383219e-05,-1.078887726180255413e-05,-3.154110670089721680e+00
3.500120341777801514e-02,-5.168700590729713440e-04,-2.402611789875663817e-05,1.753622200340032578e-05,-1.004872319754213095e-05,-2.823414802551269531e+00
4.346597194671630859e-02,-3.085476346313953400e-04,-2.439043782942462713e-05,1.655834785196930170e-05,-8.973103831522166729e-06,-3.211924314498901367e+00
4.972583055496215820e-02,-3.611924825236201286e-03,1.998417451977729797e-02,1.452493597753345966e-05,-8.283110219053924084e-06,-2.387279748916625977e+00
3.534080088138580322e-02,-5.085126031190156937e-04,-2.404073347861412913e-05,1.667927426751703024e-05,-9.844006854109466076e-06,-2.451043367385864258e+00
3.037515282630920410e-02,-6.307195872068405151e-04,-2.382701495662331581e-05,1.887547841761261225e-05,-1.059417263604700565e-05,-3.629873991012573242e+00
6.012501567602157593e-02,7.193745113909244537e-04,-1.659606368775712326e-06,1.699464337434619665e-05,-9.635652531869709492e-06,-2.681048870086669922e+00
3.604427725076675415e-02,-4.911995492875576019e-04,-2.407101055723614991e-05,1.646902819629758596e-05,-9.595532901585102081e-06,-2.624357938766479492e+00
3.586476296186447144e-02,-4.956175107508897781e-04,-2.406328530923929065e-05,1.867667015176266432e-05,-1.050446007866412401e-05,-3.081431865692138672e+00
4.646688699722290039e-02,-2.346935216337442398e-04,-2.451959517202340066e-05,1.270310895051807165e-05,-6.263624527491629124e-06,-1.701523900032043457e+00
4.209159314632415771e-02,-3.423718735575675964e-04,-2.433128611301071942e-05,1.155688369181007147e-05,-5.946727469563484192e-06,-1.271808981895446777e+00
4.801848530769348145e-02,-1.965078990906476974e-04,-2.458637754898518324e-05,1.533159229438751936e-05,-8.590053766965866089e-06,-1.648410439491271973e+00
4.701077938079833984e-02,-2.213083207607269287e-04,-2.454300556564703584e-05,1.840657205320894718e-05,-1.038044865708798170e-05,-2.383827209472656250e+00
3.761988878250122070e-02,-4.524230025708675385e-04,-2.413882430118974298e-05,8.593662641942501068e-06,-3.748413291759788990e-06,-1.269866585731506348e+00
4.715393483638763428e-02,-2.177851274609565735e-04,-2.454916648275684565e-05,1.177807280328124762e-05,-5.821595550514757633e-06,-1.573111057281494141e+00
4.037353396415710449e-02,-3.846541512757539749e-04,-2.425734055577777326e-05,1.441432686988264322e-05,-7.791444659233093262e-06,-1.664270162582397461e+00
6.396569311618804932e-02,-3.601596690714359283e-03,2.103244140744209290e-02,1.419987529516220093e-05,-7.557915523648262024e-06,-1.656651377677917480e+00
4.924426972866058350e-02,-1.663407310843467712e-04,-2.463913369865622371e-05,1.153728226199746132e-05,-5.835609044879674911e-06,-1.236819028854370117e+00
