2.210238575935363770e-02,-1.588530605658888817e-03,2.387798303971067071e-06,-1.074973260983824730e-05,-4.732068919111043215e-05,-5.707800388336181641e-03
2.356974780559539795e-02,-1.551598077639937401e-03,2.441673132125288248e-06,-1.076205808203667402e-05,-4.724346217699348927e-05,-6.057560443878173828e-03
2.353937178850173950e-02,-1.552362460643053055e-03,2.440558091620914638e-06,-1.064072421286255121e-05,-4.717842966783791780e-05,-6.911903619766235352e-03
2.663358300924301147e-02,-1.474483404308557510e-03,2.554162620072020218e-06,-8.846865966916084290e-06,-4.788571095559746027e-05,-1.085507869720458984e-02
2.411510795354843140e-02,-1.537871547043323517e-03,2.461696112732170150e-06,-1.033868466038256884e-05,-4.735225229524075985e-05,-7.290899753570556641e-03
2.585539966821670532e-02,-1.494069583714008331e-03,2.525591753510525450e-06,-9.358947863802313805e-06,-4.783102485816925764e-05,-8.962899446487426758e-03
2.487405389547348022e-02,-1.518769422546029091e-03,2.489561211405089125e-06,-9.525378118269145489e-06,-4.791424726136028767e-05,-7.822185754776000977e-03
2.303361147642135620e-02,-1.565092010423541069e-03,2.421988938294816762e-06,-1.024670200422406197e-05,-4.744589386973530054e-05,-7.194429636001586914e-03
3.525606170296669006e-02,-3.659300273284316063e-03,2.013608440756797791e-02,-9.714713087305426598e-06,-4.764036566484719515e-05,-8.443295955657958984e-03
2.881568670272827148e-02,-1.419561216607689857e-03,2.634279098856495693e-06,-8.584567694924771786e-06,-4.823254130315035582e-05,-1.016432046890258789e-02
6.186674907803535461e-02,-3.496294375509023666e-04,2.744249650277197361e-05,-7.415976142510771751e-06,-4.869268741458654404e-05,-1.273620128631591797e-02
3.067913651466369629e-02,-1.372659578919410706e-03,2.702696292544715106e-06,-7.756621926091611385e-06,-4.829319368582218885e-05,-1.336804032325744629e-02
3.241766244173049927e-02,-1.328902086243033409e-03,2.766526904451893643e-06,-7.856055162847042084e-06,-4.816269211005419493e-05,-1.362478733062744141e-02
3.339203447103500366e-02,-1.304377801716327667e-03,2.802300969051430002e-06,-8.943636203184723854e-06,-4.749864456243813038e-05,-1.245877146720886230e-02
3.772553056478500366e-02,-1.195306889712810516e-03,2.961406153190182522e-06,-9.027804480865597725e-06,-4.761776654049754143e-05,-1.148086786270141602e-02
4.321113973855972290e-02,-1.057237619534134865e-03,3.162812390655744821e-06,-5.716967280022799969e-06,-4.896316386293619871e-05,-1.855015754699707031e-02
4.273138195276260376e-02,-1.069312915205955505e-03,3.145197752019157633e-06,-7.566879503428936005e-06,-4.809099482372403145e-05,-1.522725820541381836e-02
5.097009614109992981e-02,-3.647892735898494720e-03,2.129226736724376678e-02,-9.626033715903759003e-06,-4.706800973508507013e-05,6.906247138977050781e-02
4.986416548490524292e-02,-8.897855877876281738e-04,3.407079930184409022e-06,-9.505718480795621872e-06,-4.778474976774305105e-05,3.778177499771118164e-01
6.792029738426208496e-02,-7.328600622713565826e-05,8.300499757751822472e-06,-7.779657607898116112e-06,-5.086194141767919064e-05,1.071277618408203125e+00
4.857336729764938354e-02,-9.222745429724454880e-04,3.359687525517074391e-06,-7.322421879507601261e-06,-5.192127719055861235e-05,1.453349709510803223e+00
5.047067254781723022e-02,-8.745205122977495193e-04,3.429347543715266511e-06,-1.015601446852087975e-05,-5.094059451948851347e-05,1.622465014457702637e+00
5.190307646989822388e-02,-8.384678512811660767e-04,3.481938620097935200e-06,-1.149417948909103870e-05,-4.940232611261308193e-05,1.191758513450622559e+00
4.921931773424148560e-02,-9.060162119567394257e-04,3.383403964107856154e-06,-1.030656858347356319e-05,-5.036506627220660448e-05,1.445052504539489746e+00
6.520708650350570679e-02,-5.036152433604001999e-04,3.970399120589718223e-06,-9.442694135941565037e-06,-5.264631181489676237e-05,2.105787754058837891e+00
6.309925764799118042e-02,-5.566678009927272797e-04,3.893009761668508872e-06,-1.108206924982368946e-05,-5.300059274304658175e-05,2.776993274688720703e+00
8.121579885482788086e-02,5.336515605449676514e-04,-3.374135121703147888e-05,-9.653216693550348282e-06,-5.251193942967802286e-05,2.147795677185058594e+00
6.296969205141067505e-02,-5.599288269877433777e-04,3.888252649630885571e-06,-1.297208655159920454e-05,-5.245051579549908638e-05,2.851085901260375977e+00
5.941016227006912231e-02,-6.495197303593158722e-04,3.757563717954326421e-06,-1.057317422237247229e-05,-5.207477079238742590e-05,2.349311113357543945e+00
6.286451965570449829e-02,-5.625758785754442215e-04,3.884391389874508604e-06,-1.106022682506591082e-05,-5.368280108086764812e-05,3.132132053375244141e+00
4.473767429590225220e-02,-1.018815906718373299e-03,3.218859092157799751e-06,-1.546500425320118666e-05,-5.087290628580376506e-05,2.778266191482543945e+00
7.288933545351028442e-02,-3.102584742009639740e-04,4.252454800734994933e-06,-1.375697320327162743e-05,-5.185467307455837727e-05,2.989850282669067383e+00
6.502635031938552856e-02,-5.081642884761095047e-04,3.963762992498232052e-06,-1.044476812239736319e-05,-5.270378460409119725e-05,2.325326204299926758e+00
6.809259206056594849e-02,-4.309888463467359543e-04,4.076341610925737768e-06,-1.151020114775747061e-05,-5.179660365683957934e-05,2.431972026824951172e+00
6.450084596872329712e-02,-5.213909316807985306e-04,3.944468971894821152e-06,-1.117764622904360294e-05,-5.099993722978979349e-05,2.061274528503417969e+00
7.904785871505737305e-02,4.346854984760284424e-04,-2.688608947210013866e-05,-1.298121060244739056e-05,-4.999230441171675920e-05,2.084981918334960938e+00
7.750228792428970337e-02,3.641303628683090210e-04,-2.199882874265313148e-05,-9.489071089774370193e-06,-5.135543324286118150e-05,1.655822873115539551e+00
6.970302015542984009e-02,-3.904555924236774445e-04,4.135468316235346720e-06,-9.007344488054513931e-06,-5.415592022472992539e-05,3.045840978622436523e+00
7.139357179403305054e-02,-3.479057922959327698e-04,4.197537236905191094e-06,-1.219261321239173412e-05,-5.356275505619123578e-05,3.602260112762451172e+00
6.971716135740280151e-02,-3.901000600308179855e-04,4.135987637710059062e-06,-1.211062772199511528e-05,-5.964003503322601318e-05,5.113656997680664062e+00
5.415869504213333130e-02,-7.816955912858247757e-04,3.564754479157272726e-06,-9.355935617350041866e-06,-5.855386552866548300e-05,4.677207469940185547e+00
6.776358187198638916e-02,-3.635701490566134453e-03,2.252787351608276367e-02,-1.146600698120892048e-05,-6.091290561016649008e-05,5.246175289154052734e+00
6.839575618505477905e-02,-4.233585204929113388e-04,4.087472007086034864e-06,-1.483352389186620712e-05,-5.398281064117327332e-05,4.223638534545898438e+00
5.402176827192306519e-02,-7.851417176425457001e-04,3.559727247193222865e-06,-1.275331305805593729e-05,-5.556530959438532591e-05,4.292906761169433594e+00
7.395920902490615845e-02,-2.833302132785320282e-04,4.291735422157216817e-06,-1.653473009355366230e-05,-5.172430974198505282e-05,3.579717874526977539e+00
6.765153259038925171e-02,-4.420902114361524582e-04,4.060147603013319895e-06,-1.692499790806323290e-05,-5.126753239892423153e-05,3.731795787811279297e+00
6.196562200784683228e-02,-5.852004978805780411e-04,3.851388100883923471e-06,-8.382878149859607220e-06,-5.247100489214062691e-05,2.270651102066040039e+00
5.948206037282943726e-02,-6.477099377661943436e-04,3.760203526326222345e-06,-1.233581861015409231e-05,-5.101128044771030545e-05,2.530456304550170898e+00
5.818103998899459839e-02,-6.804559379816055298e-04,3.712435955094406381e-06,-1.177925150841474533e-05,-5.250279355095699430e-05,2.866267442703247070e+00
6.337977200746536255e-02,-5.496072117239236832e-04,3.903308879671385512e-06,-1.246100873686373234e-05,-5.265504296403378248e-05,3.149716615676879883e+00
6.577106565237045288e-02,-4.894202575087547302e-04,3.991106041212333366e-06,-1.240658457390964031e-05,-5.014528869651257992e-05,2.295520544052124023e+00
5.360376089811325073e-02,-7.956628687679767609e-04,3.544379524100804701e-06,-1.152142067439854145e-05,-5.048867751611396670e-05,1.742974996566772461e+00
4.597233980894088745e-02,-9.877402335405349731e-04,3.264190581830916926e-06,-1.061297371052205563e-05,-4.633229400496929884e-05,5.895060300827026367e-02
5.603498965501785278e-02,-7.344703190028667450e-04,3.633643245848361403e-06,-9.294162737205624580e-06,-4.784006159752607346e-05,3.730882108211517334e-01
4.922620207071304321e-02,-9.058429859578609467e-04,3.383656348887598142e-06,-9.632261935621500015e-06,-4.711443034466356039e-05,2.296048998832702637e-01
5.789405852556228638e-02,-6.876792758703231812e-04,3.701899004227016121e-06,-1.048315607476979494e-05,-4.624789289664477110e-05,9.299194812774658203e-02
5.440660566091537476e-02,-7.754557300359010696e-04,3.573856702132616192e-06,-9.858777048066258430e-06,-4.658693796955049038e-05,1.544969379901885986e-01
5.720553547143936157e-02,-7.050086278468370438e-04,3.676620053738588467e-06,-9.833034710027277470e-06,-4.672813520301133394e-05,1.552345454692840576e-01
6.061667948961257935e-02,-6.191523279994726181e-04,3.801861112151527777e-06,-1.149436866398900747e-05,-4.557998909149318933e-05,5.663657188415527344e-02
5.655997246503829956e-02,-7.212569471448659897e-04,3.652918167063035071e-06,-1.054607855621725321e-05,-4.667190660256892443e-05,2.011614143848419189e-01
6.226497143507003784e-02,-5.776663310825824738e-04,3.862378434860147536e-06,-1.110568700823932886e-05,-4.655220254790037870e-05,3.273791372776031494e-01
7.906219363212585449e-02,4.353402182459831238e-04,-2.693143323995172977e-05,-1.112435711547732353e-05,-4.663121944759041071e-05,4.263086318969726562e-01
5.751318484544754028e-02,-6.972653791308403015e-04,3.687915523187257349e-06,-1.196743687614798546e-05,-4.589717718772590160e-05,3.400775492191314697e-01
6.259627640247344971e-02,-3.639452857896685600e-03,2.214768156409263611e-02,-1.199447433464229107e-05,-4.591239849105477333e-05,3.004855215549468994e-01
6.293522566556930542e-02,-5.607963539659976959e-04,3.886987087753368542e-06,-1.265476748812943697e-05,-4.545810224954038858e-05,3.491363227367401123e-01
6.351142376661300659e-02,-5.462940316647291183e-04,3.908141934516606852e-06,-1.160937245003879070e-05,-4.586469731293618679e-05,1.766246557235717773e-01
5.826639384031295776e-02,-6.783076096326112747e-04,3.715569619089365005e-06,-8.740244084037840366e-06,-4.741926386486738920e-05,1.651188433170318604e-01
6.082033365964889526e-02,-6.140265613794326782e-04,3.809338522842153907e-06,-1.190297189168632030e-05,-4.588927549775689840e-05,3.093933463096618652e-01
6.143177300691604614e-02,-5.986371543258428574e-04,3.831787580566015095e-06,-1.560965029057115316e-05,-4.988601722288876772e-05,3.156807184219360352e+00
7.388696819543838501e-02,-2.851486206054687500e-04,4.289083335606846958e-06,-1.449388219043612480e-05,-5.775160389021039009e-05,5.212240219116210938e+00
8.735328912734985352e-02,8.138273842632770538e-04,-5.314880399964749813e-05,-1.817707379814237356e-05,-5.219844751991331577e-05,4.375088691711425781e+00
8.235750347375869751e-02,-7.195118814706802368e-05,4.600081410899292678e-06,-1.952532329596579075e-05,-5.250055983196943998e-05,4.601183891296386719e+00
5.975539237260818481e-02,-6.408304907381534576e-04,3.770238890865584835e-06,-1.317665737587958574e-05,-5.678481102222576737e-05,4.598264694213867188e+00
4.907848685979843140e-02,-9.095608256757259369e-04,3.378233031980926171e-06,-1.160937245003879070e-05,-5.919697287026792765e-05,4.944035053253173828e+00
6.699695438146591187e-02,-4.585655406117439270e-04,4.036114660266321152e-06,-1.802874612621963024e-05,-5.256674194242805243e-05,4.261601448059082031e+00
6.377791613340377808e-02,-5.395864136517047882e-04,3.917926733265630901e-06,-1.521989179309457541e-05,-5.507612513611093163e-05,4.642571926116943359e+00
5.736898630857467651e-02,-7.008945103734731674e-04,3.682621354528237134e-06,-1.508095010649412870e-05,-5.588922795141115785e-05,4.612153530120849609e+00
7.410077005624771118e-02,-2.797674387693405151e-04,4.296933184377849102e-06,-1.882648211903870106e-05,-5.199505540076643229e-05,4.076854705810546875e+00
6.214978545904159546e-02,-5.805655382573604584e-04,3.858149284496903419e-06,-1.399363100063055754e-05,-4.913021984975785017e-05,1.700371742248535156e+00
5.903760343790054321e-02,-6.588967517018318176e-04,3.743884917639661580e-06,-1.070355938281863928e-05,-5.078663525637239218e-05,1.433276414871215820e+00
5.819078534841537476e-02,-6.802107673138380051e-04,3.712793386512203142e-06,-1.142748806159943342e-05,-4.986146814189851284e-05,1.313446044921875000e+00
6.687570363283157349e-02,-4.616174846887588501e-04,4.031662683701142669e-06,-1.355336280539631844e-05,-4.829418321605771780e-05,1.338255167007446289e+00
7.908207178115844727e-02,4.362473264336585999e-04,-2.699426840990781784e-05,-1.325241464655846357e-05,-4.834635183215141296e-05,1.358159542083740234e+00
5.416154488921165466e-02,-3.645575838163495064e-03,2.152708359062671661e-02,-8.616305422037839890e-06,-5.156581755727529526e-05,1.454268693923950195e+00
7.405849546194076538e-02,-2.808310091495513916e-04,4.295381131669273600e-06,-1.702365989331156015e-05,-5.497263919096440077e-05,4.855721473693847656e+00
6.049378961324691772e-02,-6.222457159310579300e-04,3.797349108936032280e-06,-1.081901427824050188e-05,-5.420952220447361469e-05,3.870393753051757812e+00
6.701114028692245483e-02,-4.582086112350225449e-04,4.036635345983086154e-06,-1.395173603668808937e-05,-5.663761839969083667e-05,4.834118366241455078e+00
5.899170786142349243e-02,-6.600520573556423187e-04,3.742199623957276344e-06,-1.322510070167481899e-05,-5.792238516733050346e-05,4.986762046813964844e+00
5.789507180452346802e-02,-6.876534316688776016e-04,3.701936293509788811e-06,-1.226193853653967381e-05,-6.046419002814218402e-05,5.271539688110351562e+00
6.346947699785232544e-02,-5.473494529724121094e-04,3.906602159986505285e-06,-1.457551843486726284e-05,-5.794919707113876939e-05,5.179506778717041016e+00
7.691741734743118286e-02,-2.088742330670356750e-04,4.400346824695589021e-06,-1.783603511285036802e-05,-5.366491677705198526e-05,4.612849235534667969e+00
6.899378448724746704e-02,-4.083064850419759750e-04,4.109429028176236898e-06,-1.540315861348062754e-05,-5.470088217407464981e-05,4.795122623443603516e+00
7.872129976749420166e-02,4.197782836854457855e-04,-2.585348556749522686e-05,-1.784550840966403484e-05,-5.707643140340223908e-05,5.294706344604492188e+00
5.675806850194931030e-02,-7.162711117416620255e-04,3.660190941445762292e-06,-1.385879295412451029e-05,-5.860351666342467070e-05,5.164165973663330078e+00
6.319447606801986694e-02,-5.542712751775979996e-04,3.896505404554773122e-06,-1.318949216511100531e-05,-5.650876846630126238e-05,4.463706970214843750e+00
4.305491596460342407e-02,-1.061169896274805069e-03,3.157076207571662962e-06,-1.398968743160367012e-05,-5.862479156348854303e-05,5.103810310363769531e+00
4.405231028795242310e-02,-1.036066096276044846e-03,3.193696102243848145e-06,-5.976529791951179504e-06,-6.167991523398086429e-05,4.686728954315185547e+00
5.413722246885299683e-02,-7.822359912097454071e-04,3.563965947250835598e-06,-9.913943358696997166e-06,-6.302489782683551311e-05,5.616280078887939453e+00
4.750683158636093140e-02,-9.491180535405874252e-04,3.320529685879591852e-06,-1.196289667859673500e-05,-5.966438766336068511e-05,5.162961959838867188e+00
6.593622267246246338e-02,-3.637028159573674202e-03,2.239342406392097473e-02,-1.327220525126904249e-05,-6.684225809294730425e-05,6.648736953735351562e+00
4.949466139078140259e-02,-8.990860078483819962e-04,3.393512997718062252e-06,-1.215850352309644222e-05,-6.046592898201197386e-05,5.309967041015625000e+00
5.297129601240158081e-02,-8.115814998745918274e-04,3.521158760122489184e-06,-1.397350570186972618e-05,-5.836317723151296377e-05,5.170889377593994141e+00
6.419757008552551270e-02,-3.638290334492921829e-03,2.226549945771694183e-02,-1.221848651766777039e-05,-6.862333975732326508e-05,7.109494209289550781e+00
6.031341105699539185e-02,-6.267856806516647339e-04,3.790726623265072703e-06,-1.557782525196671486e-05,-5.697442975360900164e-05,5.254602909088134766e+00
5.232133716344833374e-02,-8.279404137283563614e-04,3.497295438137371093e-06,-1.447270915377885103e-05,-5.869835877092555165e-05,5.231920719146728516e+00
8.093162626028060913e-02,5.206791684031486511e-04,-3.284277045167982578e-05,-1.651101047173142433e-05,-5.434141348814591765e-05,4.650578498840332031e+00
6.641047447919845581e-02,-4.733267705887556076e-04,4.014581918454496190e-06,-1.129313022829592228e-05,-5.324622179614380002e-05,2.596945047378540039e+00
6.291648745536804199e-02,-3.639220260083675385e-03,2.217124216258525848e-02,-9.483017493039369583e-06,-4.824220377486199141e-05,5.669095516204833984e-01
5.863971263170242310e-02,-6.689114961773157120e-04,3.729276158992433921e-06,-1.243434962816536427e-05,-4.666995664592832327e-05,6.951211690902709961e-01
6.035835295915603638e-02,-6.256543565541505814e-04,3.792376901401439682e-06,-1.333504042122513056e-05,-4.638009704649448395e-05,7.432700395584106445e-01
6.732668727636337280e-02,-4.502662923187017441e-04,4.048220944241620600e-06,-1.468065602239221334e-05,-4.561412788461893797e-05,7.130914330482482910e-01
4.525429755449295044e-02,-1.005813013762235641e-03,3.237827058910625055e-06,-9.488867362961173058e-06,-4.948380228597670794e-05,1.010195851325988770e+00
4.407285898923873901e-02,-1.035548746585845947e-03,3.194450528098968789e-06,-1.221029378939419985e-05,-4.715619434136897326e-05,6.653602123260498047e-01
5.318855494260787964e-02,-8.061132393777370453e-04,3.529135483404388651e-06,-1.179266837425529957e-05,-4.806618380825966597e-05,9.714792966842651367e-01
7.535628229379653931e-02,2.661654725670814514e-04,-1.521289232186973095e-05,-7.676848326809704304e-06,-5.210506060393527150e-05,1.647812366485595703e+00
6.224200874567031860e-02,-5.782439839094877243e-04,3.861535788018954918e-06,-1.582120603416115046e-05,-5.020320531912147999e-05,3.224526166915893555e+00
6.756701320409774780e-02,-4.442175850272178650e-04,4.057044407090870664e-06,-1.487068948335945606e-05,-5.565145693253725767e-05,4.534797668457031250e+00
6.746902316808700562e-02,-4.466839600354433060e-04,4.053446446050656959e-06,-1.395007711835205555e-05,-6.121813203208148479e-05,5.998830318450927734e+00
5.078574270009994507e-02,-8.665903005748987198e-04,3.440915861574467272e-06,-1.483641972299665213e-05,-5.561722355196252465e-05,4.565446853637695312e+00
5.353739112615585327e-02,-7.973334286361932755e-04,3.541942987794755027e-06,-1.603523560333997011e-05,-5.320457421476021409e-05,3.988268375396728516e+00
6.272879987955093384e-02,-5.659917369484901428e-04,3.879408268403494731e-06,-1.713196979835629463e-05,-5.276287265587598085e-05,4.142756462097167969e+00
4.247157275676727295e-02,-1.075852196663618088e-03,3.135658516839612275e-06,-1.673476072028279305e-05,-5.158737621968612075e-05,3.455283403396606445e+00
5.155994743108749390e-02,-8.471040055155754089e-04,3.469340754236327484e-06,-1.601848634891211987e-05,-5.051220068708062172e-05,2.724226713180541992e+00
3.918664902448654175e-02,-1.158531522378325462e-03,3.015051788679556921e-06,-1.311454980168491602e-05,-4.821736365556716919e-05,1.040273189544677734e+00
4.261035472154617310e-02,-1.072359271347522736e-03,3.140753960906295106e-06,-1.292172237299382687e-05,-4.626065492630004883e-05,4.722742438316345215e-01
4.013041406869888306e-02,-1.134777441620826721e-03,3.049702627322403714e-06,-1.192226773127913475e-05,-4.647982132155448198e-05,3.187303841114044189e-01
3.525635600090026855e-02,-1.257454045116901398e-03,2.870749995054211468e-06,-9.755152859725058079e-06,-4.681230348069220781e-05,-1.258248090744018555e-02
5.011788755655288696e-02,-8.833997417241334915e-04,3.416395429667318240e-06,-8.888338925316929817e-06,-4.533155879471451044e-05,-2.027555406093597412e-01
4.281210154294967651e-02,-1.067281467840075493e-03,3.148161340504884720e-06,-8.722636266611516476e-06,-4.302427987568080425e-05,-5.743734240531921387e-01
6.631512194871902466e-02,-1.465620007365942001e-04,1.337623689323663712e-05,-8.812217856757342815e-06,-3.922647738363593817e-05,-1.128474950790405273e+00
4.415511339902877808e-02,-1.033478649333119392e-03,3.197470050508854911e-06,-1.060077920556068420e-05,-3.708481381181627512e-05,-1.245252728462219238e+00
5.016446486115455627e-02,-3.648477606475353241e-03,2.123299241065979004e-02,-1.031543069984763861e-05,-3.973547427449375391e-05,-8.794105052947998047e-01
5.044526606798171997e-02,-8.751598652452230453e-04,3.428414856898598373e-06,-1.236391835846006870e-05,-3.644726530183106661e-05,-1.130815625190734863e+00
5.517516285181045532e-02,-7.561116944998502731e-04,3.602074684749823064e-06,-1.269312633667141199e-05,-3.874265530612319708e-05,-7.756224870681762695e-01
4.970113188028335571e-02,-8.938889950513839722e-04,3.401094090804690495e-06,-1.078883360605686903e-05,-4.157573857810348272e-05,-5.421230196952819824e-01
7.420150190591812134e-02,2.134502865374088287e-04,-1.156138023361563683e-05,-1.306543708778917789e-05,-3.899289004039019346e-05,-6.909655332565307617e-01
5.113477259874343872e-02,-8.578053675591945648e-04,3.453730641922447830e-06,-9.275725460611283779e-06,-4.293948586564511061e-05,-4.542157649993896484e-01
4.231545329093933105e-02,-1.079781679436564445e-03,3.129926881229039282e-06,-1.044933742377907038e-05,-4.194786015432327986e-05,-5.531734824180603027e-01
7.129206508398056030e-02,8.063460700213909149e-05,-2.361397491768002510e-06,-1.215148949995636940e-05,-3.900335286743938923e-05,-7.900861501693725586e-01
4.690448194742202759e-02,-9.642790537327528000e-04,3.298413957963930443e-06,-8.171977242454886436e-06,-4.715604882221668959e-05,-1.752266287803649902e-02
4.091914743185043335e-02,-1.114925602450966835e-03,3.078660938626853749e-06,-9.095048881135880947e-06,-4.687288310378789902e-05,-1.507309079170227051e-02
4.292260855436325073e-02,-1.064499840140342712e-03,3.152218596369493753e-06,-8.209244697354733944e-06,-4.756373527925461531e-05,-1.524171233177185059e-02
4.272424429655075073e-02,-1.069492660462856293e-03,3.144935362797696143e-06,-8.637769496999680996e-06,-4.674664523918181658e-05,-4.945075511932373047e-02
6.698123365640640259e-02,-1.161540858447551727e-04,1.126993447542190552e-05,-8.603121386840939522e-06,-4.654610529541969299e-05,-1.155605912208557129e-01
4.871905595064163208e-02,-9.186074603348970413e-04,3.365036718605551869e-06,-1.127766154240816832e-05,-3.879045834764838219e-05,-9.393532872200012207e-01
4.732265323400497437e-02,-9.537539444863796234e-04,3.313767138024559245e-06,-1.112694735638797283e-05,-3.776438825298100710e-05,-1.078276634216308594e+00
5.132777243852615356e-02,-8.529480546712875366e-04,3.460816060396609828e-06,-1.093914033845067024e-05,-4.022721259389072657e-05,-7.534772157669067383e-01
5.544809252023696899e-02,-7.492424920201301575e-04,3.612095042626606300e-06,-1.234504452440887690e-05,-3.931162063963711262e-05,-7.360887527465820312e-01
5.769471079111099243e-02,-6.926965434104204178e-04,3.694580300361849368e-06,-1.053996675182133913e-05,-4.246608295943588018e-05,-4.226675629615783691e-01
7.562357932329177856e-02,2.783676609396934509e-04,-1.605812576599419117e-05,-1.189047179650515318e-05,-4.025033558718860149e-05,-6.093057990074157715e-01
7.726798951625823975e-02,3.534345887601375580e-04,-2.125793253071606159e-05,-1.085616531781852245e-05,-4.288971831556409597e-05,-3.096798956394195557e-01
6.403511017560958862e-02,-5.331130232661962509e-04,3.927369562006788328e-06,-1.495656033512204885e-05,-3.743215347640216351e-05,-6.878033876419067383e-01
5.640187114477157593e-02,-7.252362556755542755e-04,3.647113317128969356e-06,-1.152334152720868587e-05,-3.701170498970896006e-05,-1.104329586029052734e+00
5.309142917394638062e-02,-8.085577283054590225e-04,3.525569354678737000e-06,-1.115021586883813143e-05,-3.611565625760704279e-05,-1.307435393333435059e+00
4.994174093008041382e-02,-8.878330700099468231e-04,3.409928012843010947e-06,-1.036294270306825638e-05,-3.312050830572843552e-05,-1.859099388122558594e+00
5.434224754571914673e-02,-7.770757656544446945e-04,3.571493380150059238e-06,-1.429038820788264275e-05,-2.693374699447304010e-05,-2.439986705780029297e+00
5.398397892713546753e-02,-7.860928308218717575e-04,3.558339813025668263e-06,-2.174756082240492105e-05,-1.638733374420553446e-05,-3.405511856079101562e+00
5.577170103788375854e-02,-7.410973776131868362e-04,3.623976226663216949e-06,-2.086831955239176750e-05,-1.673075894359499216e-05,-3.362415075302124023e+00
5.138815194368362427e-02,-8.514281362295150757e-04,3.463032953732181340e-06,-2.187055360991507769e-05,-1.466427056584507227e-05,-3.623683929443359375e+00
5.019069463014602661e-02,-8.815673645585775375e-04,3.419068434595828876e-06,-2.244576171506196260e-05,-1.377584703732281923e-05,-3.703431844711303711e+00
5.298339575529098511e-02,-8.112767245620489120e-04,3.521603048284305260e-06,-1.922264345921576023e-05,-1.854522270150482655e-05,-3.186471700668334961e+00
5.991985276341438293e-02,-3.641395596787333488e-03,2.195075899362564087e-02,-7.940921932458877563e-06,-4.727377381641417742e-05,-1.789185404777526855e-02
5.328784137964248657e-02,-8.036142680794000626e-04,3.532780738169094548e-06,-8.298535249195992947e-06,-4.706214531324803829e-05,-1.747345924377441406e-02
5.802720040082931519e-02,-6.843279115855693817e-04,3.706787992996396497e-06,-9.859402780421078205e-06,-4.626681038644164801e-05,5.068078637123107910e-02
6.289293617010116577e-02,-5.618606228381395340e-04,3.885434580297442153e-06,-9.529758244752883911e-06,-4.652934148907661438e-05,5.017387866973876953e-02
5.720498412847518921e-02,-7.050223648548126221e-04,3.676600044855149463e-06,-1.237934338860213757e-05,-3.499240847304463387e-05,-1.310959815979003906e+00
4.755344241857528687e-02,-9.479448199272155762e-04,3.322240900160977617e-06,-2.349795249756425619e-05,-1.016289752442389727e-05,-4.170205593109130859e+00
4.792139679193496704e-02,-9.386837482452392578e-04,3.335750534461112693e-06,-2.520863199606537819e-05,-9.859257261268794537e-06,-4.099914550781250000e+00
4.870457202196121216e-02,-9.189718402922153473e-04,3.364505118952365592e-06,-2.340313221793621778e-05,-7.045542588457465172e-06,-4.741811752319335938e+00
4.631211608648300171e-02,-9.791883639991283417e-04,3.276665211160434410e-06,-2.639596641529351473e-05,-3.342327545396983624e-06,-4.968466758728027344e+00
4.953470081090927124e-02,-8.980780839920043945e-04,3.394983195903478190e-06,-2.321797364857047796e-05,-1.026391691993921995e-05,-4.056694507598876953e+00
5.035784095525741577e-02,-8.773603476583957672e-04,3.425204795348690823e-06,-1.305175828747451305e-05,-2.892139309551566839e-05,-2.187091350555419922e+00
5.891161412000656128e-02,-6.620679050683975220e-04,3.739259227586444467e-06,-1.166691072285175323e-05,-3.722193650901317596e-05,-1.052102327346801758e+00
5.831561237573623657e-02,-6.770689506083726883e-04,3.717376785061787814e-06,-1.368926314171403646e-05,-3.723736153915524483e-05,-8.858039379119873047e-01
5.558676272630691528e-02,-7.457518950104713440e-04,3.617186393967131153e-06,-1.327242352999746799e-05,-3.681126690935343504e-05,-9.675283432006835938e-01
5.268790572881698608e-02,-8.187142666429281235e-04,3.510754140734206885e-06,-1.469938433729112148e-05,-3.105979703832417727e-05,-1.664700031280517578e+00
4.787858575582504272e-02,-9.397612884640693665e-04,3.334178927616449073e-06,-1.158780651167035103e-05,-3.180741623509675264e-05,-1.974182844161987305e+00
5.416031926870346069e-02,-7.816546130925416946e-04,3.564814051060238853e-06,-2.000339736696332693e-05,-2.059507824014872313e-05,-2.726865291595458984e+00
5.492664128541946411e-02,-7.623666897416114807e-04,3.592950179154286161e-06,-2.215240965597331524e-05,-1.249954220838844776e-05,-3.801438808441162109e+00
5.057396739721298218e-02,-8.719207253307104111e-04,3.433140136621659622e-06,-2.075088559649884701e-05,-1.238886034116148949e-05,-3.982652187347412109e+00
4.603812843561172485e-02,-9.860845748335123062e-04,3.266605745011474937e-06,-2.142117591574788094e-05,-7.722133887000381947e-06,-4.635448455810546875e+00
4.525048285722732544e-02,-1.005909172818064690e-03,3.237686996726552024e-06,-1.998488733079284430e-05,-1.233493094332516193e-05,-4.127486705780029297e+00
4.345016926527023315e-02,-1.051221508532762527e-03,3.171588105033151805e-06,-2.141340519301593304e-05,-9.687835699878633022e-06,-4.388987064361572266e+00
4.315792769193649292e-02,-1.058577327057719231e-03,3.160858341288985685e-06,-2.655296702869236469e-05,-5.796391633339226246e-06,-4.537267684936523438e+00
4.937780648469924927e-02,-9.020271245390176773e-04,3.389222911209799349e-06,-2.531601057853549719e-05,-6.912785465829074383e-06,-4.485132217407226562e+00
5.160038918256759644e-02,-8.460863027721643448e-04,3.470825504336971790e-06,-2.956911339424550533e-05,-4.064553650096058846e-06,-4.563265323638916016e+00
4.736994951963424683e-02,-9.525634814053773880e-04,3.315503818157594651e-06,-3.586171078495681286e-05,2.823275281116366386e-06,-5.163696289062500000e+00
4.372257739305496216e-02,-1.044365111738443375e-03,3.181589818268548697e-06,-3.108252712991088629e-05,-3.918525180779397488e-06,-4.537749290466308594e+00
4.257690906524658203e-02,-1.073200954124331474e-03,3.139526143058901653e-06,-3.041059244424104691e-05,-5.799302016384899616e-06,-4.457159996032714844e+00
4.840729385614395142e-02,-9.264543186873197556e-04,3.353589818289037794e-06,-3.328520688228309155e-05,-1.030130079016089439e-07,-4.980286598205566406e+00
5.028485506772994995e-02,-8.791973814368247986e-04,3.422525423957267776e-06,-3.686849959194660187e-05,8.504459401592612267e-06,-5.997998237609863281e+00
6.995146721601486206e-02,1.943670213222503662e-05,1.877720933407545090e-06,-3.063623444177210331e-05,-5.454101483337581158e-06,-4.283381462097167969e+00
5.595263093709945679e-02,-7.365434430539608002e-04,3.630619175964966416e-06,-1.647433964535593987e-05,-2.759863855317234993e-05,-2.024136066436767578e+00
6.010656803846359253e-02,-6.319917738437652588e-04,3.783131887757917866e-06,-1.834738941397517920e-05,-3.152781573589891195e-05,-1.265776157379150391e+00
5.760195106267929077e-02,-6.950311362743377686e-04,3.691174242703709751e-06,-1.279918069485574961e-05,-4.118523793295025826e-05,-3.784347772598266602e-01
6.247767433524131775e-02,-3.639538772404193878e-03,2.213895507156848907e-02,-1.114299811888486147e-05,-4.132250614929944277e-05,-5.134682655334472656e-01
6.037256866693496704e-02,-6.252964958548545837e-04,3.792898496612906456e-06,-1.256255200132727623e-05,-4.095346957910805941e-05,-4.557364881038665771e-01
6.863427162170410156e-02,-3.635069588199257851e-03,2.259193733334541321e-02,-1.557733048684895039e-05,-3.678150824271142483e-05,-7.626802921295166016e-01
5.652534216642379761e-02,-7.221286650747060776e-04,3.651646238722605631e-06,-1.523125683888792992e-05,-3.122987982351332903e-05,-1.592108368873596191e+00
6.244627758860588074e-02,-3.639561589807271957e-03,2.213664539158344269e-02,-2.933232462964951992e-05,-7.564158295281231403e-06,-3.981930971145629883e+00
5.330073088407516479e-02,-8.032899349927902222e-04,3.533254130161367357e-06,-3.011878288816660643e-05,-6.984191713854670525e-06,-4.195421695709228516e+00
5.447491258382797241e-02,-7.737362757325172424e-04,3.576364633772755042e-06,-3.161514177918434143e-05,1.820546458475291729e-06,-5.311337947845458984e+00
5.778604000806808472e-02,-6.903978064656257629e-04,3.697933152579935268e-06,-3.038696013391017914e-05,-2.236949512735009193e-06,-4.665171623229980469e+00
5.484545975923538208e-02,-7.644102443009614944e-04,3.589968855521874502e-06,-2.502911956980824471e-05,-1.207277819048613310e-05,-3.689878463745117188e+00
5.848581343889236450e-02,-6.727850995957851410e-04,3.723625468410318717e-06,-2.236629370599985123e-05,-1.666553725954145193e-05,-3.135689973831176758e+00
6.452837586402893066e-02,-3.638050053268671036e-03,2.228983864188194275e-02,-1.560852979309856892e-05,-3.468403883744031191e-05,-1.048215627670288086e+00
6.667445600032806396e-02,-3.636492183431982994e-03,2.244774065911769867e-02,-1.568678999319672585e-05,-3.492040559649467468e-05,-9.712717533111572266e-01
5.119978636503219604e-02,-8.561692666262388229e-04,3.456117156019899994e-06,-1.324006007052958012e-05,-3.263667167630046606e-05,-1.601625680923461914e+00
5.001778155565261841e-02,-8.859196677803993225e-04,3.412719252082752064e-06,-2.374316682107746601e-05,-1.075184263754636049e-05,-4.100153923034667969e+00
5.372249335050582886e-02,-7.926742546260356903e-04,3.548739186953753233e-06,-3.062727046199142933e-05,-7.648632163181900978e-07,-5.007712364196777344e+00
7.547177374362945557e-02,2.714376896619796753e-04,-1.557808718644082546e-05,-2.621448948048055172e-05,-1.133186742663383484e-05,-3.650130987167358398e+00
5.828391760587692261e-02,-6.778666283935308456e-04,3.716213086590869352e-06,-2.325986861251294613e-05,-1.614146458450704813e-05,-3.198019504547119141e+00
5.685595422983169556e-02,-7.138072978705167770e-04,3.663785264507168904e-06,-2.997202682308852673e-05,-6.552712875418365002e-06,-3.950105190277099609e+00
7.447823882102966309e-02,2.260832116007804871e-04,-1.243644510395824909e-05,-2.085660526063293219e-05,-2.173949906136840582e-05,-2.534330606460571289e+00
6.481917947530746460e-02,-5.133787635713815689e-04,3.956156888307305053e-06,-2.271389530505985022e-05,-1.976815110538154840e-05,-2.623299598693847656e+00
5.624615401029586792e-02,-7.291557267308235168e-04,3.641395778686273843e-06,-1.984996197279542685e-05,-2.333251177333295345e-05,-2.420394420623779297e+00
6.166746467351913452e-02,-5.927050951868295670e-04,3.840440967906033620e-06,-2.674129791557788849e-05,-1.215552038047462702e-05,-3.389318704605102539e+00
6.203720718622207642e-02,-5.833988543599843979e-04,3.854016085824696347e-06,-2.003027475439012051e-05,-2.387174754403531551e-05,-2.268937110900878906e+00
6.263051182031631470e-02,-5.684657953679561615e-04,3.875799393426859751e-06,-2.131557266693562269e-05,-2.261220652144402266e-05,-2.322760820388793945e+00
5.372979491949081421e-02,-7.924905512481927872e-04,3.549007487890776247e-06,-1.670188794378191233e-05,-2.569759089965373278e-05,-2.370521545410156250e+00
5.867934972047805786e-02,-6.679138168692588806e-04,3.730731350515270606e-06,-1.559156225994229317e-05,-3.146781818941235542e-05,-1.571727871894836426e+00
7.607192546129226685e-02,2.988344058394432068e-04,-1.747586065903306007e-05,-1.633178908377885818e-05,-3.138803003821521997e-05,-1.488975167274475098e+00
5.641288310289382935e-02,-7.249591872096061707e-04,3.647517587523907423e-06,-1.393581624142825603e-05,-3.264278348069638014e-05,-1.586950540542602539e+00
5.331446975469589233e-02,-8.029441814869642258e-04,3.533758444973500445e-06,-1.765700289979577065e-05,-2.310430863872170448e-05,-2.639502048492431641e+00
7.631286233663558960e-02,3.098333254456520081e-04,-1.823771162889897823e-05,-1.602136762812733650e-05,-2.865048008970916271e-05,-1.934605121612548828e+00
5.721420794725418091e-02,-7.047904655337333679e-04,3.676938376884208992e-06,-1.602989505045115948e-05,-2.966339525301009417e-05,-1.796680331230163574e+00
6.029760092496871948e-02,-6.271835882216691971e-04,3.790145910897990689e-06,-1.471690484322607517e-05,-3.170718264300376177e-05,-1.592630386352539062e+00
7.422052323818206787e-02,2.143182791769504547e-04,-1.162150874733924866e-05,-1.594997593201696873e-05,-2.677437441889196634e-05,-2.215192317962646484e+00
5.857414752244949341e-02,-6.705615669488906860e-04,3.726868726516840979e-06,-1.642107963562011719e-05,-2.790344296954572201e-05,-2.043004989624023438e+00
5.315919965505599976e-02,-8.068520110100507736e-04,3.528057732182787731e-06,-1.222456921823322773e-05,-3.335947985760867596e-05,-1.643617749214172363e+00
6.504622846841812134e-02,-5.076639354228973389e-04,3.964492861996404827e-06,-1.645809970796108246e-05,-2.913980279117822647e-05,-1.812374830245971680e+00
5.399376899003982544e-02,-7.858464960008859634e-04,3.558699063432868570e-06,-1.697338302619755268e-05,-2.481053525116294622e-05,-2.451443672180175781e+00
5.453468114137649536e-02,-7.722324226051568985e-04,3.578558789740782231e-06,-1.663660805206745863e-05,-2.625127672217786312e-05,-2.276023864746093750e+00
5.653847008943557739e-02,-7.217982783913612366e-04,3.652128270914545283e-06,-1.693198282737284899e-05,-2.515492087695747614e-05,-2.366031885147094727e+00
5.332561582326889038e-02,-8.026633877307176590e-04,3.534167717589298263e-06,-1.624414289835840464e-05,-2.508021134417504072e-05,-2.474450349807739258e+00
4.131497442722320557e-02,-1.104963012039661407e-03,3.093193754466483369e-06,-3.021360316779464483e-05,-1.001318742055445910e-05,-3.629720211029052734e+00
5.206672102212905884e-02,-8.343493100255727768e-04,3.487946742097847164e-06,-2.835690975189208984e-05,-8.004470146261155605e-06,-3.976248025894165039e+00
7.288824021816253662e-02,1.534996554255485535e-04,-7.408671081066131592e-06,-3.323714190628379583e-05,3.107998054474592209e-07,-5.005982875823974609e+00
4.907233268022537231e-02,-9.097158908843994141e-04,3.378007022547535598e-06,-2.974120434373617172e-05,-4.161774995736777782e-06,-4.643727779388427734e+00
7.230518758296966553e-02,1.268833875656127930e-04,-5.565001629292964935e-06,-3.171140269841998816e-05,3.992448910139501095e-06,-5.575651645660400391e+00
6.385733187198638916e-02,-3.638537367805838585e-03,2.224046550691127777e-02,-2.182860043831169605e-05,-1.906005491036921740e-05,-2.829059123992919922e+00
6.061022728681564331e-02,-6.193150766193866730e-04,3.801623734034365043e-06,-1.652531500440090895e-05,-2.791950828395783901e-05,-1.947348117828369141e+00
6.219578534364700317e-02,-5.794076714664697647e-04,3.859838216158095747e-06,-1.639728725422173738e-05,-2.805909025482833385e-05,-1.959186077117919922e+00
5.290121585130691528e-02,-8.133451920002698898e-04,3.518585799611173570e-06,-2.177539863623678684e-05,-1.776321732904762030e-05,-3.068121433258056641e+00
7.316216826438903809e-02,1.660045236349105835e-04,-8.274859283119440079e-06,-1.637944660615175962e-05,-2.639320155140012503e-05,-2.242538928985595703e+00
5.746299773454666138e-02,-6.985284853726625443e-04,3.686072886921465397e-06,-1.630806946195662022e-05,-2.781707735266536474e-05,-2.045423507690429688e+00
5.753574520349502563e-02,-6.966975051909685135e-04,3.688743618113221601e-06,-1.678583794273436069e-05,-2.590056101325899363e-05,-2.298900127410888672e+00
4.177790880203247070e-02,-1.093311235308647156e-03,3.110190391453215852e-06,-1.484376844018697739e-05,-2.559059066697955132e-05,-2.675197362899780273e+00
4.940634220838546753e-02,-9.013090748339891434e-04,3.390270194358890876e-06,-2.286132075823843479e-05,-1.573665940668433905e-05,-3.214070796966552734e+00
5.581188946962356567e-02,-7.400857284665107727e-04,3.625451881816843525e-06,-1.589194289408624172e-05,-2.508418401703238487e-05,-2.513593435287475586e+00
5.403635650873184204e-02,-7.847747765481472015e-04,3.560262484825216234e-06,-1.296274422202259302e-05,-2.979418786708265543e-05,-2.044468879699707031e+00
5.729069560766220093e-02,-7.028654217720031738e-04,3.679746441775932908e-06,-1.641614653635770082e-05,-2.966397732961922884e-05,-1.755649447441101074e+00
6.444556266069412231e-02,-5.227823276072740555e-04,3.942439434467814863e-06,-1.309900835622102022e-05,-3.928168735001236200e-05,-6.234601736068725586e-01
6.142403930425643921e-02,-5.988318007439374924e-04,3.831503818219061941e-06,-9.414114174433052540e-06,-4.469176928978413343e-05,-2.084042131900787354e-01
5.780302733182907104e-02,-6.899700965732336044e-04,3.698557520692702383e-06,-6.411675713025033474e-06,-4.754732071887701750e-05,-1.219336986541748047e-01
4.610209912061691284e-02,-9.844745509326457977e-04,3.268954060331452638e-06,-1.132133184000849724e-05,-4.213528882246464491e-05,-3.778986632823944092e-01
5.198570340871810913e-02,-8.363882079720497131e-04,3.484972239675698802e-06,-1.317440182901918888e-05,-3.783963620662689209e-05,-8.238932490348815918e-01
5.055429786443710327e-02,-8.724154904484748840e-04,3.432417997828451917e-06,-9.856987162493169308e-06,-4.303483001422137022e-05,-4.433956444263458252e-01
6.243518739938735962e-02,-5.733820144087076187e-04,3.868628027703380212e-06,-9.753915946930646896e-06,-4.492689913604408503e-05,-1.765487194061279297e-01
5.997119098901748657e-02,-6.353990174829959869e-04,3.778161953960079700e-06,-9.098206646740436554e-06,-4.673447983805090189e-05,-1.578024029731750488e-02
5.577262490987777710e-02,-7.410740945488214493e-04,3.624010332714533433e-06,-7.606518920511007309e-06,-4.681997234001755714e-05,-1.267594397068023682e-01
5.871054902672767639e-02,-3.642273601144552231e-03,2.186178416013717651e-02,-7.082751835696399212e-06,-4.809974052477627993e-05,-1.723971962928771973e-02
6.168469414114952087e-02,-3.640114562585949898e-03,2.208061143755912781e-02,-7.961571100167930126e-06,-4.804994387086480856e-05,2.331099212169647217e-01
4.947928339242935181e-02,-8.994729723781347275e-04,3.392948656255612150e-06,-8.015849743969738483e-06,-4.812703991774469614e-05,1.134906411170959473e-01
4.656129330396652222e-02,-9.729168377816677094e-04,3.285813818365568295e-06,-1.020728086587041616e-05,-4.876132879871875048e-05,8.332467079162597656e-01
6.093036010861396790e-02,-3.640662180259823799e-03,2.202510833740234375e-02,-1.240664278157055378e-05,-4.951731534674763680e-05,1.486286997795104980e+00
5.586984008550643921e-02,-7.386272773146629333e-04,3.627579644671641290e-06,-9.711977327242493629e-06,-4.946372064296156168e-05,1.026137351989746094e+00
5.481360107660293579e-02,-7.652118802070617676e-04,3.588799700082745403e-06,-1.001163036562502384e-05,-4.656927194446325302e-05,4.104065895080566406e-02
5.739491432905197144e-02,-7.002418860793113708e-04,3.683573140733642504e-06,-1.009258267004042864e-05,-4.447253013495355844e-05,-2.226267009973526001e-01
5.845590680837631226e-02,-6.735378410667181015e-04,3.722527253557927907e-06,-1.121620880439877510e-05,-4.558109503705054522e-05,-1.278167963027954102e-02
6.309944391250610352e-02,-3.639087546616792679e-03,2.218470349907875061e-02,-7.237045792862772942e-06,-4.812674887944012880e-05,3.682243824005126953e-02
6.060559302568435669e-02,-6.194314919412136078e-04,3.801454113272484392e-06,-9.383511496707797050e-06,-4.643920692615211010e-05,-1.610466837882995605e-02
7.919967919588088989e-02,4.416164010763168335e-04,-2.736615715548396111e-05,-7.375492714345455170e-06,-4.802906187251210213e-05,7.604658603668212891e-04
5.731812864542007446e-02,-7.021746132522821426e-04,3.680754161905497313e-06,-8.145463652908802032e-06,-4.732493835035711527e-05,-1.675602793693542480e-02
5.316337198019027710e-02,-8.067470043897628784e-04,3.528210982040036470e-06,-7.660128176212310791e-06,-4.826035001315176487e-05,1.527967453002929688e-01
5.519292503595352173e-02,-7.556646596640348434e-04,3.602726337703643367e-06,-9.808281902223825455e-06,-4.621033440344035625e-05,-1.549059152603149414e-02
5.851241201162338257e-02,-6.721154786646366119e-04,3.724602265720022842e-06,-1.029483973979949951e-05,-4.617522063199430704e-05,-1.360514760017395020e-02
5.982331186532974243e-02,-6.391210481524467468e-04,3.772732270590495318e-06,-7.840222679078578949e-06,-4.738895222544670105e-05,-1.772028207778930664e-02
6.027748435735702515e-02,-6.276899948716163635e-04,3.789407401200151071e-06,-1.036375761032104492e-05,-4.623981658369302750e-05,-1.297587156295776367e-02
6.456597894430160522e-02,-5.197513382881879807e-04,3.946860488213133067e-06,-9.915951522998511791e-06,-4.588438605424016714e-05,-1.672989130020141602e-02
5.951186269521713257e-02,-6.469599902629852295e-04,3.761297193705104291e-06,-7.710288628004491329e-06,-4.772887041326612234e-05,-1.650288701057434082e-02
7.964899390935897827e-02,4.621269181370735168e-04,-2.878691884689033031e-05,-9.282812243327498436e-06,-4.605769936461001635e-05,-5.564057826995849609e-02
5.860855430364608765e-02,-6.696956697851419449e-04,3.728132014657603577e-06,-8.085116860456764698e-06,-4.379713209345936775e-05,-4.710689783096313477e-01
6.333046406507492065e-02,-5.508484318852424622e-04,3.901498530467506498e-06,-1.323450123891234398e-05,-3.393051156308501959e-05,-1.402203679084777832e+00
5.951420217752456665e-02,-6.469013169407844543e-04,3.761383140954421833e-06,-1.512214657850563526e-05,-3.151020791847258806e-05,-1.585369110107421875e+00
7.917268574237823486e-02,4.403837956488132477e-04,-2.728082472458481789e-05,-1.669180346652865410e-05,-2.844203845597803593e-05,-1.859277844429016113e+00
5.817321687936782837e-02,-6.806526798754930496e-04,3.712149009515997022e-06,-1.764895569067448378e-05,-2.643633342813700438e-05,-2.126557111740112305e+00
7.254709303379058838e-02,1.379265449941158295e-04,-6.329937605187296867e-06,-1.312818494625389576e-05,-3.059556183870881796e-05,-1.942607283592224121e+00
5.033019930124282837e-02,-8.780560456216335297e-04,3.424190254008863121e-06,-1.343146141152828932e-05,-2.865471469704061747e-05,-2.208313226699829102e+00
5.188687890768051147e-02,-8.388753049075603485e-04,3.481344265310326591e-06,-1.627684105187654495e-05,-2.368038985878229141e-05,-2.642760038375854492e+00
3.528608381748199463e-02,-1.256705960258841515e-03,2.871841843443689868e-06,-2.370133006479591131e-05,-1.499101927038282156e-05,-3.506312608718872070e+00
5.413273721933364868e-02,-7.823489140719175339e-04,3.563801328709814698e-06,-2.587921335361897945e-05,-5.603316822089254856e-06,-4.737417697906494141e+00
4.464011639356613159e-02,-1.021271571516990662e-03,3.215277047274867073e-06,-3.603781806305050850e-05,4.113753675483167171e-06,-5.468219280242919922e+00
3.527149558067321777e-02,-1.257073134183883667e-03,2.871305696316994727e-06,-3.408530028536915779e-05,-1.313223037868738174e-06,-4.951065540313720703e+00
3.741526603698730469e-02,-1.203115796670317650e-03,2.950015186797827482e-06,-3.244419349357485771e-05,-5.555179086513817310e-06,-4.407085418701171875e+00
3.492115437984466553e-02,-1.265890896320343018e-03,2.858443167497171089e-06,-3.255048068240284920e-05,-3.461420419625937939e-06,-4.747266769409179688e+00
4.266028851270675659e-02,-1.071102451533079147e-03,3.142587502225069329e-06,-3.027742786798626184e-05,-3.005712642334401608e-06,-4.899005889892578125e+00
3.528328239917755127e-02,-1.256776507943868637e-03,2.871738615795038640e-06,-3.453284443821758032e-05,8.251954568549990654e-07,-5.198738098144531250e+00
3.385423123836517334e-02,-1.292744651436805725e-03,2.819270775944460183e-06,-3.195300814695656300e-05,1.836015144363045692e-07,-5.291458606719970703e+00
2.533873170614242554e-02,-1.507073873654007912e-03,2.506621967768296599e-06,-2.931489143520593643e-05,-5.451569450087845325e-06,-4.679831027984619141e+00
3.375028073787689209e-02,-1.295361202210187912e-03,2.815454081428470090e-06,-2.698917523957788944e-05,-5.762369255535304546e-06,-4.770934581756591797e+00
3.945318609476089478e-02,-1.151822973042726517e-03,3.024837496923282743e-06,-2.724555088207125664e-05,-4.482382792048156261e-06,-4.905249595642089844e+00
4.388939589262008667e-02,-1.040166476741433144e-03,3.187714355590287596e-06,-2.743565710261464119e-05,-8.683840860612690449e-06,-3.981823444366455078e+00
5.052455514669418335e-02,-8.731642737984657288e-04,3.431326149438973516e-06,-2.145129838027060032e-05,-1.450233685318380594e-05,-3.586508035659790039e+00
4.629953950643539429e-02,-9.795047808438539505e-04,3.276203642599284649e-06,-2.036988735198974609e-05,-1.840201730374246836e-05,-3.143853664398193359e+00
4.526776820421218872e-02,-1.005473779514431953e-03,3.238321824028389528e-06,-1.755739504005759954e-05,-2.070450864266604185e-05,-3.046441555023193359e+00
6.887596845626831055e-02,-2.965959720313549042e-05,5.278561729937791824e-06,-1.864090154413133860e-05,-1.999801315832883120e-05,-3.049405813217163086e+00
4.270627349615097046e-02,-1.069944817572832108e-03,3.144275979138910770e-06,-1.302811142522841692e-05,-2.731813583523035049e-05,-2.425208806991577148e+00
5.212631076574325562e-02,-8.328494150191545486e-04,3.490134986350312829e-06,-8.503397111780941486e-06,-4.577437357511371374e-05,-1.573673784732818604e-01
5.151779204607009888e-02,-8.481650147587060928e-04,3.467793249001260847e-06,-8.238246664404869080e-06,-4.692329093813896179e-05,-1.845270395278930664e-02
4.936862736940383911e-02,-9.022580925375223160e-04,3.388885943422792479e-06,-9.059789590537548065e-06,-4.461022035684436560e-05,-2.673854231834411621e-01
4.600123316049575806e-02,-9.870131034404039383e-04,3.265251052653184161e-06,-1.220582635141909122e-05,-3.817563992924988270e-05,-8.915141224861145020e-01
7.247504591941833496e-02,1.346375793218612671e-04,-6.102112820371985435e-06,-7.096372428350150585e-06,-4.688503395300358534e-05,-1.119502484798431396e-01
4.943709820508956909e-02,-9.005346801131963730e-04,3.391399786778492853e-06,-7.886046660132706165e-06,-4.755410191137343645e-05,-1.666575670242309570e-02
4.670468717813491821e-02,-9.693079628050327301e-04,3.291078428446780890e-06,-8.752875146456062794e-06,-4.709926724899560213e-05,-1.534894108772277832e-02
4.936180263757705688e-02,-9.024299215525388718e-04,3.388635377632454038e-06,-8.505288860760629177e-06,-4.694890230894088745e-05,-1.718425750732421875e-02
5.075544863939285278e-02,-8.673525881022214890e-04,3.439803549554198980e-06,-8.014874765649437904e-06,-4.701841680798679590e-05,-1.890695095062255859e-02
5.392847210168838501e-02,-7.874900475144386292e-04,3.556301635398995131e-06,-1.203149440698325634e-05,-3.943622868973761797e-05,-6.770864725112915039e-01
4.875885695219039917e-02,-9.176058229058980942e-04,3.366497821843950078e-06,-9.150870027951896191e-06,-4.347912908997386694e-05,-4.113445878028869629e-01
4.718125611543655396e-02,-9.573127608746290207e-04,3.308575742266839370e-06,-6.824091542512178421e-06,-4.732087836600840092e-05,-7.100605964660644531e-02
4.808176308870315552e-02,-9.346476290374994278e-04,3.341638603160390630e-06,-6.658126949332654476e-06,-4.799397720489650965e-05,-1.959529519081115723e-02
7.186146080493927002e-02,1.066275872290134430e-04,-4.161905962973833084e-06,-6.975038559176027775e-06,-4.767978680320084095e-05,-1.988387107849121094e-02
5.503017455339431763e-02,-7.597610820084810257e-04,3.596750957512995228e-06,-7.276728865690529346e-06,-4.698791599366813898e-05,-6.150007247924804688e-02
4.830727726221084595e-02,-9.289716836065053940e-04,3.349917733430629596e-06,-9.062205208465456963e-06,-4.307772906031459570e-05,-4.671958386898040771e-01
5.087422579526901245e-02,-8.643632754683494568e-04,3.444164576649200171e-06,-6.840797141194343567e-06,-4.814715066459029913e-05,-1.802131533622741699e-02
4.624942690134048462e-02,-9.807662572711706161e-04,3.274363734817598015e-06,-8.853297913447022438e-06,-4.693868686445057392e-05,-1.575812697410583496e-02
4.737410694360733032e-02,-9.524587076157331467e-04,3.315656613267492503e-06,-9.193012374453246593e-06,-4.659290425479412079e-05,-1.611423492431640625e-02
4.919929057359695435e-02,-9.065200574696063995e-04,3.382668637641472742e-06,-8.942355634644627571e-06,-4.689492925535887480e-05,-1.560738682746887207e-02
5.341019481420516968e-02,-8.005348499864339828e-04,3.537272732501151040e-06,-8.821720257401466370e-06,-4.658152465708553791e-05,-1.775184273719787598e-02
4.945115000009536743e-02,-9.001810103654861450e-04,3.391915925021748990e-06,-7.889393600635230541e-06,-4.699011333286762238e-05,-1.958772540092468262e-02
4.988118261098861694e-02,-8.893574122339487076e-04,3.407704298297176138e-06,-9.224590030498802662e-06,-4.418137541506439447e-05,-2.938284277915954590e-01
4.723388701677322388e-02,-9.559881873428821564e-04,3.310508418508106843e-06,-8.742688805796205997e-06,-4.689127672463655472e-05,-1.647508144378662109e-02
4.766712337732315063e-02,-9.450837969779968262e-04,3.326414571347413585e-06,-8.191418601199984550e-06,-4.692366928793489933e-05,-1.864975690841674805e-02
5.022751539945602417e-02,-8.806404657661914825e-04,3.420419943722663447e-06,-8.129340130835771561e-06,-4.724702739622443914e-05,-1.723018288612365723e-02
5.427040904760360718e-02,-7.788836956024169922e-04,3.568856300262268633e-06,-8.032395271584391594e-06,-4.727991472464054823e-05,-1.747110486030578613e-02
5.538695305585861206e-02,-7.507812697440385818e-04,3.609849954955279827e-06,-8.946255547925829887e-06,-4.570596502162516117e-05,-1.108088791370391846e-01
3.780056536197662354e-02,-1.193418167531490326e-03,2.964161467389203608e-06,-7.731709047220647335e-06,-3.602885408326983452e-05,-1.722164750099182129e+00
4.569519311189651489e-02,-9.947158396244049072e-04,3.254015155107481405e-06,-1.740170409902930260e-05,-2.034845238085836172e-05,-3.156427383422851562e+00
4.355678707361221313e-02,-1.048538135364651680e-03,3.175502570229582489e-06,-1.337230787612497807e-05,-2.406747080385684967e-05,-3.004770278930664062e+00
4.282959550619125366e-02,-1.066841185092926025e-03,3.148803443764336407e-06,-1.122918911278247833e-05,-2.723719808273017406e-05,-2.682921409606933594e+00
4.985264688730239868e-02,-8.900754619389772415e-04,3.406657015148084611e-06,-1.557057839818298817e-05,-2.279483305756002665e-05,-2.936466932296752930e+00
5.040292069315910339e-02,-3.648304380476474762e-03,2.125053666532039642e-02,-1.085060648620128632e-05,-3.039503644686192274e-05,-2.275666952133178711e+00
4.359927028417587280e-02,-1.047468977048993111e-03,3.177062353643123060e-06,-9.844326996244490147e-06,-3.046928031835705042e-05,-2.358934164047241211e+00
3.937365114688873291e-02,-1.153824850916862488e-03,3.021917564183240756e-06,-1.600651012267917395e-05,-2.013950143009424210e-05,-3.395506858825683594e+00
6.900271773338317871e-02,-2.387352287769317627e-05,4.877772880718111992e-06,-1.205297303386032581e-05,-2.776891051325947046e-05,-2.504217386245727539e+00
4.723080247640609741e-02,-9.560654871165752411e-04,3.310395186417736113e-06,-1.255210372619330883e-05,-2.751471765805035830e-05,-2.541437864303588867e+00
4.654275625944137573e-02,-9.733834303915500641e-04,3.285133061581291258e-06,-1.339707523584365845e-05,-2.476682129781693220e-05,-2.821128368377685547e+00
5.534417182207107544e-02,-7.518578786402940750e-04,3.608279712352668867e-06,-1.591807813383638859e-05,-2.948437759187072515e-05,-1.794706702232360840e+00
4.753584414720535278e-02,-9.483878966420888901e-04,3.321594704175367951e-06,-1.006547245196998119e-05,-3.704242408275604248e-05,-1.268249630928039551e+00
5.395362526178359985e-02,-7.868569809943437576e-04,3.557225227268645540e-06,-9.985975339077413082e-06,-3.408650809433311224e-05,-1.661067962646484375e+00
5.659747868776321411e-02,-7.203128188848495483e-04,3.654295142041519284e-06,-1.208035973832011223e-05,-2.881650289054960012e-05,-2.258800506591796875e+00
4.635340720415115356e-02,-9.781490080058574677e-04,3.278181338828289881e-06,-1.313809480052441359e-05,-3.387643664609640837e-05,-1.423446655273437500e+00
5.283290892839431763e-02,-8.150646463036537170e-04,3.516077867971034721e-06,-1.173981581814587116e-05,-3.399504930712282658e-05,-1.513312458992004395e+00
4.983463138341903687e-02,-8.905290160328149796e-04,3.405995357752544805e-06,-1.180812250822782516e-05,-3.200025821570307016e-05,-1.793374061584472656e+00
6.246467307209968567e-02,-3.639548318460583687e-03,2.213799953460693359e-02,-1.160077226813882589e-05,-3.342621494084596634e-05,-1.601764678955078125e+00
5.959156900644302368e-02,-6.449536886066198349e-04,3.764223947655409575e-06,-1.365219941362738609e-05,-3.349520557094365358e-05,-1.417714715003967285e+00
