4.730468988418579102e-02,4.926323890686035156e-03,2.934336662292480469e-04,1.580715179443359375e-04,1.532435417175292969e-04,3.183404803276062012e-01
4.676699638366699219e-02,4.815816879272460938e-03,2.837777137756347656e-04,1.575350761413574219e-04,1.528859138488769531e-04,3.180781602859497070e-01
4.677808284759521484e-02,4.818141460418701172e-03,2.839565277099609375e-04,1.577138900756835938e-04,1.528859138488769531e-04,3.181090950965881348e-01
4.566389322280883789e-02,4.593372344970703125e-03,2.646446228027343750e-04,1.662969589233398438e-04,1.611113548278808594e-04,3.237690925598144531e-01
4.656869173049926758e-02,4.775583744049072266e-03,2.803802490234375000e-04,1.593232154846191406e-04,1.544952392578125000e-04,3.192247152328491211e-01
4.594159126281738281e-02,4.648804664611816406e-03,2.694725990295410156e-04,1.645088195800781250e-04,1.595020294189453125e-04,3.226041197776794434e-01
4.629421234130859375e-02,4.719793796539306641e-03,2.755522727966308594e-04,1.643300056457519531e-04,1.595020294189453125e-04,3.225424289703369141e-01
4.696279764175415039e-02,4.855871200561523438e-03,2.873539924621582031e-04,1.600384712219238281e-04,1.552104949951171875e-04,3.196915984153747559e-01
6.238228082656860352e-02,6.840348243713378906e-03,1.194477081298828125e-03,1.625418663024902344e-04,1.575350761413574219e-04,3.213204145431518555e-01
4.489409923553466797e-02,4.441201686859130859e-03,2.517700195312500000e-04,1.686215400695800781e-04,1.636147499084472656e-04,3.253734111785888672e-01
8.648496866226196289e-02,1.313155889511108398e-02,1.480400562286376953e-03,1.745223999023437500e-04,1.693367958068847656e-04,3.291313648223876953e-01
4.424715042114257812e-02,4.315137863159179688e-03,2.412199974060058594e-04,1.714825630187988281e-04,1.662969589233398438e-04,3.271871209144592285e-01
4.365187883377075195e-02,4.200875759124755859e-03,2.319216728210449219e-04,1.705884933471679688e-04,1.654028892517089844e-04,3.265779018402099609e-01
4.332160949707031250e-02,4.138112068176269531e-03,2.267360687255859375e-04,1.641511917114257812e-04,1.591444015502929688e-04,3.223670125007629395e-01
4.188340902328491211e-02,3.870248794555664062e-03,2.054572105407714844e-04,1.643300056457519531e-04,1.595020294189453125e-04,3.225772976875305176e-01
4.013121128082275391e-02,3.555893898010253906e-03,1.811385154724121094e-04,1.814961433410644531e-04,1.757740974426269531e-04,3.333798050880432129e-01
4.028141498565673828e-02,3.582358360290527344e-03,1.832842826843261719e-04,1.711249351501464844e-04,1.659393310546875000e-04,3.269174695014953613e-01
5.517160892486572266e-02,5.254089832305908203e-03,8.339881896972656250e-04,1.598596572875976562e-04,1.548528671264648438e-04,3.271252512931823730e-01
3.810399770736694336e-02,3.208816051483154297e-03,1.557469367980957031e-04,1.628994941711425781e-04,1.571774482727050781e-04,3.594832420349121094e-01
8.043175935745239258e-02,1.155620813369750977e-02,1.248836517333984375e-03,1.820325851440429688e-04,1.739859580993652344e-04,4.544534683227539062e-01
3.848916292190551758e-02,3.273367881774902344e-03,1.603960990905761719e-04,1.882910728454589844e-04,1.789927482604980469e-04,5.125819444656372070e-01
3.792428970336914062e-02,3.178954124450683594e-03,1.536011695861816406e-04,1.734495162963867188e-04,1.646876335144042969e-04,5.226520299911499023e-01
3.750354051589965820e-02,3.109395503997802734e-03,1.485943794250488281e-04,1.628994941711425781e-04,1.555681228637695312e-04,4.523543715476989746e-01
3.829586505889892578e-02,3.240823745727539062e-03,1.578927040100097656e-04,1.705884933471679688e-04,1.621842384338378906e-04,4.941215515136718750e-01
3.381085395812988281e-02,2.532005310058593750e-03,1.096129417419433594e-04,1.834630966186523438e-04,1.729130744934082031e-04,6.110394001007080078e-01
3.437072038650512695e-02,2.615690231323242188e-03,1.151561737060546875e-04,1.782774925231933594e-04,1.666545867919921875e-04,7.325981855392456055e-01
6.858283281326293945e-02,8.727908134460449219e-03,8.595585823059082031e-04,1.820325851440429688e-04,1.714825630187988281e-04,6.167412400245666504e-01
3.440541028976440430e-02,2.620875835418701172e-03,1.155138015747070312e-04,1.695156097412109375e-04,1.582503318786621094e-04,7.346944212913513184e-01
3.537297248840332031e-02,2.768933773040771484e-03,1.251697540283203125e-04,1.763105392456054688e-04,1.655817031860351562e-04,6.463639140129089355e-01
3.443366289138793945e-02,2.625167369842529297e-03,1.156926155090332031e-04,1.811385154724121094e-04,1.684427261352539062e-04,8.149123191833496094e-01
3.965663909912109375e-02,3.473103046417236328e-03,1.750588417053222656e-04,1.550316810607910156e-04,1.448392868041992188e-04,6.977380514144897461e-01
3.184658288955688477e-02,2.248764038085937500e-03,9.208917617797851562e-05,1.639723777770996094e-04,1.527070999145507812e-04,7.561503052711486816e-01
3.385859727859497070e-02,2.538979053497314453e-03,1.101493835449218750e-04,1.798868179321289062e-04,1.691579818725585938e-04,6.459141969680786133e-01
3.305929899215698242e-02,2.421677112579345703e-03,1.026391983032226562e-04,1.716613769531250000e-04,1.611113548278808594e-04,6.557357311248779297e-01
3.399753570556640625e-02,2.559721469879150391e-03,1.114010810852050781e-04,1.696944236755371094e-04,1.600384712219238281e-04,5.878518819808959961e-01
7.038831710815429688e-02,9.136676788330078125e-03,9.135603904724121094e-04,1.595020294189453125e-04,1.503825187683105469e-04,5.793457031250000000e-01
7.170456647872924805e-02,9.439766407012939453e-03,9.541511535644531250e-04,1.777410507202148438e-04,1.684427261352539062e-04,5.319762825965881348e-01
3.264713287353515625e-02,2.362132072448730469e-03,9.906291961669921875e-05,1.907944679260253906e-04,1.773834228515625000e-04,8.102188110351562500e-01
3.221994638442993164e-02,2.301335334777832031e-03,9.530782699584960938e-05,1.757740974426269531e-04,1.623630523681640625e-04,9.226452112197875977e-01
3.264355659484863281e-02,2.361595630645751953e-03,9.888410568237304688e-05,2.056360244750976562e-04,1.865029335021972656e-04,1.489912986755371094e+00
3.685015439987182617e-02,3.002822399139404297e-03,1.410841941833496094e-04,2.106428146362304688e-04,1.918673515319824219e-04,1.330911755561828613e+00
4.838454723358154297e-02,3.963232040405273438e-03,5.679130554199218750e-04,2.154707908630371094e-04,1.952648162841796875e-04,1.570548534393310547e+00
3.298133611679077148e-02,2.410233020782470703e-03,1.019239425659179688e-04,1.682639122009277344e-04,1.541376113891601562e-04,1.083415389060974121e+00
3.688949346542358398e-02,3.009259700775146484e-03,1.416206359863281250e-04,1.827478408813476562e-04,1.671910285949707031e-04,1.136311411857604980e+00
3.158229589462280273e-02,2.211928367614746094e-03,8.976459503173828125e-05,1.541376113891601562e-04,1.425147056579589844e-04,8.751663565635681152e-01
3.317302465438842773e-02,2.438127994537353516e-03,1.037120819091796875e-04,1.507401466369628906e-04,1.391172409057617188e-04,9.077460765838623047e-01
3.467559814453125000e-02,2.661824226379394531e-03,1.180171966552734375e-04,1.856088638305664062e-04,1.745223999023437500e-04,6.442635655403137207e-01
3.535312414169311523e-02,2.765893936157226562e-03,1.249909400939941406e-04,1.652240753173828125e-04,1.546740531921386719e-04,6.659849882125854492e-01
3.571325540542602539e-02,2.822041511535644531e-03,1.287460327148437500e-04,1.734495162963867188e-04,1.618266105651855469e-04,7.445561885833740234e-01
3.429579734802246094e-02,2.604424953460693359e-03,1.144409179687500000e-04,1.714825630187988281e-04,1.593232154846191406e-04,8.039252758026123047e-01
3.366261720657348633e-02,2.510011196136474609e-03,1.083612442016601562e-04,1.612901687622070312e-04,1.516342163085937500e-04,6.183187365531921387e-01
3.700983524322509766e-02,3.028750419616699219e-03,1.428723335266113281e-04,1.668334007263183594e-04,1.580715179443359375e-04,5.335353612899780273e-01
3.927701711654663086e-02,3.407478332519531250e-03,1.700520515441894531e-04,1.537799835205078125e-04,1.489520072937011719e-04,3.219197988510131836e-01
3.631550073623657227e-02,2.917170524597167969e-03,1.351833343505859375e-04,1.637935638427734375e-04,1.578927040100097656e-04,3.597128391265869141e-01
3.829389810562133789e-02,3.240466117858886719e-03,1.578927040100097656e-04,1.596808433532714844e-04,1.543164253234863281e-04,3.424775004386901855e-01
3.579318523406982422e-02,2.834558486938476562e-03,1.296401023864746094e-04,1.537799835205078125e-04,1.487731933593750000e-04,3.251207470893859863e-01
3.677916526794433594e-02,2.991378307342529297e-03,1.403689384460449219e-04,1.568198204040527344e-04,1.516342163085937500e-04,3.332625031471252441e-01
3.598576784133911133e-02,2.864956855773925781e-03,1.316070556640625000e-04,1.575350761413574219e-04,1.523494720458984375e-04,3.337819576263427734e-01
3.504198789596557617e-02,2.717971801757812500e-03,1.217722892761230469e-04,1.480579376220703125e-04,1.434087753295898438e-04,3.176971077919006348e-01
3.616726398468017578e-02,2.893567085266113281e-03,1.335740089416503906e-04,1.552104949951171875e-04,1.500248908996582031e-04,3.362681865692138672e-01
3.459495306015014648e-02,2.649664878845214844e-03,1.173019409179687500e-04,1.528859138488769531e-04,1.475214958190917969e-04,3.467767238616943359e-01
7.037633657455444336e-02,9.133815765380859375e-03,9.132027626037597656e-04,1.528859138488769531e-04,1.473426818847656250e-04,3.568269610404968262e-01
3.589957952499389648e-02,2.851366996765136719e-03,1.307129859924316406e-04,1.477003097534179688e-04,1.425147056579589844e-04,3.440119028091430664e-01
5.037885904312133789e-02,4.322290420532226562e-03,6.392598152160644531e-04,1.477003097534179688e-04,1.425147056579589844e-04,3.401475548744201660e-01
3.441470861434936523e-02,2.622306346893310547e-03,1.155138015747070312e-04,1.439452171325683594e-04,1.389384269714355469e-04,3.419535756111145020e-01
3.426057100296020508e-02,2.599060535430908203e-03,1.140832901000976562e-04,1.487731933593750000e-04,1.439452171325683594e-04,3.291914463043212891e-01
3.568947315216064453e-02,2.818286418914794922e-03,1.285672187805175781e-04,1.639723777770996094e-04,1.584291458129882812e-04,3.392915725708007812e-01
3.498637676239013672e-02,2.709388732910156250e-03,1.212358474731445312e-04,1.478791236877441406e-04,1.426935195922851562e-04,3.411678671836853027e-01
3.482025861740112305e-02,2.683818340301513672e-03,1.196265220642089844e-04,1.494884490966796875e-04,1.387596130371093750e-04,7.697131633758544922e-01
3.159999847412109375e-02,2.214252948760986328e-03,8.994340896606445312e-05,1.863241195678710938e-04,1.686215400695800781e-04,1.482815980911254883e+00
6.371837854385375977e-02,7.667183876037597656e-03,7.234811782836914062e-04,1.500248908996582031e-04,1.373291015625000000e-04,1.087923049926757812e+00
2.958208322525024414e-02,1.942813396453857422e-03,7.420778274536132812e-05,1.473426818847656250e-04,1.344680786132812500e-04,1.151602149009704590e+00
3.527802228927612305e-02,2.754271030426025391e-03,1.242756843566894531e-04,1.870393753051757812e-04,1.707673072814941406e-04,1.247784376144409180e+00
3.833806514739990234e-02,3.247976303100585938e-03,1.584291458129882812e-04,2.052783966064453125e-04,1.866817474365234375e-04,1.419893860816955566e+00
3.334271907806396484e-02,2.462983131408691406e-03,1.053214073181152344e-04,1.523494720458984375e-04,1.396536827087402344e-04,1.057799220085144043e+00
3.418958187103271484e-02,2.588331699371337891e-03,1.133680343627929688e-04,1.714825630187988281e-04,1.562833786010742188e-04,1.227690696716308594e+00
3.593999147415161133e-02,2.857625484466552734e-03,1.312494277954101562e-04,1.761317253112792969e-04,1.607537269592285156e-04,1.226551532745361328e+00
3.154742717742919922e-02,2.207100391387939453e-03,8.958578109741210938e-05,1.480579376220703125e-04,1.360774040222167969e-04,9.933654069900512695e-01
3.462588787078857422e-02,2.654314041137695312e-03,1.176595687866210938e-04,1.534223556518554688e-04,1.455545425415039062e-04,5.120578408241271973e-01
3.547579050064086914e-02,2.785027027130126953e-03,1.262426376342773438e-04,1.714825630187988281e-04,1.632571220397949219e-04,4.927749037742614746e-01
3.571057319641113281e-02,2.821683883666992188e-03,1.287460327148437500e-04,1.650452613830566406e-04,1.573562622070312500e-04,4.702361226081848145e-01
3.337419033050537109e-02,2.467453479766845703e-03,1.055002212524414062e-04,1.518130302429199219e-04,1.446604728698730469e-04,4.603743553161621094e-01
7.035952806472778320e-02,9.130060672760009766e-03,9.126663208007812500e-04,1.527070999145507812e-04,1.455545425415039062e-04,4.641848802566528320e-01
5.381244421005249023e-02,4.979968070983886719e-03,7.751584053039550781e-04,1.820325851440429688e-04,1.730918884277343750e-04,5.064711570739746094e-01
3.155779838562011719e-02,2.208530902862548828e-03,8.958578109741210938e-05,1.650452613830566406e-04,1.502037048339843750e-04,1.286241173744201660e+00
3.507560491561889648e-02,2.722978591918945312e-03,1.221299171447753906e-04,1.895427703857421875e-04,1.741647720336914062e-04,1.093308806419372559e+00
3.333896398544311523e-02,2.462446689605712891e-03,1.053214073181152344e-04,1.831054687500000000e-04,1.664757728576660156e-04,1.325052738189697266e+00
3.548848628997802734e-02,2.786993980407714844e-03,1.264214515686035156e-04,1.920461654663085938e-04,1.745223999023437500e-04,1.405728220939636230e+00
3.579300642013549805e-02,2.834558486938476562e-03,1.296401023864746094e-04,2.095699310302734375e-04,1.899003982543945312e-04,1.567034721374511719e+00
3.427183628082275391e-02,2.600848674774169922e-03,1.140832901000976562e-04,1.872181892395019531e-04,1.696944236755371094e-04,1.470642685890197754e+00
3.086274862289428711e-02,2.113044261932373047e-03,8.404254913330078125e-05,1.569986343383789062e-04,1.434087753295898438e-04,1.180841445922851562e+00
3.282791376113891602e-02,2.388060092926025391e-03,1.006722450256347656e-04,1.686215400695800781e-04,1.534223556518554688e-04,1.276322603225708008e+00
7.066440582275390625e-02,9.199798107147216797e-03,9.219646453857421875e-04,1.718401908874511719e-04,1.555681228637695312e-04,1.473453640937805176e+00
3.611147403717041016e-02,2.884805202484130859e-03,1.330375671386718750e-04,1.932978630065917969e-04,1.752376556396484375e-04,1.479795455932617188e+00
3.434532880783081055e-02,2.611756324768066406e-03,1.147985458374023438e-04,1.857876777648925781e-04,1.698732376098632812e-04,1.198231816291809082e+00
4.018002748489379883e-02,3.564476966857910156e-03,1.818537712097167969e-04,1.931190490722656250e-04,1.752376556396484375e-04,1.453566670417785645e+00
3.986907005310058594e-02,3.510117530822753906e-03,1.777410507202148438e-04,2.503395080566406250e-04,2.279877662658691406e-04,1.468526244163513184e+00
3.685641288757324219e-02,3.003895282745361328e-03,1.412630081176757812e-04,2.344250679016113281e-04,2.113580703735351562e-04,1.794912576675415039e+00
3.881031274795532227e-02,3.327727317810058594e-03,1.643300056457519531e-04,2.061724662780761719e-04,1.868605613708496094e-04,1.512803554534912109e+00
4.908066987991333008e-02,4.086613655090332031e-03,5.922317504882812500e-04,2.430081367492675781e-04,2.169013023376464844e-04,2.422892570495605469e+00
3.821378946304321289e-02,3.227055072784423828e-03,1.569986343383789062e-04,2.099275588989257812e-04,1.899003982543945312e-04,1.585407972335815430e+00
3.719276189804077148e-02,3.058433532714843750e-03,1.450181007385253906e-04,1.915097236633300781e-04,1.736283302307128906e-04,1.478465080261230469e+00
4.975229501724243164e-02,4.207670688629150391e-03,6.161928176879882812e-04,2.592802047729492188e-04,2.299547195434570312e-04,2.823232650756835938e+00
3.512495756149291992e-02,2.730667591094970703e-03,1.226663589477539062e-04,1.784563064575195312e-04,1.614689826965332031e-04,1.479556918144226074e+00
3.738141059875488281e-02,3.089368343353271484e-03,1.471638679504394531e-04,1.915097236633300781e-04,1.734495162963867188e-04,1.503015041351318359e+00
6.881672143936157227e-02,8.780479431152343750e-03,8.665323257446289062e-04,1.639723777770996094e-04,1.494884490966796875e-04,1.211729407310485840e+00
3.349542617797851562e-02,2.485334873199462891e-03,1.067519187927246094e-04,1.793503761291503906e-04,1.680850982666015625e-04,6.964820623397827148e-01
5.025297403335571289e-02,4.299223423004150391e-03,6.346106529235839844e-04,1.646876335144042969e-04,1.584291458129882812e-04,3.807789087295532227e-01
3.558593988418579102e-02,2.802193164825439453e-03,1.274943351745605469e-04,1.489520072937011719e-04,1.430511474609375000e-04,3.815932273864746094e-01
3.511261940002441406e-02,2.728700637817382812e-03,1.224875450134277344e-04,1.451969146728515625e-04,1.394748687744140625e-04,3.834194540977478027e-01
3.325724601745605469e-02,2.450466156005859375e-03,1.044273376464843750e-04,1.387596130371093750e-04,1.332163810729980469e-04,3.741154074668884277e-01
3.949749469757080078e-02,3.445565700531005859e-03,1.729130744934082031e-04,1.696944236755371094e-04,1.623630523681640625e-04,4.362019300460815430e-01
3.986263275146484375e-02,3.509044647216796875e-03,1.777410507202148438e-04,1.518130302429199219e-04,1.459121704101562500e-04,3.805185556411743164e-01
3.712981939315795898e-02,3.048241138458251953e-03,1.443028450012207031e-04,1.564621925354003906e-04,1.496672630310058594e-04,4.194087982177734375e-01
7.357299327850341797e-02,9.877145290374755859e-03,1.013517379760742188e-03,1.875758171081542969e-04,1.779198646545410156e-04,5.410779118537902832e-01
3.460103273391723633e-02,2.650558948516845703e-03,1.173019409179687500e-04,1.500248908996582031e-04,1.392960548400878906e-04,7.854906320571899414e-01
3.319501876831054688e-02,2.441346645355224609e-03,1.038908958435058594e-04,1.757740974426269531e-04,1.605749130249023438e-04,1.199407696723937988e+00
3.322023153305053711e-02,2.445101737976074219e-03,1.042485237121582031e-04,2.058148384094238281e-04,1.847147941589355469e-04,1.914516448974609375e+00
3.783148527145385742e-02,3.163397312164306641e-03,1.523494720458984375e-04,1.755952835083007812e-04,1.603960990905761719e-04,1.209835529327392578e+00
3.702896833419799805e-02,3.031790256500244141e-03,1.432299613952636719e-04,1.614689826965332031e-04,1.485943794250488281e-04,9.983042478561401367e-01
3.447014093399047852e-02,2.630710601806640625e-03,1.160502433776855469e-04,1.559257507324218750e-04,1.432299613952636719e-04,1.031040787696838379e+00
4.036313295364379883e-02,3.596842288970947266e-03,1.843571662902832031e-04,1.532435417175292969e-04,1.419782638549804688e-04,8.426556587219238281e-01
3.760385513305664062e-02,3.125846385955810547e-03,1.498460769653320312e-04,1.519918441772460938e-04,1.421570777893066406e-04,6.823616623878479004e-01
4.140937328338623047e-02,3.783881664276123047e-03,1.986622810363769531e-04,1.532435417175292969e-04,1.466274261474609375e-04,4.241430759429931641e-01
4.031950235366821289e-02,3.589153289794921875e-03,1.836419105529785156e-04,1.464486122131347656e-04,1.410841941833496094e-04,3.557678461074829102e-01
4.110610485076904297e-02,3.729164600372314453e-03,1.943707466125488281e-04,1.503825187683105469e-04,1.451969146728515625e-04,3.436921834945678711e-01
4.269701242446899414e-02,4.020631313323974609e-03,2.172589302062988281e-04,1.586079597473144531e-04,1.536011695861816406e-04,3.186694979667663574e-01
3.802871704101562500e-02,3.196299076080322266e-03,1.548528671264648438e-04,1.639723777770996094e-04,1.587867736816406250e-04,3.407523036003112793e-01
4.025620222091674805e-02,3.577888011932373047e-03,1.829266548156738281e-04,1.736283302307128906e-04,1.682639122009277344e-04,3.886474370956420898e-01
8.199423551559448242e-02,1.195442676544189453e-02,1.306414604187011719e-03,1.861453056335449219e-04,1.804232597351074219e-04,4.701704978942871094e-01
3.983706235885620117e-02,3.504574298858642578e-03,1.773834228515625000e-04,1.759529113769531250e-04,1.705884933471679688e-04,4.780944585800170898e-01
5.552029609680175781e-02,5.325615406036376953e-03,8.493661880493164062e-04,1.695156097412109375e-04,1.643300056457519531e-04,4.227325916290283203e-01
3.793197870254516602e-02,3.180205821990966797e-03,1.536011695861816406e-04,1.611113548278808594e-04,1.562833786010742188e-04,4.485636949539184570e-01
3.655958175659179688e-02,2.956151962280273438e-03,1.378655433654785156e-04,1.525282859802246094e-04,1.478791236877441406e-04,3.957191705703735352e-01
3.815245628356933594e-02,3.216862678527832031e-03,1.562833786010742188e-04,1.587867736816406250e-04,1.537799835205078125e-04,3.735269308090209961e-01
7.459831237792968750e-02,1.012104749679565430e-02,1.046776771545410156e-03,1.484155654907226562e-04,1.439452171325683594e-04,3.822432160377502441e-01
3.772866725921630859e-02,3.146409988403320312e-03,1.512765884399414062e-04,1.646876335144042969e-04,1.596808433532714844e-04,3.680223226547241211e-01
4.041212797164916992e-02,3.605425357818603516e-03,1.848936080932617188e-04,1.620054244995117188e-04,1.569986343383789062e-04,3.774962425231933594e-01
7.724583148956298828e-02,1.076209545135498047e-02,1.136004924774169922e-03,1.559257507324218750e-04,1.510977745056152344e-04,4.003137946128845215e-01
3.899288177490234375e-02,3.358840942382812500e-03,1.664757728576660156e-04,1.646876335144042969e-04,1.596808433532714844e-04,3.227881193161010742e-01
4.085415601730346680e-02,3.684103488922119141e-03,1.909732818603515625e-04,1.607537269592285156e-04,1.557469367980957031e-04,3.201228976249694824e-01
4.022151231765747070e-02,3.571808338165283203e-03,1.823902130126953125e-04,1.666545867919921875e-04,1.614689826965332031e-04,3.239961862564086914e-01
4.028373956680297852e-02,3.582715988159179688e-03,1.832842826843261719e-04,1.632571220397949219e-04,1.580715179443359375e-04,3.249801993370056152e-01
8.134227991104125977e-02,1.178759336471557617e-02,1.282274723052978516e-03,1.659393310546875000e-04,1.607537269592285156e-04,3.335146307945251465e-01
3.844553232192993164e-02,3.266036510467529297e-03,1.598596572875976562e-04,1.652240753173828125e-04,1.602172851562500000e-04,4.270813465118408203e-01
3.886610269546508789e-02,3.337204456329345703e-03,1.650452613830566406e-04,1.682639122009277344e-04,1.632571220397949219e-04,4.478960037231445312e-01
3.767198324203491211e-02,3.137111663818359375e-03,1.505613327026367188e-04,1.630783081054687500e-04,1.582503318786621094e-04,4.019511938095092773e-01
3.648179769515991211e-02,2.943634986877441406e-03,1.369714736938476562e-04,1.541376113891601562e-04,1.493096351623535156e-04,3.923310041427612305e-01
3.584879636764526367e-02,2.843320369720458984e-03,1.301765441894531250e-04,1.573562622070312500e-04,1.523494720458984375e-04,3.591551184654235840e-01
7.333749532699584961e-02,9.821712970733642578e-03,1.005828380584716797e-03,1.530647277832031250e-04,1.484155654907226562e-04,3.766014575958251953e-01
7.190608978271484375e-02,9.486436843872070312e-03,9.604096412658691406e-04,1.525282859802246094e-04,1.478791236877441406e-04,3.435519933700561523e-01
3.412109613418579102e-02,2.578139305114746094e-03,1.126527786254882812e-04,1.369714736938476562e-04,1.326799392700195312e-04,3.717285990715026855e-01
3.621178865432739258e-02,2.900719642639160156e-03,1.341104507446289062e-04,1.648664474487304688e-04,1.598596572875976562e-04,4.481023550033569336e-01
3.715789318084716797e-02,3.052711486816406250e-03,1.446604728698730469e-04,1.727342605590820312e-04,1.675486564636230469e-04,4.841719865798950195e-01
3.808093070983886719e-02,3.204882144927978516e-03,1.553893089294433594e-04,1.924037933349609375e-04,1.868605613708496094e-04,5.929287672042846680e-01
3.679758310317993164e-02,2.994418144226074219e-03,1.405477523803710938e-04,1.814961433410644531e-04,1.763105392456054688e-04,6.938974857330322266e-01
3.690040111541748047e-02,3.011047840118408203e-03,1.416206359863281250e-04,1.607537269592285156e-04,1.564621925354003906e-04,8.948580622673034668e-01
3.639006614685058594e-02,2.928972244262695312e-03,1.360774040222167969e-04,1.625418663024902344e-04,1.580715179443359375e-04,8.854393959045410156e-01
3.765428066253662109e-02,3.134071826934814453e-03,1.503825187683105469e-04,1.637935638427734375e-04,1.595020294189453125e-04,9.615608453750610352e-01
3.800725936889648438e-02,3.192722797393798828e-03,1.544952392578125000e-04,1.621842384338378906e-04,1.578927040100097656e-04,9.819391965866088867e-01
3.718918561935424805e-02,3.057897090911865234e-03,1.450181007385253906e-04,1.662969589233398438e-04,1.616477966308593750e-04,8.452713489532470703e-01
5.144387483596801758e-02,4.520952701568603516e-03,6.794929504394531250e-04,1.659393310546875000e-04,1.607537269592285156e-04,3.236058354377746582e-01
3.710103034973144531e-02,3.043591976165771484e-03,1.439452171325683594e-04,1.639723777770996094e-04,1.587867736816406250e-04,3.222489953041076660e-01
3.575617074966430664e-02,2.828836441040039062e-03,1.292824745178222656e-04,1.555681228637695312e-04,1.505613327026367188e-04,3.227410912513732910e-01
3.442597389221191406e-02,2.624094486236572266e-03,1.156926155090332031e-04,1.577138900756835938e-04,1.527070999145507812e-04,3.241624832153320312e-01
3.598594665527343750e-02,2.864956855773925781e-03,1.316070556640625000e-04,1.637935638427734375e-04,1.587867736816406250e-04,4.759865999221801758e-01
3.879618644714355469e-02,3.325402736663818359e-03,1.641511917114257812e-04,1.670122146606445312e-04,1.627206802368164062e-04,1.142427921295166016e+00
3.868514299392700195e-02,3.306448459625244141e-03,1.627206802368164062e-04,1.569986343383789062e-04,1.530647277832031250e-04,1.096816778182983398e+00
3.844982385635375977e-02,3.266751766204833984e-03,1.598596572875976562e-04,1.843571662902832031e-04,1.798868179321289062e-04,1.404845595359802246e+00
3.917330503463745117e-02,3.389775753021240234e-03,1.688003540039062500e-04,1.691579818725585938e-04,1.650452613830566406e-04,1.461968064308166504e+00
3.820198774337768555e-02,3.225088119506835938e-03,1.568198204040527344e-04,1.620054244995117188e-04,1.577138900756835938e-04,1.091078996658325195e+00
3.795772790908813477e-02,3.184497356414794922e-03,1.539587974548339844e-04,1.807808876037597656e-04,1.754164695739746094e-04,6.412814855575561523e-01
3.551065921783447266e-02,2.790391445159912109e-03,1.266002655029296875e-04,1.625418663024902344e-04,1.575350761413574219e-04,4.390765428543090820e-01
3.567588329315185547e-02,2.816140651702880859e-03,1.283884048461914062e-04,1.487731933593750000e-04,1.441240310668945312e-04,4.056621193885803223e-01
3.644245862960815430e-02,2.937376499176025391e-03,1.366138458251953125e-04,1.519918441772460938e-04,1.473426818847656250e-04,4.186384677886962891e-01
3.727483749389648438e-02,3.071844577789306641e-03,1.459121704101562500e-04,1.573562622070312500e-04,1.527070999145507812e-04,5.229470729827880859e-01
3.869801759719848633e-02,3.308773040771484375e-03,1.628994941711425781e-04,1.882910728454589844e-04,1.827478408813476562e-04,6.099110841751098633e-01
3.684979677200317383e-02,3.002822399139404297e-03,1.410841941833496094e-04,1.496672630310058594e-04,1.453757286071777344e-04,7.098115682601928711e-01
3.663039207458496094e-02,2.967417240142822266e-03,1.387596130371093750e-04,1.620054244995117188e-04,1.577138900756835938e-04,1.009584426879882812e+00
3.789389133453369141e-02,3.173768520355224609e-03,1.532435417175292969e-04,1.757740974426269531e-04,1.709461212158203125e-04,1.095606565475463867e+00
3.925698995590209961e-02,3.404080867767333984e-03,1.698732376098632812e-04,1.877546310424804688e-04,1.829266548156738281e-04,1.364768743515014648e+00
3.949856758117675781e-02,3.445744514465332031e-03,1.729130744934082031e-04,1.865029335021972656e-04,1.816749572753906250e-04,1.168347001075744629e+00
4.005646705627441406e-02,3.542840480804443359e-03,1.802444458007812500e-04,1.834630966186523438e-04,1.788139343261718750e-04,1.257907629013061523e+00
4.014784097671508789e-02,3.558933734893798828e-03,1.814961433410644531e-04,1.571774482727050781e-04,1.532435417175292969e-04,1.251904606819152832e+00
3.824865818023681641e-02,3.232955932617187500e-03,1.573562622070312500e-04,1.630783081054687500e-04,1.589655876159667969e-04,1.247266173362731934e+00
3.759205341339111328e-02,3.123879432678222656e-03,1.496672630310058594e-04,1.430511474609375000e-04,1.394748687744140625e-04,1.224388360977172852e+00
3.885161876678466797e-02,3.334701061248779297e-03,1.648664474487304688e-04,1.276731491088867188e-04,1.248121261596679688e-04,1.418701529502868652e+00
3.997153043746948242e-02,3.527998924255371094e-03,1.791715621948242188e-04,1.376867294311523438e-04,1.342892646789550781e-04,1.201395392417907715e+00
4.032987356185913086e-02,3.590941429138183594e-03,1.838207244873046875e-04,1.434087753295898438e-04,1.401901245117187500e-04,1.190528869628906250e+00
3.853905200958251953e-02,3.281772136688232422e-03,1.609325408935546875e-04,1.369714736938476562e-04,1.339316368103027344e-04,1.373414039611816406e+00
3.797936439514160156e-02,3.188073635101318359e-03,1.541376113891601562e-04,1.398324966430664062e-04,1.369714736938476562e-04,1.883715033531188965e+00
7.849717140197753906e-02,1.107108592987060547e-02,1.179635524749755859e-03,1.333951950073242188e-04,1.301765441894531250e-04,1.099973559379577637e+00
3.633874654769897461e-02,2.920925617218017578e-03,1.355409622192382812e-04,1.552104949951171875e-04,1.505613327026367188e-04,5.805099606513977051e-01
3.518146276473999023e-02,2.739429473876953125e-03,1.232028007507324219e-04,1.312494277954101562e-04,1.273155212402343750e-04,4.369375705718994141e-01
3.587472438812255859e-02,2.847433090209960938e-03,1.305341720581054688e-04,1.435875892639160156e-04,1.391172409057617188e-04,3.438332676887512207e-01
5.042552947998046875e-02,4.331052303314208984e-03,6.410479545593261719e-04,1.550316810607910156e-04,1.502037048339843750e-04,3.673351407051086426e-01
3.510868549346923828e-02,2.728164196014404297e-03,1.224875450134277344e-04,1.468062400817871094e-04,1.423358917236328125e-04,3.547176718711853027e-01
4.805642366409301758e-02,3.905653953552246094e-03,5.568265914916992188e-04,1.362562179565429688e-04,1.321434974670410156e-04,3.798229694366455078e-01
3.617691993713378906e-02,2.895176410675048828e-03,1.337528228759765625e-04,1.530647277832031250e-04,1.484155654907226562e-04,5.069174766540527344e-01
5.043804645538330078e-02,4.333198070526123047e-03,6.414055824279785156e-04,1.312494277954101562e-04,1.280307769775390625e-04,9.974775910377502441e-01
3.709727525711059570e-02,3.042876720428466797e-03,1.439452171325683594e-04,1.367926597595214844e-04,1.335740089416503906e-04,1.081369757652282715e+00
3.675949573516845703e-02,2.988338470458984375e-03,1.401901245117187500e-04,1.485943794250488281e-04,1.451969146728515625e-04,1.556460142135620117e+00
3.582340478897094727e-02,2.839386463165283203e-03,1.299977302551269531e-04,1.380443572998046875e-04,1.346468925476074219e-04,1.246865987777709961e+00
3.665363788604736328e-02,2.971172332763671875e-03,1.389384269714355469e-04,1.468062400817871094e-04,1.428723335266113281e-04,9.463466405868530273e-01
3.562867641448974609e-02,2.808809280395507812e-03,1.278519630432128906e-04,1.464486122131347656e-04,1.423358917236328125e-04,7.982475757598876953e-01
4.962372779846191406e-02,4.184424877166748047e-03,6.115436553955078125e-04,1.407265663146972656e-04,1.364350318908691406e-04,4.183087348937988281e-01
4.879814386367797852e-02,4.036366939544677734e-03,5.823969841003417969e-04,1.378655433654785156e-04,1.337528228759765625e-04,4.058264493942260742e-01
3.770953416824340820e-02,3.143370151519775391e-03,1.509189605712890625e-04,1.657605171203613281e-04,1.607537269592285156e-04,5.219296216964721680e-01
3.805840015411376953e-02,3.201127052307128906e-03,1.552104949951171875e-04,1.654028892517089844e-04,1.612901687622070312e-04,1.115502834320068359e+00
3.697568178176879883e-02,3.023207187652587891e-03,1.425147056579589844e-04,1.475214958190917969e-04,1.441240310668945312e-04,1.416263580322265625e+00
7.347106933593750000e-02,9.853184223175048828e-03,1.010119915008544922e-03,1.387596130371093750e-04,1.351833343505859375e-04,9.176949262619018555e-01
3.568464517593383789e-02,2.817571163177490234e-03,1.283884048461914062e-04,1.450181007385253906e-04,1.410841941833496094e-04,8.115779757499694824e-01
3.608393669128417969e-02,2.880334854125976562e-03,1.326799392700195312e-04,1.246333122253417969e-04,1.214146614074707031e-04,9.696364402770996094e-01
7.435137033462524414e-02,1.006203889846801758e-02,1.038730144500732422e-03,1.432299613952636719e-04,1.391172409057617188e-04,6.605259776115417480e-01
3.391331434249877930e-02,2.547204494476318359e-03,1.106858253479003906e-04,1.346468925476074219e-04,1.308917999267578125e-04,6.649045944213867188e-01
3.625577688217163086e-02,2.907693386077880859e-03,1.346468925476074219e-04,1.471638679504394531e-04,1.430511474609375000e-04,6.440080404281616211e-01
3.475624322891235352e-02,2.674162387847900391e-03,1.189112663269042969e-04,1.292824745178222656e-04,1.257061958312988281e-04,8.274509310722351074e-01
3.465628623962402344e-02,2.658963203430175781e-03,1.178383827209472656e-04,1.417994499206542969e-04,1.376867294311523438e-04,6.071961522102355957e-01
3.449642658233642578e-02,2.634644508361816406e-03,1.164078712463378906e-04,1.358985900878906250e-04,1.319646835327148438e-04,6.087291240692138672e-01
3.697353601455688477e-02,3.022849559783935547e-03,1.425147056579589844e-04,1.639723777770996094e-04,1.593232154846191406e-04,6.571222543716430664e-01
3.557485342025756836e-02,2.800405025482177734e-03,1.273155212402343750e-04,1.521706581115722656e-04,1.477003097534179688e-04,5.032024383544921875e-01
7.294446229934692383e-02,9.729087352752685547e-03,9.933114051818847656e-04,1.457333564758300781e-04,1.414418220520019531e-04,4.838025569915771484e-01
3.620874881744384766e-02,2.900183200836181641e-03,1.341104507446289062e-04,1.630783081054687500e-04,1.582503318786621094e-04,5.172032117843627930e-01
3.709334135055541992e-02,3.042340278625488281e-03,1.439452171325683594e-04,1.632571220397949219e-04,1.586079597473144531e-04,7.116193771362304688e-01
7.273417711257934570e-02,9.679734706878662109e-03,9.865164756774902344e-04,1.566410064697265625e-04,1.519918441772460938e-04,5.669120550155639648e-01
3.598326444625854492e-02,2.864599227905273438e-03,1.316070556640625000e-04,1.543164253234863281e-04,1.496672630310058594e-04,5.410341024398803711e-01
3.512924909591674805e-02,2.731382846832275391e-03,1.226663589477539062e-04,1.566410064697265625e-04,1.519918441772460938e-04,5.110262632369995117e-01
7.458132505416870117e-02,1.011693477630615234e-02,1.046240329742431641e-03,1.628994941711425781e-04,1.580715179443359375e-04,6.249561309814453125e-01
3.560417890548706055e-02,2.805054187774658203e-03,1.276731491088867188e-04,1.577138900756835938e-04,1.532435417175292969e-04,5.874590277671813965e-01
3.713822364807128906e-02,3.049671649932861328e-03,1.443028450012207031e-04,1.747012138366699219e-04,1.695156097412109375e-04,5.382401347160339355e-01
3.385323286056518555e-02,2.538263797760009766e-03,1.101493835449218750e-04,1.514554023742675781e-04,1.469850540161132812e-04,5.403020381927490234e-01
3.689754009246826172e-02,3.010511398315429688e-03,1.416206359863281250e-04,1.632571220397949219e-04,1.586079597473144531e-04,6.722504496574401855e-01
3.674250841140747070e-02,2.985477447509765625e-03,1.400113105773925781e-04,1.616477966308593750e-04,1.569986343383789062e-04,6.355453133583068848e-01
3.617334365844726562e-02,2.894639968872070312e-03,1.337528228759765625e-04,1.603960990905761719e-04,1.557469367980957031e-04,6.510061025619506836e-01
3.709012269973754883e-02,3.041803836822509766e-03,1.437664031982421875e-04,1.679062843322753906e-04,1.630783081054687500e-04,6.831455826759338379e-01
4.072844982147216797e-02,3.661572933197021484e-03,1.891851425170898438e-04,1.239180564880371094e-04,1.206994056701660156e-04,8.806622028350830078e-01
3.745579719543457031e-02,3.101527690887451172e-03,1.480579376220703125e-04,1.350045204162597656e-04,1.316070556640625000e-04,1.004403948783874512e+00
7.578206062316894531e-02,1.040554046630859375e-02,1.086115837097167969e-03,1.366138458251953125e-04,1.333951950073242188e-04,1.381974935531616211e+00
3.833985328674316406e-02,3.248333930969238281e-03,1.584291458129882812e-04,1.469850540161132812e-04,1.434087753295898438e-04,1.267650365829467773e+00
7.631349563598632812e-02,1.053446531295776367e-02,1.104176044464111328e-03,1.518130302429199219e-04,1.482367515563964844e-04,1.696768283843994141e+00
4.988479614257812500e-02,4.231810569763183594e-03,6.210207939147949219e-04,1.434087753295898438e-04,1.392960548400878906e-04,7.224022150039672852e-01
3.504377603530883789e-02,2.718150615692138672e-03,1.217722892761230469e-04,1.525282859802246094e-04,1.480579376220703125e-04,5.638575553894042969e-01
3.461354970932006836e-02,2.652347087860107422e-03,1.174807548522949219e-04,1.541376113891601562e-04,1.496672630310058594e-04,5.679581165313720703e-01
3.721296787261962891e-02,3.061830997467041016e-03,1.451969146728515625e-04,1.494884490966796875e-04,1.453757286071777344e-04,7.877644300460815430e-01
7.553350925445556641e-02,1.034545898437500000e-02,1.077890396118164062e-03,1.612901687622070312e-04,1.566410064697265625e-04,6.282801032066345215e-01
3.591370582580566406e-02,2.853512763977050781e-03,1.308917999267578125e-04,1.577138900756835938e-04,1.532435417175292969e-04,5.877374410629272461e-01
3.589332103729248047e-02,2.850294113159179688e-03,1.307129859924316406e-04,1.607537269592285156e-04,1.561045646667480469e-04,6.386913657188415527e-01
4.058182239532470703e-02,3.635466098785400391e-03,1.872181892395019531e-04,1.868605613708496094e-04,1.816749572753906250e-04,7.531056404113769531e-01
3.824025392532348633e-02,3.231525421142578125e-03,1.573562622070312500e-04,1.450181007385253906e-04,1.409053802490234375e-04,8.145706057548522949e-01
3.637862205505371094e-02,2.927184104919433594e-03,1.358985900878906250e-04,1.711249351501464844e-04,1.662969589233398438e-04,6.956945657730102539e-01
3.688538074493408203e-02,3.008544445037841797e-03,1.414418220520019531e-04,1.772046089172363281e-04,1.720190048217773438e-04,6.100140810012817383e-01
3.596180677413940430e-02,2.861201763153076172e-03,1.314282417297363281e-04,1.510977745056152344e-04,1.466274261474609375e-04,5.308007597923278809e-01
3.401219844818115234e-02,2.561867237091064453e-03,1.115798950195312500e-04,1.462697982788085938e-04,1.417994499206542969e-04,3.726342916488647461e-01
3.482222557067871094e-02,2.684175968170166016e-03,1.196265220642089844e-04,1.596808433532714844e-04,1.546740531921386719e-04,3.382301330566406250e-01
3.581857681274414062e-02,2.838671207427978516e-03,1.298189163208007812e-04,1.779198646545410156e-04,1.723766326904296875e-04,3.415628671646118164e-01
3.923732042312622070e-02,3.400683403015136719e-03,1.696944236755371094e-04,1.514554023742675781e-04,1.466274261474609375e-04,3.498331904411315918e-01
3.747940063476562500e-02,3.105282783508300781e-03,1.482367515563964844e-04,1.496672630310058594e-04,1.450181007385253906e-04,3.988094329833984375e-01
3.789961338043212891e-02,3.174841403961181641e-03,1.532435417175292969e-04,1.630783081054687500e-04,1.580715179443359375e-04,3.658540248870849609e-01
3.454899787902832031e-02,2.642691135406494141e-03,1.167654991149902344e-04,1.580715179443359375e-04,1.532435417175292969e-04,3.341311812400817871e-01
3.521865606307983398e-02,2.745151519775390625e-03,1.235604286193847656e-04,1.600384712219238281e-04,1.550316810607910156e-04,3.196869492530822754e-01
3.638970851898193359e-02,2.928972244262695312e-03,1.360774040222167969e-04,1.707673072814941406e-04,1.654028892517089844e-04,3.376139402389526367e-01
5.193257331848144531e-02,4.613757133483886719e-03,6.986260414123535156e-04,1.727342605590820312e-04,1.673698425292968750e-04,3.278968334197998047e-01
5.073916912078857422e-02,4.388988018035888672e-03,6.526708602905273438e-04,1.691579818725585938e-04,1.632571220397949219e-04,3.496549129486083984e-01
3.821843862533569336e-02,3.227949142456054688e-03,1.569986343383789062e-04,1.696944236755371094e-04,1.641511917114257812e-04,3.380754590034484863e-01
3.909730911254882812e-02,3.376722335815429688e-03,1.679062843322753906e-04,1.645088195800781250e-04,1.577138900756835938e-04,4.102635383605957031e-01
5.103921890258789062e-02,4.444956779479980469e-03,6.641149520874023438e-04,1.602172851562500000e-04,1.523494720458984375e-04,4.889969229698181152e-01
3.636217117309570312e-02,2.924680709838867188e-03,1.357197761535644531e-04,1.689791679382324219e-04,1.614689826965332031e-04,4.374019503593444824e-01
3.666275739669799805e-02,2.972602844238281250e-03,1.391172409057617188e-04,1.566410064697265625e-04,1.516342163085937500e-04,3.223088979721069336e-01
3.593266010284423828e-02,2.856552600860595703e-03,1.310706138610839844e-04,1.575350761413574219e-04,1.527070999145507812e-04,3.384336233139038086e-01
3.563690185546875000e-02,2.810060977935791016e-03,1.280307769775390625e-04,1.489520072937011719e-04,1.444816589355468750e-04,3.121324181556701660e-01
5.018109083175659180e-02,4.285991191864013672e-03,6.319284439086914062e-04,1.721978187561035156e-04,1.666545867919921875e-04,3.326661586761474609e-01
3.504502773284912109e-02,2.718329429626464844e-03,1.217722892761230469e-04,1.578927040100097656e-04,1.528859138488769531e-04,3.182260394096374512e-01
7.026028633117675781e-02,9.107351303100585938e-03,9.098052978515625000e-04,1.713037490844726562e-04,1.659393310546875000e-04,3.286886215209960938e-01
3.595429658889770508e-02,2.859950065612792969e-03,1.312494277954101562e-04,1.655817031860351562e-04,1.605749130249023438e-04,3.233694434165954590e-01
3.713715076446533203e-02,3.049492835998535156e-03,1.443028450012207031e-04,1.713037490844726562e-04,1.655817031860351562e-04,3.431189060211181641e-01
3.655439615249633789e-02,2.955257892608642578e-03,1.378655433654785156e-04,1.555681228637695312e-04,1.507401466369628906e-04,3.167109489440917969e-01
3.562116622924804688e-02,2.807736396789550781e-03,1.278519630432128906e-04,1.541376113891601562e-04,1.493096351623535156e-04,3.156797289848327637e-01
3.525924682617187500e-02,2.751410007476806641e-03,1.240968704223632812e-04,1.668334007263183594e-04,1.616477966308593750e-04,3.241639137268066406e-01
3.513479232788085938e-02,2.732098102569580078e-03,1.226663589477539062e-04,1.541376113891601562e-04,1.494884490966796875e-04,3.157469630241394043e-01
3.398019075393676758e-02,2.557039260864257812e-03,1.112222671508789062e-04,1.539587974548339844e-04,1.491308212280273438e-04,3.155061006546020508e-01
3.534489870071411133e-02,2.764642238616943359e-03,1.249909400939941406e-04,1.689791679382324219e-04,1.636147499084472656e-04,3.254894614219665527e-01
6.988298892974853516e-02,9.021520614624023438e-03,8.983612060546875000e-04,1.584291458129882812e-04,1.534223556518554688e-04,3.222988843917846680e-01
3.559452295303344727e-02,2.803444862365722656e-03,1.274943351745605469e-04,1.734495162963867188e-04,1.680850982666015625e-04,3.763602375984191895e-01
3.430885076522827148e-02,2.606391906738281250e-03,1.144409179687500000e-04,1.611113548278808594e-04,1.562833786010742188e-04,4.868794083595275879e-01
3.534436225891113281e-02,2.764642238616943359e-03,1.248121261596679688e-04,1.543164253234863281e-04,1.496672630310058594e-04,5.073891878128051758e-01
7.028317451477050781e-02,9.112536907196044922e-03,9.103417396545410156e-04,1.500248908996582031e-04,1.455545425415039062e-04,5.461045503616333008e-01
3.571540117263793945e-02,2.822399139404296875e-03,1.287460327148437500e-04,1.519918441772460938e-04,1.477003097534179688e-04,5.951178073883056641e-01
7.609248161315917969e-02,1.048064231872558594e-02,1.096665859222412109e-03,1.750588417053222656e-04,1.698732376098632812e-04,5.893056392669677734e-01
3.796595335006713867e-02,3.185749053955078125e-03,1.539587974548339844e-04,1.795291900634765625e-04,1.741647720336914062e-04,6.440253853797912598e-01
3.750818967819213867e-02,3.110110759735107422e-03,1.485943794250488281e-04,1.702308654785156250e-04,1.652240753173828125e-04,7.216851711273193359e-01
4.268717765808105469e-02,4.018843173980712891e-03,2.170801162719726562e-04,1.543164253234863281e-04,1.502037048339843750e-04,9.112068414688110352e-01
3.685766458511352539e-02,3.004074096679687500e-03,1.412630081176757812e-04,1.691579818725585938e-04,1.650452613830566406e-04,1.364068150520324707e+00
3.968685865402221680e-02,3.478288650512695312e-03,1.754164695739746094e-04,1.357197761535644531e-04,1.326799392700195312e-04,1.589416265487670898e+00
4.269200563430786133e-02,4.019737243652343750e-03,2.172589302062988281e-04,1.389384269714355469e-04,1.360774040222167969e-04,1.371537566184997559e+00
4.198479652404785156e-02,3.888845443725585938e-03,2.068877220153808594e-04,1.353621482849121094e-04,1.323223114013671875e-04,1.152144312858581543e+00
4.280859231948852539e-02,4.041552543640136719e-03,2.190470695495605469e-04,1.421570777893066406e-04,1.391172409057617188e-04,1.298426866531372070e+00
4.030376672744750977e-02,3.586292266845703125e-03,1.834630966186523438e-04,1.532435417175292969e-04,1.498460769653320312e-04,1.390830755233764648e+00
4.268807172775268555e-02,4.019021987915039062e-03,2.172589302062988281e-04,1.403689384460449219e-04,1.375079154968261719e-04,1.483018875122070312e+00
4.316604137420654297e-02,4.108786582946777344e-03,2.244114875793457031e-04,1.543164253234863281e-04,1.509189605712890625e-04,1.571539640426635742e+00
4.612684249877929688e-02,4.686176776885986328e-03,2.725124359130859375e-04,1.559257507324218750e-04,1.523494720458984375e-04,1.309601068496704102e+00
4.320091009140014648e-02,4.115402698516845703e-03,2.249479293823242188e-04,1.686215400695800781e-04,1.646876335144042969e-04,1.379882454872131348e+00
4.132354259490966797e-02,3.768324851989746094e-03,1.974105834960937500e-04,1.689791679382324219e-04,1.650452613830566406e-04,1.437471866607666016e+00
3.991967439651489258e-02,3.518879413604736328e-03,1.784563064575195312e-04,1.401901245117187500e-04,1.366138458251953125e-04,1.018913030624389648e+00
3.790855407714843750e-02,3.176271915435791016e-03,1.534223556518554688e-04,1.620054244995117188e-04,1.577138900756835938e-04,9.462840557098388672e-01
3.917706012725830078e-02,3.390312194824218750e-03,1.688003540039062500e-04,1.602172851562500000e-04,1.557469367980957031e-04,8.246680498123168945e-01
3.949320316314697266e-02,3.444850444793701172e-03,1.729130744934082031e-04,1.743435859680175781e-04,1.695156097412109375e-04,8.228137493133544922e-01
7.951569557189941406e-02,1.132535934448242188e-02,1.215755939483642578e-03,1.677274703979492188e-04,1.630783081054687500e-04,8.132377266883850098e-01
4.028928279876708984e-02,3.583788871765136719e-03,1.832842826843261719e-04,1.866817474365234375e-04,1.811385154724121094e-04,6.963858604431152344e-01
3.743827342987060547e-02,3.098666667938232422e-03,1.478791236877441406e-04,1.646876335144042969e-04,1.595020294189453125e-04,3.365383744239807129e-01
3.761619329452514648e-02,3.127813339233398438e-03,1.498460769653320312e-04,1.634359359741210938e-04,1.582503318786621094e-04,3.219312429428100586e-01
3.825134038925170898e-02,3.233492374420166016e-03,1.573562622070312500e-04,1.634359359741210938e-04,1.582503318786621094e-04,3.470161557197570801e-01
3.926825523376464844e-02,3.406047821044921875e-03,1.700520515441894531e-04,1.571774482727050781e-04,1.523494720458984375e-04,4.137926101684570312e-01
7.615828514099121094e-02,1.049673557281494141e-02,1.098811626434326172e-03,1.716613769531250000e-04,1.662969589233398438e-04,3.364693522453308105e-01
3.823095560073852539e-02,3.230094909667968750e-03,1.571774482727050781e-04,1.675486564636230469e-04,1.623630523681640625e-04,3.245948553085327148e-01
3.905367851257324219e-02,3.369212150573730469e-03,1.673698425292968750e-04,1.627206802368164062e-04,1.577138900756835938e-04,3.214870691299438477e-01
3.825348615646362305e-02,3.233850002288818359e-03,1.575350761413574219e-04,1.627206802368164062e-04,1.577138900756835938e-04,3.214954733848571777e-01
3.784042596817016602e-02,3.165006637573242188e-03,1.525282859802246094e-04,1.645088195800781250e-04,1.593232154846191406e-04,3.226611614227294922e-01
3.691631555557250977e-02,3.013551235198974609e-03,1.417994499206542969e-04,1.523494720458984375e-04,1.477003097534179688e-04,3.836635351181030273e-01
3.843355178833007812e-02,3.264069557189941406e-03,1.596808433532714844e-04,1.654028892517089844e-04,1.602172851562500000e-04,3.638847470283508301e-01
3.890883922576904297e-02,3.344535827636718750e-03,1.655817031860351562e-04,1.723766326904296875e-04,1.670122146606445312e-04,3.327534198760986328e-01
3.863686323165893555e-02,3.298401832580566406e-03,1.621842384338378906e-04,1.734495162963867188e-04,1.680850982666015625e-04,3.283960819244384766e-01
7.672047615051269531e-02,1.063352823257446289e-02,1.117944717407226562e-03,1.709461212158203125e-04,1.655817031860351562e-04,3.267735242843627930e-01
3.660088777542114258e-02,2.962768077850341797e-03,1.384019851684570312e-04,1.688003540039062500e-04,1.636147499084472656e-04,3.294686079025268555e-01
3.856909275054931641e-02,3.286778926849365234e-03,1.612901687622070312e-04,1.668334007263183594e-04,1.616477966308593750e-04,3.710061907768249512e-01
3.780537843704223633e-02,3.159105777740478516e-03,1.521706581115722656e-04,1.736283302307128906e-04,1.682639122009277344e-04,3.285246491432189941e-01
3.919243812561035156e-02,3.392994403839111328e-03,1.689791679382324219e-04,1.616477966308593750e-04,1.566410064697265625e-04,3.207927346229553223e-01
3.885036706924438477e-02,3.334522247314453125e-03,1.646876335144042969e-04,1.591444015502929688e-04,1.541376113891601562e-04,3.190659284591674805e-01
3.830194473266601562e-02,3.241896629333496094e-03,1.580715179443359375e-04,1.612901687622070312e-04,1.562833786010742188e-04,3.204849958419799805e-01
3.706580400466918945e-02,3.037869930267333984e-03,1.435875892639160156e-04,1.602172851562500000e-04,1.552104949951171875e-04,3.197425603866577148e-01
3.822684288024902344e-02,3.229379653930664062e-03,1.571774482727050781e-04,1.648664474487304688e-04,1.596808433532714844e-04,3.228154778480529785e-01
3.809899091720581055e-02,3.207921981811523438e-03,1.555681228637695312e-04,1.621842384338378906e-04,1.571774482727050781e-04,3.489162325859069824e-01
3.889292478561401367e-02,3.341853618621826172e-03,1.652240753173828125e-04,1.618266105651855469e-04,1.568198204040527344e-04,3.208580017089843750e-01
3.876185417175292969e-02,3.319501876831054688e-03,1.636147499084472656e-04,1.636147499084472656e-04,1.584291458129882812e-04,3.220229744911193848e-01
3.799635171890258789e-02,3.190755844116210938e-03,1.543164253234863281e-04,1.654028892517089844e-04,1.602172851562500000e-04,3.231561183929443359e-01
3.681814670562744141e-02,2.997636795043945312e-03,1.407265663146972656e-04,1.657605171203613281e-04,1.605749130249023438e-04,3.234475851058959961e-01
3.649932146072387695e-02,2.946496009826660156e-03,1.371502876281738281e-04,1.605749130249023438e-04,1.555681228637695312e-04,3.290471434593200684e-01
4.185891151428222656e-02,3.865778446197509766e-03,2.050995826721191406e-04,2.099275588989257812e-04,2.036690711975097656e-04,5.854908227920532227e-01
3.936195373535156250e-02,3.422141075134277344e-03,1.713037490844726562e-04,1.793503761291503906e-04,1.745223999023437500e-04,8.591988086700439453e-01
4.002320766448974609e-02,3.537118434906005859e-03,1.797080039978027344e-04,2.042055130004882812e-04,1.986622810363769531e-04,8.563116788864135742e-01
4.025065898895263672e-02,3.576993942260742188e-03,1.827478408813476562e-04,2.092123031616210938e-04,2.033114433288574219e-04,7.823410034179687500e-01
3.810739517211914062e-02,3.209352493286132812e-03,1.557469367980957031e-04,1.850724220275878906e-04,1.798868179321289062e-04,8.117029666900634766e-01
5.541676282882690430e-02,5.304336547851562500e-03,8.447170257568359375e-04,2.022385597229003906e-04,1.963376998901367188e-04,6.840405464172363281e-01
4.000997543334960938e-02,3.534793853759765625e-03,1.795291900634765625e-04,2.118945121765136719e-04,2.058148384094238281e-04,7.123727202415466309e-01
4.134911298751831055e-02,3.772974014282226562e-03,1.977682113647460938e-04,1.977682113647460938e-04,1.924037933349609375e-04,9.545386433601379395e-01
7.939499616622924805e-02,1.129513978958129883e-02,1.211464405059814453e-03,1.974105834960937500e-04,1.918673515319824219e-04,7.270783782005310059e-01
3.889381885528564453e-02,3.342032432556152344e-03,1.654028892517089844e-04,1.968741416931152344e-04,1.911520957946777344e-04,7.349258065223693848e-01
3.910285234451293945e-02,3.377616405487060547e-03,1.679062843322753906e-04,1.959800720214843750e-04,1.904368400573730469e-04,7.984110116958618164e-01
3.651148080825805664e-02,2.948462963104248047e-03,1.373291015625000000e-04,1.536011695861816406e-04,1.489520072937011719e-04,5.396786928176879883e-01
3.880155086517333984e-02,3.326296806335449219e-03,1.641511917114257812e-04,1.786351203918457031e-04,1.732707023620605469e-04,4.836423397064208984e-01
3.690916299819946289e-02,3.012478351593017578e-03,1.417994499206542969e-04,1.866817474365234375e-04,1.809597015380859375e-04,5.521373748779296875e-01
3.615671396255493164e-02,2.891957759857177734e-03,1.335740089416503906e-04,1.875758171081542969e-04,1.820325851440429688e-04,6.630458235740661621e-01
3.916060924530029297e-02,3.387451171875000000e-03,1.686215400695800781e-04,1.623630523681640625e-04,1.575350761413574219e-04,4.911882877349853516e-01
3.723281621932983398e-02,3.065049648284912109e-03,1.455545425415039062e-04,1.718401908874511719e-04,1.666545867919921875e-04,5.140884518623352051e-01
3.811275959014892578e-02,3.210246562957763672e-03,1.557469367980957031e-04,1.775622367858886719e-04,1.721978187561035156e-04,5.654641985893249512e-01
5.043071508407592773e-02,4.331946372985839844e-03,6.412267684936523438e-04,1.745223999023437500e-04,1.691579818725585938e-04,5.305328965187072754e-01
3.532290458679199219e-02,2.761244773864746094e-03,1.246333122253417969e-04,1.587867736816406250e-04,1.539587974548339844e-04,4.867166876792907715e-01
