3.265893459320068359e-02,2.363741397857666016e-03,9.906291961669921875e-05,1.516342163085937500e-04,1.469850540161132812e-04,3.152453899383544922e-01
3.206223249435424805e-02,2.278983592987060547e-03,9.387731552124023438e-05,1.400113105773925781e-04,1.355409622192382812e-04,3.172050118446350098e-01
3.863650560379028320e-02,3.298223018646240234e-03,1.621842384338378906e-04,1.596808433532714844e-04,1.546740531921386719e-04,3.194496631622314453e-01
3.362166881561279297e-02,2.503931522369384766e-03,1.078248023986816406e-04,1.460909843444824219e-04,1.416206359863281250e-04,3.101016283035278320e-01
6.865239143371582031e-02,8.743464946746826172e-03,8.617043495178222656e-04,1.493096351623535156e-04,1.446604728698730469e-04,3.123459219932556152e-01
3.276479244232177734e-02,2.378940582275390625e-03,9.995698928833007812e-05,1.450181007385253906e-04,1.403689384460449219e-04,3.192433118820190430e-01
3.350436687469482422e-02,2.486586570739746094e-03,1.067519187927246094e-04,1.559257507324218750e-04,1.507401466369628906e-04,3.332805633544921875e-01
4.722404479980468750e-02,3.761887550354003906e-03,5.291104316711425781e-04,1.614689826965332031e-04,1.564621925354003906e-04,3.233499526977539062e-01
4.751211404800415039e-02,3.811240196228027344e-03,5.385875701904296875e-04,1.587867736816406250e-04,1.536011695861816406e-04,3.251693844795227051e-01
3.174877166748046875e-02,2.234995365142822266e-03,9.119510650634765625e-05,1.451969146728515625e-04,1.403689384460449219e-04,3.248548507690429688e-01
6.364274024963378906e-02,7.651090621948242188e-03,7.215142250061035156e-04,1.351833343505859375e-04,1.310706138610839844e-04,3.021919727325439453e-01
3.307539224624633789e-02,2.424001693725585938e-03,1.028180122375488281e-04,1.323223114013671875e-04,1.282095909118652344e-04,3.000002503395080566e-01
3.346681594848632812e-02,2.481043338775634766e-03,1.063942909240722656e-04,1.459121704101562500e-04,1.412630081176757812e-04,3.148033618927001953e-01
3.327798843383789062e-02,2.453505992889404297e-03,1.047849655151367188e-04,1.477003097534179688e-04,1.430511474609375000e-04,3.155733346939086914e-01
3.435516357421875000e-02,2.613365650177001953e-03,1.149773597717285156e-04,1.586079597473144531e-04,1.537799835205078125e-04,3.187655210494995117e-01
3.267341852188110352e-02,2.365887165069580078e-03,9.924173355102539062e-05,1.643300056457519531e-04,1.591444015502929688e-04,3.304683566093444824e-01
3.233420848846435547e-02,2.317428588867187500e-03,9.620189666748046875e-05,1.489520072937011719e-04,1.443028450012207031e-04,3.121182918548583984e-01
4.716199636459350586e-02,3.751158714294433594e-03,5.269646644592285156e-04,1.430511474609375000e-04,1.387596130371093750e-04,3.079733848571777344e-01
3.247153759002685547e-02,2.337098121643066406e-03,9.745359420776367188e-05,1.514554023742675781e-04,1.466274261474609375e-04,3.183090090751647949e-01
6.592869758605957031e-02,8.141756057739257812e-03,7.837414741516113281e-04,1.448392868041992188e-04,1.403689384460449219e-04,3.092461824417114258e-01
3.435659408569335938e-02,2.613544464111328125e-03,1.149773597717285156e-04,1.602172851562500000e-04,1.552104949951171875e-04,3.251636624336242676e-01
3.228557109832763672e-02,2.310633659362792969e-03,9.584426879882812500e-05,1.460909843444824219e-04,1.412630081176757812e-04,3.283798098564147949e-01
3.197157382965087891e-02,2.266287803649902344e-03,9.316205978393554688e-05,1.382231712341308594e-04,1.337528228759765625e-04,3.171375989913940430e-01
3.305625915527343750e-02,2.421140670776367188e-03,1.026391983032226562e-04,1.414418220520019531e-04,1.371502876281738281e-04,3.067688941955566406e-01
3.195315599441528320e-02,2.263605594635009766e-03,9.298324584960937500e-05,1.471638679504394531e-04,1.423358917236328125e-04,3.286557197570800781e-01
3.235924243927001953e-02,2.321004867553710938e-03,9.638071060180664062e-05,1.544952392578125000e-04,1.494884490966796875e-04,3.348838090896606445e-01
6.595534086227416992e-02,8.147656917572021484e-03,7.844567298889160156e-04,1.494884490966796875e-04,1.446604728698730469e-04,3.219298124313354492e-01
3.214091062545776367e-02,2.290070056915283203e-03,9.459257125854492188e-05,1.516342163085937500e-04,1.468062400817871094e-04,3.298401832580566406e-01
3.326404094696044922e-02,2.451360225677490234e-03,1.046061515808105469e-04,1.477003097534179688e-04,1.430511474609375000e-04,3.201211094856262207e-01
3.236192464828491211e-02,2.321362495422363281e-03,9.655952453613281250e-05,1.430511474609375000e-04,1.385807991027832031e-04,3.078814744949340820e-01
3.263175487518310547e-02,2.359986305236816406e-03,9.888410568237304688e-05,1.425147056579589844e-04,1.380443572998046875e-04,3.101449012756347656e-01
3.248172998428344727e-02,2.338528633117675781e-03,9.745359420776367188e-05,1.450181007385253906e-04,1.405477523803710938e-04,3.133592605590820312e-01
3.111773729324340820e-02,2.147912979125976562e-03,8.600950241088867188e-05,1.291036605834960938e-04,1.251697540283203125e-04,2.976070046424865723e-01
3.162896633148193359e-02,2.218365669250488281e-03,9.030103683471679688e-05,1.428723335266113281e-04,1.385807991027832031e-04,3.078008294105529785e-01
3.153687715530395508e-02,2.205491065979003906e-03,8.940696716308593750e-05,1.333951950073242188e-04,1.292824745178222656e-04,3.008063435554504395e-01
6.647586822509765625e-02,8.261203765869140625e-03,7.989406585693359375e-04,1.298189163208007812e-04,1.257061958312988281e-04,3.046937584877014160e-01
5.873447656631469727e-02,6.642580032348632812e-03,5.977749824523925781e-04,1.505613327026367188e-04,1.403689384460449219e-04,7.295744419097900391e-01
3.824365139007568359e-02,3.232061862945556641e-03,1.573562622070312500e-04,2.346038818359375000e-04,2.092123031616210938e-04,2.360362529754638672e+00
4.528033733367919922e-02,4.517197608947753906e-03,2.582073211669921875e-04,2.188682556152343750e-04,1.988410949707031250e-04,1.465936660766601562e+00
4.568445682525634766e-02,4.597485065460205078e-03,2.650022506713867188e-04,3.542304039001464844e-04,3.116726875305175781e-04,3.747842073440551758e+00
5.258703231811523438e-02,6.076276302337646484e-03,4.003643989562988281e-04,4.439949989318847656e-04,3.830194473266601562e-04,5.832905769348144531e+00
5.192738771438598633e-02,5.926251411437988281e-03,3.858804702758789062e-04,5.416274070739746094e-04,4.597306251525878906e-04,7.443624496459960938e+00
4.075437784194946289e-02,3.666222095489501953e-03,1.895427703857421875e-04,7.233023643493652344e-04,6.169080734252929688e-04,7.266283035278320312e+00
3.504502773284912109e-02,2.718329429626464844e-03,1.217722892761230469e-04,4.570484161376953125e-04,3.919601440429687500e-04,6.145657539367675781e+00
3.337365388870239258e-02,2.467453479766845703e-03,1.055002212524414062e-04,2.272725105285644531e-04,2.038478851318359375e-04,2.000752687454223633e+00
3.093391656875610352e-02,2.122879028320312500e-03,8.457899093627929688e-05,1.698732376098632812e-04,1.568198204040527344e-04,9.319605231285095215e-01
3.106981515884399414e-02,2.141296863555908203e-03,8.565187454223632812e-05,1.772046089172363281e-04,1.609325408935546875e-04,1.377130985260009766e+00
3.109556436538696289e-02,2.144873142242431641e-03,8.583068847656250000e-05,1.825690269470214844e-04,1.688003540039062500e-04,9.176167845726013184e-01
3.207188844680786133e-02,2.280414104461669922e-03,9.405612945556640625e-05,1.789927482604980469e-04,1.655817031860351562e-04,8.958901762962341309e-01
3.582161664962768555e-02,2.839028835296630859e-03,1.298189163208007812e-04,2.667903900146484375e-04,2.363920211791992188e-04,2.874130964279174805e+00
3.703898191452026367e-02,3.033399581909179688e-03,1.432299613952636719e-04,2.725124359130859375e-04,2.430081367492675781e-04,2.475165367126464844e+00
3.958922624588012695e-02,3.461480140686035156e-03,1.741647720336914062e-04,3.306269645690917969e-04,2.936124801635742188e-04,2.886832475662231445e+00
3.242933750152587891e-02,2.331018447875976562e-03,9.709596633911132812e-05,1.707673072814941406e-04,1.566410064697265625e-04,1.120325446128845215e+00
3.117209672927856445e-02,2.155244350433349609e-03,8.654594421386718750e-05,1.627206802368164062e-04,1.541376113891601562e-04,5.451341271400451660e-01
3.077119588851928711e-02,2.100706100463867188e-03,8.332729339599609375e-05,1.530647277832031250e-04,1.451969146728515625e-04,5.016671419143676758e-01
3.079140186309814453e-02,2.103388309478759766e-03,8.350610733032226562e-05,1.727342605590820312e-04,1.628994941711425781e-04,5.980689525604248047e-01
3.132033348083496094e-02,2.175629138946533203e-03,8.761882781982421875e-05,1.625418663024902344e-04,1.539587974548339844e-04,5.364899039268493652e-01
3.017789125442504883e-02,2.021133899688720703e-03,7.867813110351562500e-05,1.523494720458984375e-04,1.441240310668945312e-04,5.346663594245910645e-01
6.000351905822753906e-02,6.897389888763427734e-03,6.285309791564941406e-04,1.378655433654785156e-04,1.274943351745605469e-04,8.342102766036987305e-01
6.808555126190185547e-02,8.616864681243896484e-03,8.450746536254882812e-04,2.437233924865722656e-04,2.167224884033203125e-04,2.549757480621337891e+00
3.623574972152709961e-02,2.904474735260009766e-03,1.342892646789550781e-04,2.535581588745117188e-04,2.210140228271484375e-04,4.073023319244384766e+00
8.090436458587646484e-02,1.167601346969604492e-02,1.266181468963623047e-03,4.384517669677734375e-04,3.771185874938964844e-04,5.688622474670410156e+00
3.556001186370849609e-02,2.798080444335937500e-03,1.271367073059082031e-04,3.188252449035644531e-04,2.768039703369140625e-04,4.699688434600830078e+00
4.830461740493774414e-02,3.949105739593505859e-03,5.652308464050292969e-04,2.462267875671386719e-04,2.195835113525390625e-04,2.441180706024169922e+00
3.150880336761474609e-02,2.201735973358154297e-03,8.922815322875976562e-05,1.655817031860351562e-04,1.528859138488769531e-04,9.559979438781738281e-01
3.408533334732055664e-02,2.572774887084960938e-03,1.122951507568359375e-04,1.759529113769531250e-04,1.668334007263183594e-04,5.357258319854736328e-01
3.184837102890014648e-02,2.248942852020263672e-03,9.208917617797851562e-05,1.854300498962402344e-04,1.739859580993652344e-04,6.771467328071594238e-01
3.138720989227294922e-02,2.184927463531494141e-03,8.815526962280273438e-05,1.804232597351074219e-04,1.684427261352539062e-04,7.532025575637817383e-01
3.392010927200317383e-02,2.548098564147949219e-03,1.106858253479003906e-04,1.777410507202148438e-04,1.680850982666015625e-04,5.639727115631103516e-01
3.425681591033935547e-02,2.598524093627929688e-03,1.139044761657714844e-04,1.718401908874511719e-04,1.605749130249023438e-04,7.078936100006103516e-01
3.549635410308837891e-02,2.788245677947998047e-03,1.264214515686035156e-04,1.759529113769531250e-04,1.652240753173828125e-04,6.711003184318542480e-01
3.438270092010498047e-02,2.617478370666503906e-03,1.151561737060546875e-04,1.925826072692871094e-04,1.813173294067382812e-04,6.365318298339843750e-01
3.333216905593872070e-02,2.461373805999755859e-03,1.051425933837890625e-04,1.745223999023437500e-04,1.628994941711425781e-04,7.457123994827270508e-01
3.419226408004760742e-02,2.588868141174316406e-03,1.133680343627929688e-04,1.834630966186523438e-04,1.727342605590820312e-04,6.259789466857910156e-01
3.304123878479003906e-02,2.418994903564453125e-03,1.024603843688964844e-04,1.809597015380859375e-04,1.704096794128417969e-04,6.185615658760070801e-01
3.279322385787963867e-02,2.383053302764892578e-03,1.003146171569824219e-04,1.695156097412109375e-04,1.582503318786621094e-04,7.439453601837158203e-01
3.384429216384887695e-02,2.536833286285400391e-03,1.099705696105957031e-04,1.496672630310058594e-04,1.425147056579589844e-04,4.580494165420532227e-01
3.213089704513549805e-02,2.288639545440673828e-03,9.441375732421875000e-05,1.316070556640625000e-04,1.274943351745605469e-04,3.095698356628417969e-01
3.942382335662841797e-02,3.432869911193847656e-03,1.720190048217773438e-04,1.437664031982421875e-04,1.378655433654785156e-04,3.903322219848632812e-01
4.243397712707519531e-02,3.971815109252929688e-03,2.133250236511230469e-04,1.593232154846191406e-04,1.534223556518554688e-04,3.758749365806579590e-01
3.725892305374145508e-02,3.069341182708740234e-03,1.457333564758300781e-04,1.659393310546875000e-04,1.568198204040527344e-04,5.674876570701599121e-01
3.900343179702758789e-02,3.360629081726074219e-03,1.666545867919921875e-04,1.462697982788085938e-04,1.401901245117187500e-04,4.007357954978942871e-01
6.969130039215087891e-02,8.977890014648437500e-03,8.924603462219238281e-04,1.519918441772460938e-04,1.459121704101562500e-04,3.882313370704650879e-01
4.943364858627319336e-02,4.150092601776123047e-03,6.047487258911132812e-04,1.561045646667480469e-04,1.487731933593750000e-04,4.631336331367492676e-01
3.197765350341796875e-02,2.267003059387207031e-03,9.316205978393554688e-05,1.468062400817871094e-04,1.414418220520019531e-04,3.653960824012756348e-01
3.229790925979614258e-02,2.312242984771728516e-03,9.584426879882812500e-05,1.480579376220703125e-04,1.419782638549804688e-04,4.006889462471008301e-01
3.318840265274047852e-02,2.440452575683593750e-03,1.038908958435058594e-04,1.485943794250488281e-04,1.426935195922851562e-04,3.902876973152160645e-01
3.274476528167724609e-02,2.376079559326171875e-03,9.977817535400390625e-05,1.732707023620605469e-04,1.650452613830566406e-04,4.776817560195922852e-01
3.406763076782226562e-02,2.570092678070068359e-03,1.121163368225097656e-04,1.468062400817871094e-04,1.409053802490234375e-04,3.843144178390502930e-01
3.227108716964721680e-02,2.308487892150878906e-03,9.566545486450195312e-05,1.387596130371093750e-04,1.328587532043457031e-04,4.037051796913146973e-01
3.325778245925903320e-02,2.450466156005859375e-03,1.044273376464843750e-04,1.503825187683105469e-04,1.435875892639160156e-04,4.342002868652343750e-01
3.711837530136108398e-02,3.046452999114990234e-03,1.441240310668945312e-04,1.713037490844726562e-04,1.609325408935546875e-04,6.408174633979797363e-01
4.438501596450805664e-02,4.341959953308105469e-03,2.435445785522460938e-04,1.645088195800781250e-04,1.575350761413574219e-04,4.284784197807312012e-01
4.385644197463989258e-02,4.240036010742187500e-03,2.351403236389160156e-04,1.845359802246093750e-04,1.779198646545410156e-04,3.738028407096862793e-01
4.451179504394531250e-02,4.366457462310791016e-03,2.455115318298339844e-04,1.591444015502929688e-04,1.544952392578125000e-04,3.202271461486816406e-01
4.191631078720092773e-02,3.876328468322753906e-03,2.058148384094238281e-04,1.621842384338378906e-04,1.569986343383789062e-04,3.337479829788208008e-01
3.629243373870849609e-02,2.913415431976318359e-03,1.350045204162597656e-04,1.552104949951171875e-04,1.502037048339843750e-04,3.280076980590820312e-01
3.432673215866088867e-02,2.609074115753173828e-03,1.146197319030761719e-04,1.496672630310058594e-04,1.448392868041992188e-04,3.217265009880065918e-01
3.377473354339599609e-02,2.526640892028808594e-03,1.092553138732910156e-04,1.528859138488769531e-04,1.478791236877441406e-04,3.305515050888061523e-01
5.090814828872680664e-02,4.420459270477294922e-03,6.591081619262695312e-04,1.605749130249023438e-04,1.555681228637695312e-04,3.267631530761718750e-01
4.298812150955200195e-02,4.075169563293457031e-03,2.217292785644531250e-04,1.727342605590820312e-04,1.662969589233398438e-04,3.753823041915893555e-01
4.710853099822998047e-02,4.885911941528320312e-03,2.900362014770507812e-04,1.695156097412109375e-04,1.641511917114257812e-04,3.320277929306030273e-01
6.028121709823608398e-02,6.355047225952148438e-03,1.080572605133056641e-03,1.593232154846191406e-04,1.544952392578125000e-04,3.192345499992370605e-01
4.512494802474975586e-02,4.486620426177978516e-03,2.555251121520996094e-04,1.598596572875976562e-04,1.552104949951171875e-04,3.196381330490112305e-01
4.035741090774536133e-02,3.595769405364990234e-03,1.841783523559570312e-04,1.603960990905761719e-04,1.548528671264648438e-04,3.489017486572265625e-01
7.886713743209838867e-02,1.116317510604858398e-02,1.192688941955566406e-03,1.575350761413574219e-04,1.518130302429199219e-04,3.640601634979248047e-01
4.559755325317382812e-02,4.580140113830566406e-03,2.635717391967773438e-04,1.809597015380859375e-04,1.741647720336914062e-04,3.831297755241394043e-01
5.712676048278808594e-02,5.662143230438232422e-03,9.233951568603515625e-04,1.628994941711425781e-04,1.577138900756835938e-04,3.347915410995483398e-01
3.830891847610473633e-02,3.243148326873779297e-03,1.580715179443359375e-04,1.739859580993652344e-04,1.684427261352539062e-04,3.360450267791748047e-01
3.695654869079589844e-02,3.020167350769042969e-03,1.423358917236328125e-04,1.616477966308593750e-04,1.564621925354003906e-04,3.308554887771606445e-01
3.381067514419555664e-02,2.531826496124267578e-03,1.096129417419433594e-04,1.577138900756835938e-04,1.523494720458984375e-04,3.397060632705688477e-01
4.125541448593139648e-02,3.756165504455566406e-03,1.965165138244628906e-04,1.507401466369628906e-04,1.448392868041992188e-04,3.811399340629577637e-01
4.483920335769653320e-02,4.430472850799560547e-03,2.508759498596191406e-04,1.838207244873046875e-04,1.772046089172363281e-04,3.786125779151916504e-01
4.488176107406616211e-02,4.438698291778564453e-03,2.515912055969238281e-04,1.441240310668945312e-04,1.385807991027832031e-04,3.776636123657226562e-01
4.828423261642456055e-02,5.130529403686523438e-03,3.116726875305175781e-04,2.396106719970703125e-04,2.183318138122558594e-04,1.392042636871337891e+00
4.611843824386596680e-02,4.684388637542724609e-03,2.725124359130859375e-04,1.747012138366699219e-04,1.614689826965332031e-04,9.486125707626342773e-01
5.075311660766601562e-02,5.663573741912841797e-03,3.608465194702148438e-04,2.380013465881347656e-04,2.163648605346679688e-04,1.508442878723144531e+00
4.271024465560913086e-02,4.023134708404541016e-03,2.174377441406250000e-04,1.739859580993652344e-04,1.630783081054687500e-04,7.089046239852905273e-01
4.493898153305053711e-02,4.449963569641113281e-03,2.524852752685546875e-04,1.553893089294433594e-04,1.507401466369628906e-04,3.206409215927124023e-01
4.553192853927612305e-02,4.567086696624755859e-03,2.623200416564941406e-04,1.509189605712890625e-04,1.466274261474609375e-04,3.135581016540527344e-01
4.558020830154418945e-02,4.576742649078369141e-03,2.632141113281250000e-04,1.512765884399414062e-04,1.468062400817871094e-04,3.137547969818115234e-01
4.387021064758300781e-02,4.242718219757080078e-03,2.353191375732421875e-04,1.527070999145507812e-04,1.478791236877441406e-04,3.231294751167297363e-01
4.368102550506591797e-02,4.206418991088867188e-03,2.322793006896972656e-04,1.505613327026367188e-04,1.455545425415039062e-04,3.362751603126525879e-01
4.142886400222778320e-02,3.787457942962646484e-03,1.988410949707031250e-04,1.725554466247558594e-04,1.589655876159667969e-04,9.747249484062194824e-01
4.227787256240844727e-02,3.942847251892089844e-03,2.111792564392089844e-04,2.442598342895507812e-04,2.210140228271484375e-04,1.678822875022888184e+00
4.652845859527587891e-02,4.767358303070068359e-03,2.796649932861328125e-04,3.327727317810058594e-04,2.939701080322265625e-04,3.461101055145263672e+00
3.769361972808837891e-02,3.140687942504882812e-03,1.507401466369628906e-04,3.590583801269531250e-04,3.107786178588867188e-04,5.018416404724121094e+00
6.945759057998657227e-02,8.924961090087890625e-03,8.854866027832031250e-04,2.369284629821777344e-04,2.081394195556640625e-04,3.357888936996459961e+00
3.315228223800659180e-02,2.435088157653808594e-03,1.035332679748535156e-04,1.754164695739746094e-04,1.607537269592285156e-04,1.118286252021789551e+00
6.643223762512207031e-02,8.251726627349853516e-03,7.978677749633789062e-04,1.441240310668945312e-04,1.376867294311523438e-04,4.243506789207458496e-01
3.544646501541137695e-02,2.780377864837646484e-03,1.258850097656250000e-04,2.011656761169433594e-04,1.847147941589355469e-04,1.118582010269165039e+00
5.908852815628051758e-02,6.088078022003173828e-03,1.019239425659179688e-03,1.720190048217773438e-04,1.595020294189453125e-04,8.803077936172485352e-01
4.351669549942016602e-02,4.175126552581787109e-03,2.297759056091308594e-04,1.661181449890136719e-04,1.591444015502929688e-04,4.336997866630554199e-01
4.142242670059204102e-02,3.786385059356689453e-03,1.988410949707031250e-04,1.578927040100097656e-04,1.527070999145507812e-04,3.319348096847534180e-01
4.124397039413452148e-02,3.754019737243652344e-03,1.963376998901367188e-04,1.457333564758300781e-04,1.405477523803710938e-04,3.477421402931213379e-01
7.913607358932495117e-02,1.123023033142089844e-02,1.202166080474853516e-03,1.512765884399414062e-04,1.466274261474609375e-04,3.136843442916870117e-01
3.978556394577026367e-02,3.495454788208007812e-03,1.766681671142578125e-04,1.949071884155273438e-04,1.891851425170898438e-04,6.155498027801513672e-01
3.722977638244628906e-02,3.064513206481933594e-03,1.453757286071777344e-04,1.603960990905761719e-04,1.566410064697265625e-04,1.294754505157470703e+00
7.864576578140258789e-02,1.110810041427612305e-02,1.184821128845214844e-03,1.934766769409179688e-04,1.895427703857421875e-04,2.630738258361816406e+00
3.976428508758544922e-02,3.491878509521484375e-03,1.763105392456054688e-04,2.126097679138183594e-04,2.084970474243164062e-04,3.219600677490234375e+00
4.071325063705444336e-02,3.658890724182128906e-03,1.890063285827636719e-04,1.630783081054687500e-04,1.589655876159667969e-04,1.302959442138671875e+00
4.440253973007202148e-02,4.345357418060302734e-03,2.437233924865722656e-04,1.763105392456054688e-04,1.709461212158203125e-04,4.149559736251831055e-01
4.213285446166992188e-02,3.916025161743164062e-03,2.090334892272949219e-04,1.562833786010742188e-04,1.516342163085937500e-04,3.172127008438110352e-01
9.274059534072875977e-02,1.485031843185424805e-02,1.743793487548828125e-03,1.573562622070312500e-04,1.527070999145507812e-04,3.178750276565551758e-01
4.187643527984619141e-02,3.868997097015380859e-03,2.052783966064453125e-04,1.584291458129882812e-04,1.532435417175292969e-04,3.341612219810485840e-01
3.445100784301757812e-02,2.627849578857421875e-03,1.158714294433593750e-04,1.577138900756835938e-04,1.507401466369628906e-04,4.346687793731689453e-01
3.290712833404541016e-02,2.399504184722900391e-03,1.013875007629394531e-04,1.536011695861816406e-04,1.469850540161132812e-04,4.147710800170898438e-01
3.447461128234863281e-02,2.631425857543945312e-03,1.160502433776855469e-04,1.507401466369628906e-04,1.450181007385253906e-04,3.763285875320434570e-01
3.845787048339843750e-02,3.268182277679443359e-03,1.598596572875976562e-04,1.598596572875976562e-04,1.537799835205078125e-04,3.803722858428955078e-01
8.644795417785644531e-02,1.312172412872314453e-02,1.478970050811767578e-03,1.734495162963867188e-04,1.680850982666015625e-04,3.285611271858215332e-01
3.887647390365600586e-02,3.338992595672607422e-03,1.650452613830566406e-04,1.489520072937011719e-04,1.432299613952636719e-04,3.773140311241149902e-01
3.873091936111450195e-02,3.314316272735595703e-03,1.632571220397949219e-04,1.632571220397949219e-04,1.550316810607910156e-04,5.095816254615783691e-01
4.105299711227416992e-02,3.719687461853027344e-03,1.936554908752441406e-04,1.423358917236328125e-04,1.369714736938476562e-04,3.651094436645507812e-01
3.779751062393188477e-02,3.157854080200195312e-03,1.519918441772460938e-04,1.618266105651855469e-04,1.557469367980957031e-04,3.858643770217895508e-01
3.709173202514648438e-02,3.041982650756835938e-03,1.439452171325683594e-04,1.913309097290039062e-04,1.780986785888671875e-04,7.903221845626831055e-01
3.818428516387939453e-02,3.222227096557617188e-03,1.566410064697265625e-04,2.669692039489746094e-04,2.378225326538085938e-04,2.525235652923583984e+00
4.530787467956542969e-02,4.522562026977539062e-03,2.585649490356445312e-04,3.545880317687988281e-04,3.107786178588867188e-04,4.102012634277343750e+00
4.573863744735717773e-02,4.608213901519775391e-03,2.658963203430175781e-04,4.030466079711914062e-04,3.535151481628417969e-04,4.194382190704345703e+00
3.572309017181396484e-02,2.823650836944580078e-03,1.289248466491699219e-04,3.324151039123535156e-04,2.884268760681152344e-04,4.879390239715576172e+00
3.211265802383422852e-02,2.286136150360107422e-03,9.441375732421875000e-05,2.113580703735351562e-04,1.888275146484375000e-04,2.191744327545166016e+00
3.254252672195434570e-02,2.347111701965332031e-03,9.799003601074218750e-05,1.657605171203613281e-04,1.557469367980957031e-04,6.602622270584106445e-01
4.690665006637573242e-02,3.707706928253173828e-03,5.187392234802246094e-04,1.759529113769531250e-04,1.616477966308593750e-04,1.137642860412597656e+00
3.087812662124633789e-02,2.115190029144287109e-03,8.404254913330078125e-05,2.079606056213378906e-04,1.850724220275878906e-04,2.439458847045898438e+00
3.353852033615112305e-02,2.491593360900878906e-03,1.071095466613769531e-04,2.392530441284179688e-04,2.140402793884277344e-04,2.304524898529052734e+00
3.637504577636718750e-02,2.926647663116455078e-03,1.358985900878906250e-04,3.198981285095214844e-04,2.837777137756347656e-04,2.993886470794677734e+00
3.164309263229370117e-02,2.220332622528076172e-03,9.030103683471679688e-05,1.791715621948242188e-04,1.637935638427734375e-04,1.214485287666320801e+00
4.676073789596557617e-02,3.683030605316162109e-03,5.140900611877441406e-04,1.612901687622070312e-04,1.532435417175292969e-04,5.083826780319213867e-01
3.165203332901000977e-02,2.221584320068359375e-03,9.047985076904296875e-05,1.321434974670410156e-04,1.280307769775390625e-04,3.402425050735473633e-01
3.446638584136962891e-02,2.630174160003662109e-03,1.160502433776855469e-04,1.614689826965332031e-04,1.568198204040527344e-04,7.062147259712219238e-01
3.636342287063598633e-02,2.924859523773193359e-03,1.357197761535644531e-04,1.766681671142578125e-04,1.727342605590820312e-04,1.764755845069885254e+00
4.043751955032348633e-02,3.609895706176757812e-03,1.852512359619140625e-04,2.194046974182128906e-04,2.154707908630371094e-04,4.057426452636718750e+00
4.232382774353027344e-02,3.951430320739746094e-03,2.117156982421875000e-04,2.430081367492675781e-04,2.392530441284179688e-04,5.264361381530761719e+00
4.229432344436645508e-02,3.945887088775634766e-03,2.113580703735351562e-04,2.371072769165039062e-04,2.331733703613281250e-04,4.611547470092773438e+00
3.743273019790649414e-02,3.097772598266601562e-03,1.477003097534179688e-04,1.662969589233398438e-04,1.627206802368164062e-04,2.257490396499633789e+00
3.660106658935546875e-02,2.962768077850341797e-03,1.384019851684570312e-04,1.557469367980957031e-04,1.519918441772460938e-04,1.450701355934143066e+00
3.919100761413574219e-02,3.392815589904785156e-03,1.689791679382324219e-04,1.916885375976562500e-04,1.861453056335449219e-04,7.919579744338989258e-01
3.828638792037963867e-02,3.239393234252929688e-03,1.578927040100097656e-04,1.684427261352539062e-04,1.632571220397949219e-04,3.251983523368835449e-01
4.306250810623168945e-02,4.089295864105224609e-03,2.228021621704101562e-04,1.780986785888671875e-04,1.705884933471679688e-04,4.303210973739624023e-01
4.173588752746582031e-02,3.843247890472412109e-03,2.033114433288574219e-04,1.423358917236328125e-04,1.371502876281738281e-04,3.584012389183044434e-01
4.263371229171752930e-02,4.009008407592773438e-03,2.163648605346679688e-04,1.539587974548339844e-04,1.489520072937011719e-04,3.391919732093811035e-01
4.386484622955322266e-02,4.241645336151123047e-03,2.351403236389160156e-04,1.573562622070312500e-04,1.523494720458984375e-04,3.342447280883789062e-01
4.172372817993164062e-02,3.841102123260498047e-03,2.031326293945312500e-04,1.428723335266113281e-04,1.373291015625000000e-04,3.830514550209045410e-01
3.425252437591552734e-02,2.597808837890625000e-03,1.139044761657714844e-04,1.704096794128417969e-04,1.593232154846191406e-04,7.072023153305053711e-01
3.379440307617187500e-02,2.529501914978027344e-03,1.096129417419433594e-04,2.056360244750976562e-04,1.847147941589355469e-04,1.881736278533935547e+00
4.563689231872558594e-02,4.588007926940917969e-03,2.641081809997558594e-04,3.163218498229980469e-04,2.791285514831542969e-04,3.462012767791748047e+00
5.193346738815307617e-02,5.927503108978271484e-03,3.860592842102050781e-04,3.089904785156250000e-04,2.714395523071289062e-04,3.860717773437500000e+00
4.742288589477539062e-02,4.950642585754394531e-03,2.955794334411621094e-04,4.425644874572753906e-04,3.844499588012695312e-04,5.243541240692138672e+00
4.679900407791137695e-02,4.822432994842529297e-03,2.843141555786132812e-04,3.935694694519042969e-04,3.427863121032714844e-04,4.862883567810058594e+00
4.779964685440063477e-02,5.028963088989257812e-03,3.025531768798828125e-04,4.869103431701660156e-04,4.194974899291992188e-04,5.992236137390136719e+00
4.568624496459960938e-02,4.597842693328857422e-03,2.650022506713867188e-04,4.869103431701660156e-04,4.205703735351562500e-04,5.723901748657226562e+00
3.939038515090942383e-02,3.426969051361083984e-03,1.716613769531250000e-04,2.592802047729492188e-04,2.270936965942382812e-04,3.915488004684448242e+00
7.486081123352050781e-02,1.018381118774414062e-02,1.055538654327392578e-03,1.857876777648925781e-04,1.713037490844726562e-04,1.031032562255859375e+00
3.449892997741699219e-02,2.635002136230468750e-03,1.164078712463378906e-04,1.559257507324218750e-04,1.491308212280273438e-04,4.391199946403503418e-01
3.373503684997558594e-02,2.520740032196044922e-03,1.088976860046386719e-04,1.475214958190917969e-04,1.428723335266113281e-04,3.183506727218627930e-01
3.425645828247070312e-02,2.598524093627929688e-03,1.139044761657714844e-04,1.378655433654785156e-04,1.344680786132812500e-04,1.064285039901733398e+00
5.087864398956298828e-02,4.415094852447509766e-03,6.580352783203125000e-04,1.455545425415039062e-04,1.421570777893066406e-04,1.404615998268127441e+00
3.555428981781005859e-02,2.797186374664306641e-03,1.271367073059082031e-04,1.360774040222167969e-04,1.328587532043457031e-04,1.441060304641723633e+00
4.804050922393798828e-02,3.902971744537353516e-03,5.562901496887207031e-04,1.312494277954101562e-04,1.274943351745605469e-04,5.588105320930480957e-01
3.152525424957275391e-02,2.203881740570068359e-03,8.940696716308593750e-05,1.509189605712890625e-04,1.453757286071777344e-04,3.626611232757568359e-01
4.839706420898437500e-02,3.965377807617187500e-03,5.684494972229003906e-04,1.993775367736816406e-04,1.861453056335449219e-04,7.588428854942321777e-01
3.209906816482543945e-02,2.284169197082519531e-03,9.423494338989257812e-05,2.220869064331054688e-04,1.983046531677246094e-04,2.244262695312500000e+00
3.314530849456787109e-02,2.434015274047851562e-03,1.035332679748535156e-04,2.397894859313964844e-04,2.095699310302734375e-04,3.947923660278320312e+00
3.524994850158691406e-02,2.749979496002197266e-03,1.239180564880371094e-04,2.952218055725097656e-04,2.598166465759277344e-04,3.545995712280273438e+00
3.687500953674316406e-02,3.006935119628906250e-03,1.414418220520019531e-04,3.279447555541992188e-04,2.905726432800292969e-04,3.065579652786254883e+00
3.708958625793457031e-02,3.041625022888183594e-03,1.437664031982421875e-04,3.066658973693847656e-04,2.723336219787597656e-04,2.869193553924560547e+00
4.690343141555786133e-02,3.707170486450195312e-03,5.185604095458984375e-04,2.228021621704101562e-04,1.993775367736816406e-04,2.117571353912353516e+00
4.614257812500000000e-02,3.579318523406982422e-03,4.944205284118652344e-04,1.534223556518554688e-04,1.455545425415039062e-04,5.243101716041564941e-01
3.092765808105468750e-02,2.121984958648681641e-03,8.457899093627929688e-05,1.239180564880371094e-04,1.190900802612304688e-04,3.544195890426635742e-01
3.133982419967651367e-02,2.178311347961425781e-03,8.779764175415039062e-05,1.475214958190917969e-04,1.421570777893066406e-04,3.606993556022644043e-01
4.528248310089111328e-02,3.437519073486328125e-03,4.679560661315917969e-04,1.264214515686035156e-04,1.223087310791015625e-04,3.164849281311035156e-01
6.622177362442016602e-02,8.205592632293701172e-03,7.919669151306152344e-04,1.258850097656250000e-04,1.217722892761230469e-04,3.087471127510070801e-01
3.071540594100952148e-02,2.093195915222167969e-03,8.279085159301757812e-05,1.394748687744140625e-04,1.344680786132812500e-04,3.480960130691528320e-01
2.995240688323974609e-02,1.991450786590576172e-03,7.688999176025390625e-05,1.417994499206542969e-04,1.369714736938476562e-04,3.414983153343200684e-01
6.419312953948974609e-02,7.768034934997558594e-03,7.361769676208496094e-04,1.357197761535644531e-04,1.314282417297363281e-04,3.172554373741149902e-01
3.148698806762695312e-02,2.198696136474609375e-03,8.904933929443359375e-05,1.257061958312988281e-04,1.214146614074707031e-04,3.260148167610168457e-01
3.254091739654541016e-02,2.346932888031005859e-03,9.799003601074218750e-05,1.360774040222167969e-04,1.314282417297363281e-04,3.355634808540344238e-01
3.372699022293090820e-02,2.519488334655761719e-03,1.088976860046386719e-04,1.351833343505859375e-04,1.303553581237792969e-04,3.388423919677734375e-01
2.995526790618896484e-02,1.991808414459228516e-03,7.688999176025390625e-05,1.691579818725585938e-04,1.586079597473144531e-04,6.707097887992858887e-01
3.246706724166870117e-02,2.336382865905761719e-03,9.745359420776367188e-05,1.836419105529785156e-04,1.650452613830566406e-04,1.767195701599121094e+00
4.045003652572631836e-02,3.612220287322998047e-03,1.854300498962402344e-04,1.729130744934082031e-04,1.603960990905761719e-04,8.388197422027587891e-01
4.460602998733520508e-02,4.384875297546386719e-03,2.471208572387695312e-04,1.571774482727050781e-04,1.494884490966796875e-04,5.017597675323486328e-01
3.931742906570434570e-02,3.414452075958251953e-03,1.705884933471679688e-04,1.720190048217773438e-04,1.634359359741210938e-04,5.212454795837402344e-01
3.998798131942749023e-02,3.530859947204589844e-03,1.793503761291503906e-04,1.848936080932617188e-04,1.732707023620605469e-04,7.063694000244140625e-01
4.039639234542846680e-02,3.602743148803710938e-03,1.847147941589355469e-04,2.167224884033203125e-04,1.974105834960937500e-04,1.365862011909484863e+00
7.172155380249023438e-02,9.443700313568115234e-03,9.546875953674316406e-04,2.589225769042968750e-04,2.299547195434570312e-04,2.652886629104614258e+00
3.820699453353881836e-02,3.225982189178466797e-03,1.568198204040527344e-04,3.340244293212890625e-04,2.950429916381835938e-04,3.346176624298095703e+00
3.792536258697509766e-02,3.178954124450683594e-03,1.536011695861816406e-04,4.509687423706054688e-04,3.885626792907714844e-04,5.772264003753662109e+00
8.449244499206542969e-02,1.260334253311157227e-02,1.401722431182861328e-03,4.815459251403808594e-04,4.168152809143066406e-04,5.507978439331054688e+00
3.330034017562866211e-02,2.456724643707275391e-03,1.049637794494628906e-04,2.866387367248535156e-04,2.494454383850097656e-04,4.395484924316406250e+00
3.150022029876708984e-02,2.200484275817871094e-03,8.922815322875976562e-05,2.176165580749511719e-04,1.940131187438964844e-04,2.381505012512207031e+00
3.334075212478637695e-02,2.462625503540039062e-03,1.053214073181152344e-04,1.614689826965332031e-04,1.503825187683105469e-04,7.840172052383422852e-01
2.956974506378173828e-02,1.941204071044921875e-03,7.402896881103515625e-05,1.394748687744140625e-04,1.337528228759765625e-04,3.957778215408325195e-01
3.149306774139404297e-02,2.199411392211914062e-03,8.904933929443359375e-05,1.384019851684570312e-04,1.328587532043457031e-04,3.766200542449951172e-01
3.093606233596801758e-02,2.123057842254638672e-03,8.457899093627929688e-05,1.519918441772460938e-04,1.457333564758300781e-04,3.989397883415222168e-01
3.349792957305908203e-02,2.485692501068115234e-03,1.067519187927246094e-04,1.854300498962402344e-04,1.729130744934082031e-04,8.759633302688598633e-01
3.851079940795898438e-02,3.276944160461425781e-03,1.605749130249023438e-04,1.711249351501464844e-04,1.566410064697265625e-04,1.167272686958312988e+00
4.089796543121337891e-02,3.691792488098144531e-03,1.915097236633300781e-04,1.587867736816406250e-04,1.507401466369628906e-04,5.094001293182373047e-01
4.800349473953247070e-02,5.071520805358886719e-03,3.064870834350585938e-04,1.596808433532714844e-04,1.550316810607910156e-04,3.194741606712341309e-01
4.508024454116821289e-02,4.477679729461669922e-03,2.548098564147949219e-04,1.541376113891601562e-04,1.460909843444824219e-04,5.316622853279113770e-01
7.548344135284423828e-02,1.033347845077514648e-02,1.076281070709228516e-03,1.659393310546875000e-04,1.534223556518554688e-04,9.205250144004821777e-01
4.493594169616699219e-02,4.449427127838134766e-03,2.524852752685546875e-04,1.627206802368164062e-04,1.568198204040527344e-04,3.726164102554321289e-01
