4.831570386886596680e-02,4.548311233520507812e-03,3.132820129394531250e-04,1.047849655151367188e-04,9.781122207641601562e-05,3.241419196128845215e-01
4.755163192749023438e-02,4.403829574584960938e-03,2.989768981933593750e-04,1.056790351867675781e-04,9.852647781372070312e-05,3.249313831329345703e-01
4.772830009460449219e-02,4.437088966369628906e-03,3.021955490112304688e-04,1.060366630554199219e-04,9.888410568237304688e-05,3.253691196441650391e-01
4.656475782394409180e-02,4.220902919769287109e-03,2.810955047607421875e-04,1.081824302673339844e-04,1.008510589599609375e-04,3.274764418601989746e-01
8.283251523971557617e-02,1.414829492568969727e-02,1.560151576995849609e-03,1.055002212524414062e-04,9.834766387939453125e-05,3.248548507690429688e-01
4.689574241638183594e-02,4.281878471374511719e-03,2.869963645935058594e-04,1.078248023986816406e-04,1.004934310913085938e-04,3.270583748817443848e-01
4.760706424713134766e-02,4.414200782775878906e-03,2.998709678649902344e-04,1.081824302673339844e-04,1.008510589599609375e-04,3.274244070053100586e-01
4.796057939529418945e-02,4.480898380279541016e-03,3.064870834350585938e-04,1.065731048583984375e-04,9.924173355102539062e-05,3.257866501808166504e-01
6.051278114318847656e-02,6.407618522644042969e-03,1.092731952667236328e-03,1.081824302673339844e-04,1.010298728942871094e-04,3.274953961372375488e-01
4.535812139511108398e-02,4.002571105957031250e-03,2.601742744445800781e-04,1.121163368225097656e-04,1.046061515808105469e-04,3.312478065490722656e-01
7.501047849655151367e-02,1.194119453430175781e-02,1.242935657501220703e-03,1.146197319030761719e-04,1.067519187927246094e-04,3.334869146347045898e-01
4.544502496719360352e-02,4.017949104309082031e-03,2.616047859191894531e-04,1.122951507568359375e-04,1.046061515808105469e-04,3.313390016555786133e-01
4.500406980514526367e-02,3.939449787139892578e-03,2.542734146118164062e-04,1.117587089538574219e-04,1.042485237121582031e-04,3.308506608009338379e-01
4.423981904983520508e-02,3.805339336395263672e-03,2.417564392089843750e-04,1.092553138732910156e-04,1.017451286315917969e-04,3.284434676170349121e-01
4.268252849578857422e-02,3.539085388183593750e-03,2.176165580749511719e-04,1.122951507568359375e-04,1.047849655151367188e-04,3.314334154129028320e-01
4.094535112380981445e-02,3.253698348999023438e-03,1.925826072692871094e-04,1.156926155090332031e-04,1.076459884643554688e-04,3.344396352767944336e-01
4.102617502212524414e-02,3.266751766204833984e-03,1.936554908752441406e-04,1.130104064941406250e-04,1.053214073181152344e-04,3.319718241691589355e-01
5.261850357055664062e-02,4.745721817016601562e-03,7.259845733642578125e-04,1.106858253479003906e-04,1.031756401062011719e-04,3.328379988670349121e-01
3.787887096405029297e-02,2.779662609100341797e-03,1.532435417175292969e-04,1.083612442016601562e-04,1.004934310913085938e-04,3.620479702949523926e-01
6.674480438232421875e-02,9.780228137969970703e-03,9.512901306152343750e-04,1.167654991149902344e-04,1.074671745300292969e-04,4.533534049987792969e-01
3.801602125167846680e-02,2.800047397613525391e-03,1.548528671264648438e-04,1.244544982910156250e-04,1.139044761657714844e-04,5.157265663146972656e-01
3.689324855804443359e-02,2.635180950164794922e-03,1.417994499206542969e-04,1.124739646911621094e-04,1.026391983032226562e-04,5.276373624801635742e-01
3.602349758148193359e-02,2.511084079742431641e-03,1.321434974670410156e-04,1.071095466613769531e-04,9.834766387939453125e-05,4.701064825057983398e-01
3.762602806091308594e-02,2.742111682891845703e-03,1.502037048339843750e-04,1.119375228881835938e-04,1.022815704345703125e-04,5.166197419166564941e-01
3.372251987457275391e-02,2.197086811065673828e-03,1.088976860046386719e-04,1.156926155090332031e-04,1.049637794494628906e-04,6.206980347633361816e-01
3.402739763259887695e-02,2.237498760223388672e-03,1.117587089538574219e-04,1.232028007507324219e-04,1.106858253479003906e-04,7.661352753639221191e-01
5.559486150741577148e-02,7.155239582061767578e-03,6.258487701416015625e-04,1.240968704223632812e-04,1.126527786254882812e-04,6.415314674377441406e-01
3.381210565567016602e-02,2.208888530731201172e-03,1.097917556762695312e-04,1.155138015747070312e-04,1.040697097778320312e-04,7.250046730041503906e-01
3.515392541885375977e-02,2.389848232269287109e-03,1.230239868164062500e-04,1.235604286193847656e-04,1.117587089538574219e-04,6.723194718360900879e-01
3.349399566650390625e-02,2.167046070098876953e-03,1.067519187927246094e-04,1.267790794372558594e-04,1.137256622314453125e-04,8.115742206573486328e-01
3.810542821884155273e-02,2.813279628753662109e-03,1.559257507324218750e-04,1.122951507568359375e-04,1.010298728942871094e-04,7.327466011047363281e-01
3.127992153167724609e-02,1.887023448944091797e-03,8.744001388549804688e-05,1.187324523925781250e-04,1.063942909240722656e-04,8.328316211700439453e-01
3.364616632461547852e-02,2.187073230743408203e-03,1.081824302673339844e-04,1.122951507568359375e-04,1.015663146972656250e-04,6.580460071563720703e-01
5.347824096679687500e-02,6.695687770843505859e-03,5.727410316467285156e-04,1.101493835449218750e-04,9.924173355102539062e-05,6.903820037841796875e-01
5.743056535720825195e-02,7.563829421997070312e-03,6.743073463439941406e-04,1.130104064941406250e-04,1.026391983032226562e-04,6.019100546836853027e-01
5.914878845214843750e-02,7.954895496368408203e-03,7.213354110717773438e-04,1.094341278076171875e-04,9.942054748535156250e-05,5.689398050308227539e-01
5.929291248321533203e-02,7.987976074218750000e-03,7.254481315612792969e-04,1.146197319030761719e-04,1.046061515808105469e-04,5.301749110221862793e-01
3.090369701385498047e-02,1.841425895690917969e-03,8.440017700195312500e-05,1.274943351745605469e-04,1.140832901000976562e-04,8.377819061279296875e-01
3.194260597229003906e-02,1.968741416931152344e-03,9.298324584960937500e-05,1.248121261596679688e-04,1.114010810852050781e-04,9.022353887557983398e-01
3.180456161499023438e-02,1.951575279235839844e-03,9.173154830932617188e-05,1.392960548400878906e-04,1.219511032104492188e-04,1.426843643188476562e+00
3.625452518463134766e-02,2.543628215789794922e-03,1.346468925476074219e-04,1.358985900878906250e-04,1.198053359985351562e-04,1.221177220344543457e+00
4.518163204193115234e-02,3.421068191528320312e-03,4.649162292480468750e-04,1.568198204040527344e-04,1.371502876281738281e-04,1.567071914672851562e+00
3.244239091873168945e-02,2.031683921813964844e-03,9.727478027343750000e-05,1.253485679626464844e-04,1.110434532165527344e-04,1.049966454505920410e+00
3.626686334609985352e-02,2.545416355133056641e-03,1.348257064819335938e-04,1.246333122253417969e-04,1.103281974792480469e-04,1.092944025993347168e+00
3.098934888839721680e-02,1.851797103881835938e-03,8.493661880493164062e-05,1.142621040344238281e-04,1.021027565002441406e-04,8.769586086273193359e-01
3.264945745468139648e-02,2.057969570159912109e-03,9.906291961669921875e-05,1.130104064941406250e-04,1.006722450256347656e-04,9.034570455551147461e-01
3.372734785079956055e-02,2.197802066802978516e-03,1.088976860046386719e-04,1.237392425537109375e-04,1.117587089538574219e-04,6.754537224769592285e-01
3.638130426406860352e-02,2.561688423156738281e-03,1.360774040222167969e-04,1.167654991149902344e-04,1.055002212524414062e-04,6.800429821014404297e-01
3.510189056396484375e-02,2.382695674896240234e-03,1.224875450134277344e-04,1.221299171447753906e-04,1.097917556762695312e-04,7.650761604309082031e-01
5.548149347305297852e-02,7.130205631256103516e-03,6.229877471923828125e-04,1.190900802612304688e-04,1.063942909240722656e-04,8.457512855529785156e-01
3.244596719741821289e-02,2.032041549682617188e-03,9.727478027343750000e-05,1.103281974792480469e-04,9.959936141967773438e-05,6.646378040313720703e-01
3.588044643402099609e-02,2.490878105163574219e-03,1.307129859924316406e-04,1.139044761657714844e-04,1.038908958435058594e-04,5.398122668266296387e-01
3.889775276184082031e-02,2.932906150817871094e-03,1.655817031860351562e-04,1.044273376464843750e-04,9.727478027343750000e-05,3.244278430938720703e-01
3.600794076919555664e-02,2.508759498596191406e-03,1.319646835327148438e-04,1.151561737060546875e-04,1.069307327270507812e-04,3.653206229209899902e-01
3.867781162261962891e-02,2.899467945098876953e-03,1.628994941711425781e-04,1.081824302673339844e-04,1.004934310913085938e-04,3.439385890960693359e-01
3.589850664138793945e-02,2.493381500244140625e-03,1.308917999267578125e-04,1.085400581359863281e-04,1.010298728942871094e-04,3.289999365806579590e-01
3.680866956710815430e-02,2.623021602630615234e-03,1.409053802490234375e-04,1.094341278076171875e-04,1.019239425659179688e-04,3.394825458526611328e-01
3.599417209625244141e-02,2.506971359252929688e-03,1.319646835327148438e-04,1.083612442016601562e-04,1.008510589599609375e-04,3.405899405479431152e-01
5.999726057052612305e-02,8.150875568389892578e-03,7.452964782714843750e-04,1.063942909240722656e-04,9.906291961669921875e-05,3.306171298027038574e-01
6.176859140396118164e-02,8.566796779632568359e-03,7.966160774230957031e-04,1.055002212524414062e-04,9.816884994506835938e-05,3.480037450790405273e-01
3.384912014007568359e-02,2.213895320892333984e-03,1.101493835449218750e-04,1.094341278076171875e-04,1.015663146972656250e-04,3.651176691055297852e-01
5.947136878967285156e-02,8.029103279113769531e-03,7.304549217224121094e-04,1.069307327270507812e-04,9.906291961669921875e-05,3.651806116104125977e-01
3.590029478073120117e-02,2.493739128112792969e-03,1.308917999267578125e-04,1.024603843688964844e-04,9.512901306152343750e-05,3.569558858871459961e-01
4.797434806823730469e-02,3.891348838806152344e-03,5.539655685424804688e-04,1.026391983032226562e-04,9.530782699584960938e-05,3.514675498008728027e-01
3.438913822174072266e-02,2.285957336425781250e-03,1.153349876403808594e-04,1.042485237121582031e-04,9.673833847045898438e-05,3.535045981407165527e-01
3.398805856704711914e-02,2.232313156127929688e-03,1.114010810852050781e-04,1.058578491210937500e-04,9.852647781372070312e-05,3.395138382911682129e-01
3.582859039306640625e-02,2.483546733856201172e-03,1.301765441894531250e-04,1.108646392822265625e-04,1.031756401062011719e-04,3.425960540771484375e-01
3.477483987808227539e-02,2.337992191314697266e-03,1.192688941955566406e-04,1.037120819091796875e-04,9.638071060180664062e-05,3.502138853073120117e-01
3.479504585266113281e-02,2.340853214263916016e-03,1.194477081298828125e-04,1.189112663269042969e-04,1.067519187927246094e-04,7.753010988235473633e-01
3.082698583602905273e-02,1.832127571105957031e-03,8.368492126464843750e-05,1.360774040222167969e-04,1.190900802612304688e-04,1.451481699943542480e+00
5.266642570495605469e-02,6.522774696350097656e-03,5.528926849365234375e-04,1.162290573120117188e-04,1.028180122375488281e-04,1.065245628356933594e+00
3.012871742248535156e-02,1.749157905578613281e-03,7.832050323486328125e-05,1.214146614074707031e-04,1.074671745300292969e-04,1.075804710388183594e+00
3.433960676193237305e-02,2.279162406921386719e-03,1.147985458374023438e-04,1.312494277954101562e-04,1.156926155090332031e-04,1.225619316101074219e+00
3.751480579376220703e-02,2.725839614868164062e-03,1.489520072937011719e-04,1.417994499206542969e-04,1.246333122253417969e-04,1.352413058280944824e+00
3.319162130355834961e-02,2.127707004547119141e-03,1.038908958435058594e-04,1.198053359985351562e-04,1.062154769897460938e-04,1.023639678955078125e+00
3.481990098953247070e-02,2.344250679016113281e-03,1.196265220642089844e-04,1.335740089416503906e-04,1.180171966552734375e-04,1.176777005195617676e+00
3.560632467269897461e-02,2.452611923217773438e-03,1.278519630432128906e-04,1.266002655029296875e-04,1.115798950195312500e-04,1.201051354408264160e+00
4.295861721038818359e-02,3.069698810577392578e-03,4.010796546936035156e-04,1.183748245239257812e-04,1.051425933837890625e-04,9.937952756881713867e-01
3.354603052139282227e-02,2.173840999603271484e-03,1.072883605957031250e-04,1.003146171569824219e-04,9.155273437500000000e-05,5.283474326133728027e-01
3.366404771804809570e-02,2.189397811889648438e-03,1.083612442016601562e-04,1.071095466613769531e-04,9.799003601074218750e-05,5.111875534057617188e-01
3.446477651596069336e-02,2.296149730682373047e-03,1.160502433776855469e-04,1.085400581359863281e-04,9.924173355102539062e-05,4.958360195159912109e-01
3.260672092437744141e-02,2.052426338195800781e-03,9.870529174804687500e-05,1.035332679748535156e-04,9.495019912719726562e-05,4.809397459030151367e-01
5.755126476287841797e-02,7.591009140014648438e-03,6.775259971618652344e-04,9.834766387939453125e-05,8.994340896606445312e-05,4.732199907302856445e-01
4.905474185943603516e-02,4.081964492797851562e-03,5.913376808166503906e-04,1.205205917358398438e-04,1.103281974792480469e-04,5.139876008033752441e-01
3.160643577575683594e-02,1.927077770233154297e-03,9.012222290039062500e-05,1.219511032104492188e-04,1.074671745300292969e-04,1.190504193305969238e+00
3.387898206710815430e-02,2.217829227447509766e-03,1.105070114135742188e-04,1.384019851684570312e-04,1.224875450134277344e-04,1.126598954200744629e+00
3.306341171264648438e-02,2.111077308654785156e-03,1.028180122375488281e-04,1.219511032104492188e-04,1.071095466613769531e-04,1.293186664581298828e+00
3.542536497116088867e-02,2.427399158477783203e-03,1.258850097656250000e-04,1.412630081176757812e-04,1.239180564880371094e-04,1.394814014434814453e+00
3.567749261856079102e-02,2.462446689605712891e-03,1.285672187805175781e-04,1.453757286071777344e-04,1.271367073059082031e-04,1.538578033447265625e+00
3.344857692718505859e-02,2.161145210266113281e-03,1.063942909240722656e-04,1.323223114013671875e-04,1.160502433776855469e-04,1.375319480895996094e+00
3.139758110046386719e-02,1.901507377624511719e-03,8.833408355712890625e-05,1.273155212402343750e-04,1.122951507568359375e-04,1.155482769012451172e+00
3.256469964981079102e-02,2.047240734100341797e-03,9.834766387939453125e-05,1.233816146850585938e-04,1.085400581359863281e-04,1.229830384254455566e+00
5.964267253875732422e-02,8.068799972534179688e-03,7.352828979492187500e-04,1.317858695983886719e-04,1.153349876403808594e-04,1.459412455558776855e+00
3.610360622406005859e-02,2.522349357604980469e-03,1.330375671386718750e-04,1.353621482849121094e-04,1.185536384582519531e-04,1.438779115676879883e+00
3.440630435943603516e-02,2.288103103637695312e-03,1.155138015747070312e-04,1.353621482849121094e-04,1.196265220642089844e-04,1.151648283004760742e+00
3.942078351974487305e-02,3.013372421264648438e-03,1.721978187561035156e-04,1.291036605834960938e-04,1.133680343627929688e-04,1.350362062454223633e+00
3.953486680984497070e-02,3.031075000762939453e-03,1.738071441650390625e-04,1.591444015502929688e-04,1.401901245117187500e-04,1.328616142272949219e+00
3.531038761138916016e-02,2.411484718322753906e-03,1.246333122253417969e-04,1.566410064697265625e-04,1.360774040222167969e-04,1.795338034629821777e+00
3.924643993377685547e-02,2.986371517181396484e-03,1.700520515441894531e-04,1.453757286071777344e-04,1.278519630432128906e-04,1.351193547248840332e+00
4.739069938659667969e-02,3.790318965911865234e-03,5.344748497009277344e-04,1.614689826965332031e-04,1.385807991027832031e-04,2.471495151519775391e+00
3.666973114013671875e-02,2.602994441986083984e-03,1.392960548400878906e-04,1.428723335266113281e-04,1.248121261596679688e-04,1.579566240310668945e+00
3.682976961135864258e-02,2.626061439514160156e-03,1.410841941833496094e-04,1.357197761535644531e-04,1.187324523925781250e-04,1.446709871292114258e+00
4.481452703475952148e-02,3.361701965332031250e-03,4.540085792541503906e-04,1.564621925354003906e-04,1.333951950073242188e-04,2.781904697418212891e+00
3.418618440628051758e-02,2.258598804473876953e-03,1.133680343627929688e-04,1.278519630432128906e-04,1.121163368225097656e-04,1.322452306747436523e+00
3.805071115493774414e-02,2.805233001708984375e-03,1.552104949951171875e-04,1.485943794250488281e-04,1.299977302551269531e-04,1.510304689407348633e+00
5.737745761871337891e-02,7.551848888397216797e-03,6.728768348693847656e-04,1.244544982910156250e-04,1.096129417419433594e-04,1.237024307250976562e+00
3.241109848022460938e-02,2.027750015258789062e-03,9.691715240478515625e-05,1.239180564880371094e-04,1.115798950195312500e-04,7.458066344261169434e-01
4.727357625961303711e-02,3.770291805267333984e-03,5.307197570800781250e-04,1.158714294433593750e-04,1.071095466613769531e-04,3.968680500984191895e-01
3.488820791244506836e-02,2.353549003601074219e-03,1.203417778015136719e-04,1.108646392822265625e-04,1.024603843688964844e-04,4.016895890235900879e-01
3.428524732589721680e-02,2.271831035614013672e-03,1.142621040344238281e-04,1.108646392822265625e-04,1.024603843688964844e-04,4.070767164230346680e-01
3.266197443008422852e-02,2.059578895568847656e-03,9.924173355102539062e-05,1.038908958435058594e-04,9.602308273315429688e-05,3.981567621231079102e-01
4.055160284042358398e-02,3.190755844116210938e-03,1.872181892395019531e-04,1.130104064941406250e-04,1.042485237121582031e-04,4.220001697540283203e-01
4.053872823715209961e-02,3.188788890838623047e-03,1.870393753051757812e-04,1.076459884643554688e-04,9.959936141967773438e-05,3.900611400604248047e-01
3.662717342376708984e-02,2.596914768218994141e-03,1.387596130371093750e-04,1.135468482971191406e-04,1.047849655151367188e-04,4.307059049606323242e-01
6.231719255447387695e-02,8.697152137756347656e-03,8.128881454467773438e-04,1.271367073059082031e-04,1.158714294433593750e-04,5.687815546989440918e-01
3.442329168319702148e-02,2.290427684783935547e-03,1.156926155090332031e-04,1.174807548522949219e-04,1.051425933837890625e-04,8.068880438804626465e-01
3.314119577407836914e-02,2.121090888977050781e-03,1.035332679748535156e-04,1.332163810729980469e-04,1.176595687866210938e-04,1.191941499710083008e+00
3.324043750762939453e-02,2.133965492248535156e-03,1.044273376464843750e-04,1.450181007385253906e-04,1.253485679626464844e-04,1.971381425857543945e+00
3.690809011459350586e-02,2.637326717376708984e-03,1.419782638549804688e-04,1.190900802612304688e-04,1.049637794494628906e-04,1.184818267822265625e+00
3.665131330490112305e-02,2.600312232971191406e-03,1.391172409057617188e-04,1.192688941955566406e-04,1.056790351867675781e-04,1.047563195228576660e+00
5.927717685699462891e-02,7.984399795532226562e-03,7.249116897583007812e-04,1.199841499328613281e-04,1.063942909240722656e-04,1.038033127784729004e+00
3.913486003875732422e-02,2.969205379486083984e-03,1.686215400695800781e-04,1.196265220642089844e-04,1.067519187927246094e-04,9.014208912849426270e-01
3.652489185333251953e-02,2.582252025604248047e-03,1.376867294311523438e-04,1.137256622314453125e-04,1.024603843688964844e-04,7.192554473876953125e-01
4.144978523254394531e-02,3.335416316986083984e-03,1.995563507080078125e-04,1.047849655151367188e-04,9.638071060180664062e-05,4.315191507339477539e-01
4.092282056808471680e-02,3.250122070312500000e-03,1.922249794006347656e-04,1.017451286315917969e-04,9.423494338989257812e-05,3.632783889770507812e-01
4.216647148132324219e-02,3.453075885772705078e-03,2.099275588989257812e-04,1.069307327270507812e-04,9.942054748535156250e-05,3.467300534248352051e-01
4.450249671936035156e-02,3.851115703582763672e-03,2.460479736328125000e-04,1.078248023986816406e-04,1.004934310913085938e-04,3.270059823989868164e-01
3.994971513748168945e-02,3.095626831054687500e-03,1.791715621948242188e-04,1.081824302673339844e-04,1.008510589599609375e-04,3.688555955886840820e-01
4.228717088699340820e-02,3.473103046417236328e-03,2.117156982421875000e-04,1.063942909240722656e-04,9.924173355102539062e-05,4.108795523643493652e-01
7.308697700500488281e-02,1.142245531082153320e-02,1.171231269836425781e-03,1.096129417419433594e-04,1.021027565002441406e-04,4.788848161697387695e-01
4.236495494842529297e-02,3.486156463623046875e-03,2.127885818481445312e-04,1.078248023986816406e-04,1.004934310913085938e-04,4.788869619369506836e-01
5.564153194427490234e-02,5.350649356842041016e-03,8.549094200134277344e-04,1.063942909240722656e-04,9.906291961669921875e-05,4.382954835891723633e-01
4.044520854949951172e-02,3.173947334289550781e-03,1.857876777648925781e-04,1.047849655151367188e-04,9.763240814208984375e-05,4.623484611511230469e-01
3.906476497650146484e-02,2.958476543426513672e-03,1.677274703979492188e-04,1.028180122375488281e-04,9.584426879882812500e-05,4.186885356903076172e-01
5.369514226913452148e-02,4.956722259521484375e-03,7.703304290771484375e-04,1.047849655151367188e-04,9.763240814208984375e-05,3.920672535896301270e-01
6.823861598968505859e-02,1.015752553939819336e-02,1.000821590423583984e-03,1.026391983032226562e-04,9.566545486450195312e-05,4.050119519233703613e-01
3.944402933120727539e-02,3.016948699951171875e-03,1.725554466247558594e-04,1.049637794494628906e-04,9.781122207641601562e-05,3.975884914398193359e-01
4.279679059982299805e-02,3.558397293090820312e-03,2.192258834838867188e-04,1.055002212524414062e-04,9.834766387939453125e-05,4.029348492622375488e-01
6.986743211746215820e-02,1.057559251785278320e-02,1.056432723999023438e-03,1.033544540405273438e-04,9.620189666748046875e-05,4.237246513366699219e-01
4.038083553314208984e-02,3.163754940032958984e-03,1.848936080932617188e-04,1.110434532165527344e-04,1.035332679748535156e-04,3.387590646743774414e-01
4.244595766067504883e-02,3.499567508697509766e-03,2.140402793884277344e-04,1.083612442016601562e-04,1.010298728942871094e-04,3.275685310363769531e-01
4.095214605331420898e-02,3.254950046539306641e-03,1.927614212036132812e-04,1.147985458374023438e-04,1.069307327270507812e-04,3.336519598960876465e-01
4.247617721557617188e-02,3.504574298858642578e-03,2.145767211914062500e-04,1.071095466613769531e-04,9.977817535400390625e-05,3.432784080505371094e-01
7.181131839752197266e-02,1.108360290527343750e-02,1.124918460845947266e-03,1.080036163330078125e-04,1.006722450256347656e-04,3.618966937065124512e-01
4.110217094421386719e-02,3.279089927673339844e-03,1.947283744812011719e-04,1.074671745300292969e-04,1.001358032226562500e-04,4.428640007972717285e-01
4.113614559173583984e-02,3.284454345703125000e-03,1.952648162841796875e-04,1.029968261718750000e-04,9.602308273315429688e-05,4.634479880332946777e-01
3.924787044525146484e-02,2.986729145050048828e-03,1.700520515441894531e-04,1.058578491210937500e-04,9.870529174804687500e-05,4.305168986320495605e-01
3.852063417434692383e-02,2.875685691833496094e-03,1.609325408935546875e-04,1.055002212524414062e-04,9.834766387939453125e-05,4.134485721588134766e-01
3.738373517990112305e-02,2.706527709960937500e-03,1.473426818847656250e-04,1.051425933837890625e-04,9.799003601074218750e-05,3.861985802650451660e-01
6.496739387512207031e-02,9.339094161987304688e-03,8.942484855651855469e-04,1.035332679748535156e-04,9.655952453613281250e-05,4.114111661911010742e-01
6.301617622375488281e-02,8.864700794219970703e-03,8.339881896972656250e-04,1.024603843688964844e-04,9.548664093017578125e-05,3.775681257247924805e-01
3.582143783569335938e-02,2.482652664184570312e-03,1.299977302551269531e-04,9.709596633911132812e-05,9.047985076904296875e-05,4.160240292549133301e-01
3.785830736160278320e-02,2.776622772216796875e-03,1.528859138488769531e-04,1.094341278076171875e-04,1.019239425659179688e-04,4.623327255249023438e-01
3.940683603286743164e-02,3.011226654052734375e-03,1.720190048217773438e-04,1.155138015747070312e-04,1.078248023986816406e-04,4.872429370880126953e-01
4.026764631271362305e-02,3.145694732666015625e-03,1.832842826843261719e-04,1.267790794372558594e-04,1.183748245239257812e-04,6.199294924736022949e-01
3.880995512008666992e-02,2.919673919677734375e-03,1.645088195800781250e-04,1.351833343505859375e-04,1.264214515686035156e-04,7.690245509147644043e-01
3.903633356094360352e-02,2.954185009002685547e-03,1.673698425292968750e-04,1.214146614074707031e-04,1.137256622314453125e-04,1.081774950027465820e+00
3.891152143478393555e-02,2.935051918029785156e-03,1.657605171203613281e-04,1.219511032104492188e-04,1.142621040344238281e-04,1.006173491477966309e+00
4.049724340438842773e-02,3.182172775268554688e-03,1.865029335021972656e-04,1.267790794372558594e-04,1.187324523925781250e-04,1.081636667251586914e+00
3.983169794082641602e-02,3.077208995819091797e-03,1.775622367858886719e-04,1.189112663269042969e-04,1.114010810852050781e-04,1.105305671691894531e+00
4.009294509887695312e-02,3.118157386779785156e-03,1.809597015380859375e-04,1.271367073059082031e-04,1.190900802612304688e-04,9.439060091972351074e-01
4.969292879104614258e-02,4.196941852569580078e-03,6.140470504760742188e-04,1.131892204284667969e-04,1.055002212524414062e-04,3.456521630287170410e-01
3.785258531570434570e-02,2.775728702545166016e-03,1.528859138488769531e-04,1.133680343627929688e-04,1.055002212524414062e-04,3.352267742156982422e-01
3.590494394302368164e-02,2.494275569915771484e-03,1.308917999267578125e-04,1.137256622314453125e-04,1.058578491210937500e-04,3.326495289802551270e-01
3.471046686172485352e-02,2.329230308532714844e-03,1.185536384582519531e-04,1.133680343627929688e-04,1.055002212524414062e-04,3.322750926017761230e-01
3.737515211105346680e-02,2.705276012420654297e-03,1.473426818847656250e-04,1.081824302673339844e-04,1.008510589599609375e-04,4.792390465736389160e-01
5.437892675399780273e-02,5.093336105346679688e-03,7.992982864379882812e-04,1.196265220642089844e-04,1.119375228881835938e-04,1.193838000297546387e+00
4.086130857467651367e-02,3.240287303924560547e-03,1.915097236633300781e-04,1.135468482971191406e-04,1.063942909240722656e-04,1.233421325683593750e+00
4.019254446029663086e-02,3.133893013000488281e-03,1.823902130126953125e-04,1.181960105895996094e-04,1.108646392822265625e-04,1.572613477706909180e+00
4.082000255584716797e-02,3.233671188354492188e-03,1.907944679260253906e-04,1.112222671508789062e-04,1.042485237121582031e-04,1.613316297531127930e+00
3.912359476089477539e-02,2.967596054077148438e-03,1.684427261352539062e-04,1.140832901000976562e-04,1.069307327270507812e-04,1.186546683311462402e+00
3.955614566802978516e-02,3.034293651580810547e-03,1.739859580993652344e-04,1.183748245239257812e-04,1.105070114135742188e-04,6.229856014251708984e-01
3.632944822311401367e-02,2.554357051849365234e-03,1.355409622192382812e-04,1.051425933837890625e-04,9.799003601074218750e-05,4.561539888381958008e-01
3.612363338470458984e-02,2.525210380554199219e-03,1.332163810729980469e-04,9.870529174804687500e-05,9.191036224365234375e-05,4.132461547851562500e-01
3.694885969161987305e-02,2.643227577209472656e-03,1.425147056579589844e-04,1.019239425659179688e-04,9.495019912719726562e-05,4.349849224090576172e-01
3.811043500900268555e-02,2.814173698425292969e-03,1.559257507324218750e-04,9.727478027343750000e-05,9.065866470336914062e-05,5.019019246101379395e-01
3.965234756469726562e-02,3.049314022064208984e-03,1.752376556396484375e-04,1.187324523925781250e-04,1.108646392822265625e-04,6.223348975181579590e-01
3.756648302078247070e-02,2.733349800109863281e-03,1.494884490966796875e-04,9.924173355102539062e-05,9.262561798095703125e-05,7.262241840362548828e-01
3.695368766784667969e-02,2.643942832946777344e-03,1.425147056579589844e-04,1.065731048583984375e-04,9.977817535400390625e-05,1.046687364578247070e+00
3.806877136230468750e-02,2.807915210723876953e-03,1.555681228637695312e-04,1.162290573120117188e-04,1.088976860046386719e-04,1.150802850723266602e+00
3.932762145996093750e-02,2.998888492584228516e-03,1.711249351501464844e-04,1.215934753417968750e-04,1.139044761657714844e-04,1.388410091400146484e+00
4.022866487503051758e-02,3.139615058898925781e-03,1.829266548156738281e-04,1.215934753417968750e-04,1.137256622314453125e-04,1.236578822135925293e+00
4.015302658081054688e-02,3.127634525299072266e-03,1.818537712097167969e-04,1.165866851806640625e-04,1.092553138732910156e-04,1.431077003479003906e+00
4.050689935684204102e-02,3.183603286743164062e-03,1.865029335021972656e-04,1.040697097778320312e-04,9.745359420776367188e-05,1.320911407470703125e+00
6.717807054519653320e-02,9.889125823974609375e-03,9.655952453613281250e-04,1.097917556762695312e-04,1.028180122375488281e-04,1.380621433258056641e+00
3.934782743453979492e-02,3.002107143402099609e-03,1.713037490844726562e-04,1.028180122375488281e-04,9.638071060180664062e-05,1.381378769874572754e+00
4.024171829223632812e-02,3.141582012176513672e-03,1.831054687500000000e-04,9.816884994506835938e-05,9.208917617797851562e-05,1.687389492988586426e+00
4.018324613571166992e-02,3.132462501525878906e-03,1.822113990783691406e-04,9.781122207641601562e-05,9.173154830932617188e-05,1.361186027526855469e+00
4.273706674575805664e-02,3.548383712768554688e-03,2.183318138122558594e-04,1.013875007629394531e-04,9.512901306152343750e-05,1.350257635116577148e+00
4.062509536743164062e-02,3.202557563781738281e-03,1.881122589111328125e-04,9.870529174804687500e-05,9.262561798095703125e-05,1.633883953094482422e+00
3.964054584503173828e-02,3.047347068786621094e-03,1.750588417053222656e-04,1.035332679748535156e-04,9.727478027343750000e-05,2.168781757354736328e+00
6.776064634323120117e-02,1.003611087799072266e-02,9.847283363342285156e-04,9.530782699584960938e-05,8.940696716308593750e-05,1.194774270057678223e+00
3.768879175186157227e-02,2.751410007476806641e-03,1.509189605712890625e-04,1.062154769897460938e-04,9.906291961669921875e-05,5.917566418647766113e-01
3.681457042694091797e-02,2.623915672302246094e-03,1.409053802490234375e-04,8.994340896606445312e-05,8.368492126464843750e-05,4.535772800445556641e-01
3.686732053756713867e-02,2.631425857543945312e-03,1.414418220520019531e-04,1.006722450256347656e-04,9.369850158691406250e-05,3.708638548851013184e-01
4.870408773422241211e-02,4.019558429718017578e-03,5.789995193481445312e-04,1.033544540405273438e-04,9.638071060180664062e-05,3.936944603919982910e-01
3.623378276824951172e-02,2.540767192840576172e-03,1.344680786132812500e-04,1.044273376464843750e-04,9.727478027343750000e-05,3.767001628875732422e-01
4.806965589523315430e-02,3.907978534698486328e-03,5.571842193603515625e-04,9.870529174804687500e-05,9.191036224365234375e-05,4.051707386970520020e-01
3.673142194747924805e-02,2.611935138702392578e-03,1.400113105773925781e-04,1.056790351867675781e-04,9.870529174804687500e-05,5.294719934463500977e-01
4.929274320602416992e-02,4.124701023101806641e-03,5.997419357299804688e-04,1.012086868286132812e-04,9.477138519287109375e-05,1.190595626831054688e+00
3.928381204605102539e-02,2.992093563079833984e-03,1.705884933471679688e-04,1.022815704345703125e-04,9.602308273315429688e-05,1.269522786140441895e+00
3.814297914505004883e-02,2.819001674652099609e-03,1.564621925354003906e-04,1.019239425659179688e-04,9.566545486450195312e-05,1.738735556602478027e+00
3.675913810729980469e-02,2.615869045257568359e-03,1.403689384460449219e-04,9.816884994506835938e-05,9.191036224365234375e-05,1.399922370910644531e+00
3.704649209976196289e-02,2.657353878021240234e-03,1.435875892639160156e-04,1.038908958435058594e-04,9.727478027343750000e-05,1.110381960868835449e+00
3.586935997009277344e-02,2.489268779754638672e-03,1.305341720581054688e-04,1.022815704345703125e-04,9.566545486450195312e-05,8.434810638427734375e-01
4.990911483764648438e-02,4.236280918121337891e-03,6.219148635864257812e-04,9.566545486450195312e-05,8.904933929443359375e-05,4.280591011047363281e-01
4.711747169494628906e-02,3.743648529052734375e-03,5.255341529846191406e-04,9.298324584960937500e-05,8.654594421386718750e-05,4.389284849166870117e-01
3.913021087646484375e-02,2.968490123748779297e-03,1.686215400695800781e-04,1.040697097778320312e-04,9.709596633911132812e-05,5.307580232620239258e-01
3.951054811477661133e-02,3.027141094207763672e-03,1.734495162963867188e-04,1.126527786254882812e-04,1.056790351867675781e-04,1.278215289115905762e+00
3.888255357742309570e-02,2.930581569671630859e-03,1.654028892517089844e-04,1.022815704345703125e-04,9.602308273315429688e-05,1.631918191909790039e+00
6.501996517181396484e-02,9.351968765258789062e-03,8.958578109741210938e-04,1.106858253479003906e-04,1.037120819091796875e-04,1.065332174301147461e+00
3.621160984039306641e-02,2.537727355957031250e-03,1.342892646789550781e-04,1.105070114135742188e-04,1.035332679748535156e-04,9.691747426986694336e-01
3.656637668609619141e-02,2.588152885437011719e-03,1.382231712341308594e-04,9.906291961669921875e-05,9.262561798095703125e-05,1.090169668197631836e+00
6.525224447250366211e-02,9.409189224243164062e-03,9.033679962158203125e-04,1.038908958435058594e-04,9.709596633911132812e-05,6.852609515190124512e-01
3.488141298294067383e-02,2.352654933929443359e-03,1.203417778015136719e-04,9.942054748535156250e-05,9.298324584960937500e-05,7.549045085906982422e-01
3.711372613906860352e-02,2.667188644409179688e-03,1.443028450012207031e-04,1.067519187927246094e-04,9.977817535400390625e-05,7.182192206382751465e-01
3.572756052017211914e-02,2.469420433044433594e-03,1.291036605834960938e-04,9.852647781372070312e-05,9.208917617797851562e-05,9.263343214988708496e-01
3.542983531951904297e-02,2.427935600280761719e-03,1.258850097656250000e-04,9.691715240478515625e-05,9.047985076904296875e-05,6.339061260223388672e-01
3.538763523101806641e-02,2.422213554382324219e-03,1.255273818969726562e-04,9.816884994506835938e-05,9.173154830932617188e-05,6.869001388549804688e-01
3.744238615036010742e-02,2.715110778808593750e-03,1.480579376220703125e-04,1.124739646911621094e-04,1.051425933837890625e-04,7.008647918701171875e-01
3.678792715072631836e-02,2.619981765747070312e-03,1.405477523803710938e-04,1.026391983032226562e-04,9.584426879882812500e-05,5.295606851577758789e-01
6.598162651062011719e-02,9.589791297912597656e-03,9.266138076782226562e-04,1.021027565002441406e-04,9.512901306152343750e-05,4.901838898658752441e-01
3.704309463500976562e-02,2.656996250152587891e-03,1.435875892639160156e-04,1.076459884643554688e-04,1.004934310913085938e-04,5.524513721466064453e-01
3.780233860015869141e-02,2.768218517303466797e-03,1.523494720458984375e-04,1.173019409179687500e-04,1.096129417419433594e-04,7.923946380615234375e-01
6.454306840896606445e-02,9.235024452209472656e-03,8.810162544250488281e-04,1.060366630554199219e-04,9.888410568237304688e-05,5.803849697113037109e-01
3.734493255615234375e-02,2.700984477996826172e-03,1.469850540161132812e-04,1.058578491210937500e-04,9.870529174804687500e-05,5.492824316024780273e-01
3.562617301940917969e-02,2.455294132232666016e-03,1.280307769775390625e-04,1.026391983032226562e-04,9.584426879882812500e-05,5.327389240264892578e-01
6.485849618911743164e-02,9.312450885772705078e-03,8.908510208129882812e-04,1.146197319030761719e-04,1.071095466613769531e-04,6.773107051849365234e-01
3.584253787994384766e-02,2.485513687133789062e-03,1.303553581237792969e-04,1.019239425659179688e-04,9.512901306152343750e-05,6.112284064292907715e-01
3.817802667617797852e-02,2.824187278747558594e-03,1.568198204040527344e-04,1.158714294433593750e-04,1.081824302673339844e-04,5.526945590972900391e-01
3.440916538238525391e-02,2.288639545440673828e-03,1.155138015747070312e-04,9.906291961669921875e-05,9.262561798095703125e-05,5.846092700958251953e-01
3.868567943572998047e-02,2.900719642639160156e-03,1.630783081054687500e-04,1.178383827209472656e-04,1.101493835449218750e-04,7.157040238380432129e-01
3.833127021789550781e-02,2.847254276275634766e-03,1.586079597473144531e-04,1.101493835449218750e-04,1.028180122375488281e-04,6.274389624595642090e-01
3.635090589523315430e-02,2.557396888732910156e-03,1.357197761535644531e-04,1.065731048583984375e-04,9.942054748535156250e-05,7.012006044387817383e-01
3.777462244033813477e-02,2.764105796813964844e-03,1.519918441772460938e-04,1.110434532165527344e-04,1.038908958435058594e-04,7.272972464561462402e-01
4.345732927322387695e-02,3.670334815979003906e-03,2.294182777404785156e-04,9.852647781372070312e-05,9.226799011230468750e-05,1.001898407936096191e+00
3.815513849258422852e-02,2.820789813995361328e-03,1.564621925354003906e-04,1.047849655151367188e-04,9.816884994506835938e-05,1.206211209297180176e+00
6.712496280670166016e-02,9.875714778900146484e-03,9.638071060180664062e-04,9.995698928833007812e-05,9.387731552124023438e-05,1.699141263961791992e+00
4.067873954772949219e-02,3.211140632629394531e-03,1.890063285827636719e-04,1.038908958435058594e-04,9.745359420776367188e-05,1.658340930938720703e+00
6.659263372421264648e-02,9.742140769958496094e-03,9.462833404541015625e-04,1.012086868286132812e-04,9.495019912719726562e-05,1.888997912406921387e+00
4.808020591735839844e-02,3.909766674041748047e-03,5.575418472290039062e-04,1.001358032226562500e-04,9.351968765258789062e-05,7.397845387458801270e-01
3.657782077789306641e-02,2.589762210845947266e-03,1.382231712341308594e-04,1.038908958435058594e-04,9.691715240478515625e-05,5.578805208206176758e-01
3.480613231658935547e-02,2.342283725738525391e-03,1.194477081298828125e-04,9.799003601074218750e-05,9.137392044067382812e-05,6.061309576034545898e-01
3.802263736724853516e-02,2.800941467285156250e-03,1.548528671264648438e-04,1.088976860046386719e-04,1.019239425659179688e-04,8.704705238342285156e-01
6.379562616348266602e-02,9.052991867065429688e-03,8.577704429626464844e-04,9.852647781372070312e-05,9.191036224365234375e-05,6.558637619018554688e-01
3.646409511566162109e-02,2.573490142822265625e-03,1.369714736938476562e-04,1.033544540405273438e-04,9.655952453613281250e-05,6.166584491729736328e-01
6.341296434402465820e-02,8.960366249084472656e-03,8.459687232971191406e-04,1.088976860046386719e-04,1.017451286315917969e-04,6.650047302246093750e-01
4.155063629150390625e-02,3.351867198944091797e-03,2.009868621826171875e-04,1.255273818969726562e-04,1.174807548522949219e-04,7.979251742362976074e-01
3.789317607879638672e-02,2.781808376312255859e-03,1.534223556518554688e-04,9.226799011230468750e-05,8.618831634521484375e-05,8.409172296524047852e-01
3.652060031890869141e-02,2.581715583801269531e-03,1.376867294311523438e-04,1.074671745300292969e-04,1.004934310913085938e-04,7.453384995460510254e-01
3.690415620803833008e-02,2.636790275573730469e-03,1.419782638549804688e-04,1.139044761657714844e-04,1.063942909240722656e-04,6.473298668861389160e-01
3.773242235183715820e-02,2.757847309112548828e-03,1.514554023742675781e-04,1.055002212524414062e-04,9.834766387939453125e-05,5.611059665679931641e-01
3.503340482711791992e-02,2.373397350311279297e-03,1.217722892761230469e-04,1.001358032226562500e-04,9.334087371826171875e-05,3.830752372741699219e-01
6.071859598159790039e-02,8.319139480590820312e-03,7.658600807189941406e-04,1.088976860046386719e-04,1.013875007629394531e-04,3.505586385726928711e-01
3.494167327880859375e-02,2.360880374908447266e-03,1.208782196044921875e-04,1.117587089538574219e-04,1.040697097778320312e-04,3.581321239471435547e-01
4.049420356750488281e-02,3.181636333465576172e-03,1.863241195678710938e-04,9.870529174804687500e-05,9.191036224365234375e-05,3.591992855072021484e-01
3.939503431320190430e-02,3.009259700775146484e-03,1.720190048217773438e-04,1.008510589599609375e-04,9.387731552124023438e-05,4.098351001739501953e-01
3.866207599639892578e-02,2.897143363952636719e-03,1.627206802368164062e-04,1.047849655151367188e-04,9.763240814208984375e-05,3.779633045196533203e-01
3.503429889678955078e-02,2.373397350311279297e-03,1.217722892761230469e-04,1.056790351867675781e-04,9.852647781372070312e-05,3.519930839538574219e-01
3.538799285888671875e-02,2.422213554382324219e-03,1.255273818969726562e-04,1.147985458374023438e-04,1.069307327270507812e-04,3.336464166641235352e-01
3.709244728088378906e-02,2.664148807525634766e-03,1.441240310668945312e-04,1.144409179687500000e-04,1.067519187927246094e-04,3.442777991294860840e-01
5.027532577514648438e-02,4.303336143493652344e-03,6.353259086608886719e-04,1.133680343627929688e-04,1.056790351867675781e-04,3.322892189025878906e-01
4.904401302337646484e-02,4.080176353454589844e-03,5.909800529479980469e-04,1.162290573120117188e-04,1.081824302673339844e-04,3.498011827468872070e-01
3.783684968948364258e-02,2.773404121398925781e-03,1.527070999145507812e-04,1.128315925598144531e-04,1.049637794494628906e-04,3.437089920043945312e-01
3.926450014114379883e-02,2.989232540130615234e-03,1.702308654785156250e-04,1.028180122375488281e-04,9.477138519287109375e-05,4.087840318679809570e-01
4.840493202209472656e-02,3.966808319091796875e-03,5.686283111572265625e-04,1.044273376464843750e-04,9.530782699584960938e-05,5.231051445007324219e-01
3.621733188629150391e-02,2.538442611694335938e-03,1.342892646789550781e-04,1.099705696105957031e-04,1.012086868286132812e-04,4.382379055023193359e-01
3.744077682495117188e-02,2.714931964874267578e-03,1.480579376220703125e-04,1.085400581359863281e-04,1.012086868286132812e-04,3.277165889739990234e-01
3.711640834808349609e-02,2.667546272277832031e-03,1.443028450012207031e-04,1.097917556762695312e-04,1.022815704345703125e-04,3.464373350143432617e-01
3.618800640106201172e-02,2.534329891204833984e-03,1.339316368103027344e-04,1.105070114135742188e-04,1.029968261718750000e-04,3.295871615409851074e-01
4.798042774200439453e-02,3.892421722412109375e-03,5.543231964111328125e-04,1.173019409179687500e-04,1.094341278076171875e-04,3.360309004783630371e-01
3.524923324584960938e-02,2.403080463409423828e-03,1.240968704223632812e-04,1.149773597717285156e-04,1.071095466613769531e-04,3.338971138000488281e-01
5.839866399765014648e-02,7.783234119415283203e-03,7.005929946899414062e-04,1.173019409179687500e-04,1.092553138732910156e-04,3.360739946365356445e-01
3.616654872894287109e-02,2.531290054321289062e-03,1.337528228759765625e-04,1.140832901000976562e-04,1.062154769897460938e-04,3.380994200706481934e-01
3.734672069549560547e-02,2.701163291931152344e-03,1.469850540161132812e-04,1.176595687866210938e-04,1.096129417419433594e-04,3.432371020317077637e-01
3.636485338211059570e-02,2.559363842010498047e-03,1.358985900878906250e-04,1.103281974792480469e-04,1.028180122375488281e-04,3.294308781623840332e-01
3.543913364410400391e-02,2.429366111755371094e-03,1.260638236999511719e-04,1.112222671508789062e-04,1.035332679748535156e-04,3.302612900733947754e-01
3.538620471954345703e-02,2.422034740447998047e-03,1.255273818969726562e-04,1.156926155090332031e-04,1.078248023986816406e-04,3.345031142234802246e-01
3.526872396469116211e-02,2.405762672424316406e-03,1.242756843566894531e-04,1.133680343627929688e-04,1.056790351867675781e-04,3.323507308959960938e-01
3.380602598190307617e-02,2.208173274993896484e-03,1.097917556762695312e-04,1.133680343627929688e-04,1.056790351867675781e-04,3.349202871322631836e-01
3.474211692810058594e-02,2.333521842956542969e-03,1.189112663269042969e-04,1.133680343627929688e-04,1.056790351867675781e-04,3.324295878410339355e-01
5.827885866165161133e-02,7.755875587463378906e-03,6.971955299377441406e-04,1.085400581359863281e-04,1.012086868286132812e-04,3.392683267593383789e-01
3.559380769729614258e-02,2.450823783874511719e-03,1.276731491088867188e-04,1.112222671508789062e-04,1.037120819091796875e-04,3.735666275024414062e-01
3.518825769424438477e-02,2.394676208496093750e-03,1.233816146850585938e-04,1.029968261718750000e-04,9.602308273315429688e-05,4.811625480651855469e-01
3.673034906387329102e-02,2.611756324768066406e-03,1.400113105773925781e-04,1.069307327270507812e-04,9.977817535400390625e-05,5.197649002075195312e-01
5.999135971069335938e-02,8.149623870849609375e-03,7.451176643371582031e-04,1.029968261718750000e-04,9.602308273315429688e-05,5.771589875221252441e-01
3.569608926773071289e-02,2.465128898620605469e-03,1.287460327148437500e-04,9.727478027343750000e-05,9.083747863769531250e-05,6.574221253395080566e-01
6.544536352157592773e-02,9.456932544708251953e-03,9.094476699829101562e-04,1.162290573120117188e-04,1.085400581359863281e-04,6.076297760009765625e-01
3.842908143997192383e-02,2.861917018890380859e-03,1.598596572875976562e-04,1.115798950195312500e-04,1.042485237121582031e-04,6.862358450889587402e-01
3.743934631347656250e-02,2.714753150939941406e-03,1.480579376220703125e-04,1.133680343627929688e-04,1.058578491210937500e-04,7.456480264663696289e-01
4.232060909271240234e-02,3.478646278381347656e-03,2.122521400451660156e-04,1.119375228881835938e-04,1.047849655151367188e-04,9.718751907348632812e-01
3.914219141006469727e-02,2.970457077026367188e-03,1.688003540039062500e-04,1.126527786254882812e-04,1.055002212524414062e-04,1.574548959732055664e+00
4.207849502563476562e-02,3.438591957092285156e-03,2.086758613586425781e-04,9.888410568237304688e-05,9.280443191528320312e-05,1.995575666427612305e+00
5.821985006332397461e-02,5.897462368011474609e-03,9.759664535522460938e-04,9.566545486450195312e-05,8.994340896606445312e-05,1.656277298927307129e+00
4.378312826156616211e-02,3.726303577423095703e-03,2.344250679016113281e-04,9.602308273315429688e-05,9.030103683471679688e-05,1.358855009078979492e+00
4.399234056472778320e-02,3.762423992156982422e-03,2.378225326538085938e-04,9.763240814208984375e-05,9.173154830932617188e-05,1.486873984336853027e+00
4.291069507598876953e-02,3.577530384063720703e-03,2.210140228271484375e-04,1.012086868286132812e-04,9.495019912719726562e-05,1.539237499237060547e+00
4.444134235382080078e-02,3.840565681457519531e-03,2.449750900268554688e-04,9.924173355102539062e-05,9.316205978393554688e-05,1.797001361846923828e+00
4.510742425918579102e-02,3.957867622375488281e-03,2.558827400207519531e-04,1.003146171569824219e-04,9.423494338989257812e-05,1.826635122299194336e+00
4.745560884475708008e-02,4.385948181152343750e-03,2.971887588500976562e-04,9.673833847045898438e-05,9.083747863769531250e-05,1.544632315635681152e+00
4.572612047195434570e-02,4.068553447723388672e-03,2.664327621459960938e-04,1.021027565002441406e-04,9.584426879882812500e-05,1.538088440895080566e+00
4.357230663299560547e-02,3.690004348754882812e-03,2.312064170837402344e-04,1.021027565002441406e-04,9.584426879882812500e-05,1.595672130584716797e+00
4.088830947875976562e-02,3.244578838348388672e-03,1.918673515319824219e-04,1.133680343627929688e-04,1.062154769897460938e-04,1.145376920700073242e+00
3.888773918151855469e-02,2.931475639343261719e-03,1.655817031860351562e-04,1.251697540283203125e-04,1.173019409179687500e-04,1.124501109123229980e+00
4.004502296447753906e-02,3.110647201538085938e-03,1.804232597351074219e-04,1.210570335388183594e-04,1.133680343627929688e-04,1.046616554260253906e+00
4.076564311981201172e-02,3.224909305572509766e-03,1.900792121887207031e-04,1.253485679626464844e-04,1.173019409179687500e-04,9.890738725662231445e-01
7.046931982040405273e-02,1.073169708251953125e-02,1.077353954315185547e-03,1.187324523925781250e-04,1.110434532165527344e-04,9.234566688537597656e-01
4.250425100326538086e-02,3.509402275085449219e-03,2.149343490600585938e-04,1.190900802612304688e-04,1.112222671508789062e-04,7.107886075973510742e-01
3.909391164779663086e-02,2.962946891784667969e-03,1.680850982666015625e-04,1.087188720703125000e-04,1.012086868286132812e-04,3.565095663070678711e-01
3.913307189941406250e-02,2.969026565551757812e-03,1.686215400695800781e-04,1.121163368225097656e-04,1.044273376464843750e-04,3.335028290748596191e-01
4.036849737167358398e-02,3.161787986755371094e-03,1.847147941589355469e-04,1.065731048583984375e-04,9.924173355102539062e-05,3.636671304702758789e-01
4.099613428115844727e-02,3.261923789978027344e-03,1.932978630065917969e-04,9.834766387939453125e-05,9.155273437500000000e-05,4.296008348464965820e-01
6.720525026321411133e-02,9.895920753479003906e-03,9.664893150329589844e-04,1.094341278076171875e-04,1.019239425659179688e-04,3.494514226913452148e-01
3.908818960189819336e-02,2.962052822113037109e-03,1.680850982666015625e-04,1.131892204284667969e-04,1.055002212524414062e-04,3.321830034255981445e-01
3.990322351455688477e-02,3.088474273681640625e-03,1.784563064575195312e-04,1.103281974792480469e-04,1.028180122375488281e-04,3.294058442115783691e-01
5.217790603637695312e-02,4.660785198211669922e-03,7.082819938659667969e-04,1.101493835449218750e-04,1.024603843688964844e-04,3.292250633239746094e-01
3.871303796768188477e-02,2.904832363128662109e-03,1.632571220397949219e-04,1.114010810852050781e-04,1.038908958435058594e-04,3.305575847625732422e-01
3.933691978454589844e-02,3.000319004058837891e-03,1.711249351501464844e-04,9.924173355102539062e-05,9.244680404663085938e-05,4.114043712615966797e-01
3.978878259658813477e-02,3.070414066314697266e-03,1.770257949829101562e-04,1.056790351867675781e-04,9.852647781372070312e-05,3.886202573776245117e-01
4.020488262176513672e-02,3.135859966278076172e-03,1.825690269470214844e-04,1.090764999389648438e-04,1.015663146972656250e-04,3.557839393615722656e-01
3.959941864013671875e-02,3.041088581085205078e-03,1.745223999023437500e-04,1.153349876403808594e-04,1.074671745300292969e-04,3.367620706558227539e-01
6.717342138290405273e-02,9.887874126434326172e-03,9.654164314270019531e-04,1.128315925598144531e-04,1.049637794494628906e-04,3.317606449127197266e-01
3.724336624145507812e-02,2.686142921447753906e-03,1.457333564758300781e-04,1.105070114135742188e-04,1.029968261718750000e-04,3.551584482192993164e-01
3.926914930343627930e-02,2.989947795867919922e-03,1.704096794128417969e-04,1.022815704345703125e-04,9.530782699584960938e-05,3.899293541908264160e-01
3.804105520248413086e-02,2.803802490234375000e-03,1.552104949951171875e-04,1.180171966552734375e-04,1.099705696105957031e-04,3.366916179656982422e-01
4.033058881759643555e-02,3.155708312988281250e-03,1.841783523559570312e-04,1.085400581359863281e-04,1.010298728942871094e-04,3.277278542518615723e-01
3.956741094589233398e-02,3.036081790924072266e-03,1.741647720336914062e-04,1.090764999389648438e-04,1.015663146972656250e-04,3.283041715621948242e-01
3.913503885269165039e-02,2.969205379486083984e-03,1.686215400695800781e-04,1.114010810852050781e-04,1.038908958435058594e-04,3.305486440658569336e-01
3.778284788131713867e-02,2.765357494354248047e-03,1.519918441772460938e-04,1.106858253479003906e-04,1.031756401062011719e-04,3.298226594924926758e-01
3.948265314102172852e-02,3.022849559783935547e-03,1.730918884277343750e-04,1.069307327270507812e-04,9.959936141967773438e-05,3.390879034996032715e-01
3.998780250549316406e-02,3.101706504821777344e-03,1.797080039978027344e-04,1.044273376464843750e-04,9.727478027343750000e-05,3.687627911567687988e-01
3.980648517608642578e-02,3.073275089263916016e-03,1.772046089172363281e-04,1.099705696105957031e-04,1.024603843688964844e-04,3.299024105072021484e-01
4.008454084396362305e-02,3.116905689239501953e-03,1.809597015380859375e-04,1.094341278076171875e-04,1.019239425659179688e-04,3.303161859512329102e-01
3.836077451705932617e-02,2.851545810699462891e-03,1.589655876159667969e-04,1.128315925598144531e-04,1.051425933837890625e-04,3.318051695823669434e-01
3.716772794723510742e-02,2.675056457519531250e-03,1.448392868041992188e-04,1.122951507568359375e-04,1.046061515808105469e-04,3.313170075416564941e-01
3.770023584365844727e-02,2.753198146820068359e-03,1.510977745056152344e-04,1.076459884643554688e-04,1.003146171569824219e-04,3.502187132835388184e-01
4.420119524002075195e-02,3.798544406890869141e-03,2.412199974060058594e-04,1.332163810729980469e-04,1.244544982910156250e-04,5.979028344154357910e-01
4.090958833694458008e-02,3.247976303100585938e-03,1.920461654663085938e-04,1.294612884521484375e-04,1.212358474731445312e-04,9.498816132545471191e-01
4.264873266220092773e-02,3.533542156219482422e-03,2.170801162719726562e-04,1.457333564758300781e-04,1.364350318908691406e-04,9.430929422378540039e-01
4.241108894348144531e-02,3.493845462799072266e-03,2.135038375854492188e-04,1.389384269714355469e-04,1.299977302551269531e-04,8.387489318847656250e-01
3.964716196060180664e-02,3.048419952392578125e-03,1.752376556396484375e-04,1.312494277954101562e-04,1.228451728820800781e-04,9.285644888877868652e-01
5.571305751800537109e-02,5.365490913391113281e-03,8.581280708312988281e-04,1.330375671386718750e-04,1.244544982910156250e-04,7.239292860031127930e-01
4.229646921157836914e-02,3.474712371826171875e-03,2.118945121765136719e-04,1.414418220520019531e-04,1.323223114013671875e-04,7.523809075355529785e-01
4.400199651718139648e-02,3.764033317565917969e-03,2.380013465881347656e-04,1.421570777893066406e-04,1.332163810729980469e-04,1.083397150039672852e+00
7.044804096221923828e-02,1.072633266448974609e-02,1.076638698577880859e-03,1.351833343505859375e-04,1.264214515686035156e-04,7.957509756088256836e-01
4.206025600433349609e-02,3.435552120208740234e-03,2.083182334899902344e-04,1.401901245117187500e-04,1.312494277954101562e-04,7.915306091308593750e-01
4.212051630020141602e-02,3.445565700531005859e-03,2.092123031616210938e-04,1.375079154968261719e-04,1.285672187805175781e-04,9.044755697250366211e-01
3.871124982833862305e-02,2.904653549194335938e-03,1.632571220397949219e-04,1.083612442016601562e-04,1.010298728942871094e-04,5.480500459671020508e-01
4.008328914642333984e-02,3.116726875305175781e-03,1.809597015380859375e-04,1.106858253479003906e-04,1.031756401062011719e-04,4.836800694465637207e-01
3.823596239089965820e-02,2.832949161529541016e-03,1.575350761413574219e-04,1.235604286193847656e-04,1.153349876403808594e-04,5.622632503509521484e-01
3.854405879974365234e-02,2.879261970520019531e-03,1.612901687622070312e-04,1.316070556640625000e-04,1.228451728820800781e-04,7.189242839813232422e-01
4.153597354888916016e-02,3.349542617797851562e-03,2.008080482482910156e-04,1.015663146972656250e-04,9.477138519287109375e-05,4.706645607948303223e-01
3.850007057189941406e-02,2.872645854949951172e-03,1.607537269592285156e-04,1.087188720703125000e-04,1.013875007629394531e-04,5.275291800498962402e-01
4.063546657562255859e-02,3.204166889190673828e-03,1.882910728454589844e-04,1.183748245239257812e-04,1.103281974792480469e-04,5.571514964103698730e-01
4.984438419342041016e-02,4.224479198455810547e-03,6.195902824401855469e-04,1.162290573120117188e-04,1.083612442016601562e-04,5.525343418121337891e-01
3.786474466323852539e-02,2.777516841888427734e-03,1.530647277832031250e-04,1.087188720703125000e-04,1.013875007629394531e-04,4.756257534027099609e-01
