3.239965438842773438e-02,2.026140689849853516e-03,9.691715240478515625e-05,1.083612442016601562e-04,1.010298728942871094e-04,3.281307220458984375e-01
3.262978792190551758e-02,2.055466175079345703e-03,9.888410568237304688e-05,1.047849655151367188e-04,9.763240814208984375e-05,3.351100087165832520e-01
3.950786590576171875e-02,3.026783466339111328e-03,1.734495162963867188e-04,1.055002212524414062e-04,9.816884994506835938e-05,3.247321844100952148e-01
3.415596485137939453e-02,2.254664897918701172e-03,1.130104064941406250e-04,1.056790351867675781e-04,9.852647781372070312e-05,3.249784111976623535e-01
5.937337875366210938e-02,8.006572723388671875e-03,7.275938987731933594e-04,1.080036163330078125e-04,1.006722450256347656e-04,3.271973133087158203e-01
3.320503234863281250e-02,2.129495143890380859e-03,1.040697097778320312e-04,1.083612442016601562e-04,1.008510589599609375e-04,3.309953212738037109e-01
3.288710117340087891e-02,2.088367938995361328e-03,1.012086868286132812e-04,1.081824302673339844e-04,1.008510589599609375e-04,3.348897099494934082e-01
4.461658000946044922e-02,3.329873085021972656e-03,4.481077194213867188e-04,1.135468482971191406e-04,1.058578491210937500e-04,3.324676752090454102e-01
4.467970132827758789e-02,3.339886665344238281e-03,4.498958587646484375e-04,1.090764999389648438e-04,1.015663146972656250e-04,3.331990242004394531e-01
3.164023160934448242e-02,1.931369304656982422e-03,9.030103683471679688e-05,1.053214073181152344e-04,9.799003601074218750e-05,3.372591733932495117e-01
5.467218160629272461e-02,6.953358650207519531e-03,6.024241447448730469e-04,1.047849655151367188e-04,9.763240814208984375e-05,3.240180015563964844e-01
3.364902734756469727e-02,2.187430858612060547e-03,1.081824302673339844e-04,1.046061515808105469e-04,9.745359420776367188e-05,3.239284157752990723e-01
4.480487108230590820e-02,3.360092639923095703e-03,4.536509513854980469e-04,1.053214073181152344e-04,9.816884994506835938e-05,3.251264691352844238e-01
4.453933238983154297e-02,3.317356109619140625e-03,4.457831382751464844e-04,1.044273376464843750e-04,9.745359420776367188e-05,3.283034563064575195e-01
3.369301557540893555e-02,2.193152904510498047e-03,1.087188720703125000e-04,1.110434532165527344e-04,1.035332679748535156e-04,3.301244974136352539e-01
3.230595588684082031e-02,2.014338970184326172e-03,9.602308273315429688e-05,1.144409179687500000e-04,1.065731048583984375e-04,3.410355448722839355e-01
3.237730264663696289e-02,2.023458480834960938e-03,9.673833847045898438e-05,1.087188720703125000e-04,1.012086868286132812e-04,3.278494477272033691e-01
4.516017436981201172e-02,3.417491912841796875e-03,4.642009735107421875e-04,1.049637794494628906e-04,9.781122207641601562e-05,3.242222070693969727e-01
3.248262405395507812e-02,2.036690711975097656e-03,9.763240814208984375e-05,1.067519187927246094e-04,9.942054748535156250e-05,3.319922089576721191e-01
5.533504486083984375e-02,7.098019123077392578e-03,6.192326545715332031e-04,1.053214073181152344e-04,9.799003601074218750e-05,3.294705748558044434e-01
3.360253572463989258e-02,2.181351184844970703e-03,1.078248023986816406e-04,1.094341278076171875e-04,1.021027565002441406e-04,3.286925554275512695e-01
3.262513875961303711e-02,2.054929733276367188e-03,9.888410568237304688e-05,1.022815704345703125e-04,9.530782699584960938e-05,3.326366543769836426e-01
3.213787078857421875e-02,1.993238925933837891e-03,9.459257125854492188e-05,1.024603843688964844e-04,9.548664093017578125e-05,3.323981165885925293e-01
3.287619352340698242e-02,2.086937427520751953e-03,1.010298728942871094e-04,1.033544540405273438e-04,9.638071060180664062e-05,3.232719898223876953e-01
3.167116641998291016e-02,1.935124397277832031e-03,9.065866470336914062e-05,1.022815704345703125e-04,9.512901306152343750e-05,3.398011922836303711e-01
3.209567070007324219e-02,1.987874507904052734e-03,9.423494338989257812e-05,1.083612442016601562e-04,1.010298728942871094e-04,3.404002189636230469e-01
5.459779500961303711e-02,6.937086582183837891e-03,6.004571914672851562e-04,1.058578491210937500e-04,9.870529174804687500e-05,3.277321457862854004e-01
3.222584724426269531e-02,2.004325389862060547e-03,9.530782699584960938e-05,1.062154769897460938e-04,9.906291961669921875e-05,3.363996148109436035e-01
3.298348188400268555e-02,2.100706100463867188e-03,1.021027565002441406e-04,1.029968261718750000e-04,9.584426879882812500e-05,3.290628790855407715e-01
3.238803148269653320e-02,2.024710178375244141e-03,9.673833847045898438e-05,1.055002212524414062e-04,9.834766387939453125e-05,3.248001337051391602e-01
3.272670507431030273e-02,2.067804336547851562e-03,9.977817535400390625e-05,1.033544540405273438e-04,9.638071060180664062e-05,3.227239251136779785e-01
3.296828269958496094e-02,2.098739147186279297e-03,1.019239425659179688e-04,1.035332679748535156e-04,9.638071060180664062e-05,3.260529041290283203e-01
3.183978796005249023e-02,1.956045627593994141e-03,9.208917617797851562e-05,9.673833847045898438e-05,9.012222290039062500e-05,3.158984184265136719e-01
5.464857816696166992e-02,6.948173046112060547e-03,6.017088890075683594e-04,1.006722450256347656e-04,9.387731552124023438e-05,3.199471235275268555e-01
5.390721559524536133e-02,6.787776947021484375e-03,5.832910537719726562e-04,9.870529174804687500e-05,9.191036224365234375e-05,3.215319514274597168e-01
5.486100912094116211e-02,6.994485855102539062e-03,6.070733070373535156e-04,9.369850158691406250e-05,8.726119995117187500e-05,3.248657584190368652e-01
5.037689208984375000e-02,6.045520305633544922e-03,4.994273185729980469e-04,1.114010810852050781e-04,1.004934310913085938e-04,7.084497213363647461e-01
3.829640150070190430e-02,2.841889858245849609e-03,1.582503318786621094e-04,1.530647277832031250e-04,1.321434974670410156e-04,2.041014671325683594e+00
4.423838853836059570e-02,3.805160522460937500e-03,2.417564392089843750e-04,1.455545425415039062e-04,1.276731491088867188e-04,1.393705844879150391e+00
4.349380731582641602e-02,3.676593303680419922e-03,2.299547195434570312e-04,2.124309539794921875e-04,1.802444458007812500e-04,3.513569355010986328e+00
4.916828870773315430e-02,4.712104797363281250e-03,3.297328948974609375e-04,2.185106277465820312e-04,1.797080039978027344e-04,6.002665042877197266e+00
4.986763000488281250e-02,4.848718643188476562e-03,3.436803817749023438e-04,2.077817916870117188e-04,1.686215400695800781e-04,6.993669033050537109e+00
3.952002525329589844e-02,3.028750419616699219e-03,1.736283302307128906e-04,3.245472908020019531e-04,2.633929252624511719e-04,7.526005268096923828e+00
3.528642654418945312e-02,2.408087253570556641e-03,1.244544982910156250e-04,2.229809761047363281e-04,1.829266548156738281e-04,6.131166458129882812e+00
3.069573640823364258e-02,1.816391944885253906e-03,8.261203765869140625e-05,1.392960548400878906e-04,1.198053359985351562e-04,2.198038816452026367e+00
2.995955944061279297e-02,1.729309558868408203e-03,7.706880569458007812e-05,1.206994056701660156e-04,1.072883605957031250e-04,9.575150012969970703e-01
4.131084680557250977e-02,2.822399139404296875e-03,3.578066825866699219e-04,1.239180564880371094e-04,1.087188720703125000e-04,1.338099002838134766e+00
3.039050102233886719e-02,1.780092716217041016e-03,8.028745651245117188e-05,1.369714736938476562e-04,1.221299171447753906e-04,9.445917606353759766e-01
3.187429904937744141e-02,1.960337162017822266e-03,9.226799011230468750e-05,1.378655433654785156e-04,1.232028007507324219e-04,8.985718488693237305e-01
3.563261032104492188e-02,2.456188201904296875e-03,1.280307769775390625e-04,1.612901687622070312e-04,1.375079154968261719e-04,2.803443908691406250e+00
3.721922636032104492e-02,2.682566642761230469e-03,1.455545425415039062e-04,1.705884933471679688e-04,1.464486122131347656e-04,2.498297691345214844e+00
3.792482614517211914e-02,2.786457538604736328e-03,1.537799835205078125e-04,1.938343048095703125e-04,1.648664474487304688e-04,3.114619731903076172e+00
3.161019086837768555e-02,1.927614212036132812e-03,9.012222290039062500e-05,1.312494277954101562e-04,1.162290573120117188e-04,1.138362407684326172e+00
3.018844127655029297e-02,1.756131649017333984e-03,7.867813110351562500e-05,1.094341278076171875e-04,9.942054748535156250e-05,5.711574554443359375e-01
2.989447116851806641e-02,1.721799373626708984e-03,7.653236389160156250e-05,1.119375228881835938e-04,1.019239425659179688e-04,5.673372745513916016e-01
2.867406606674194336e-02,1.582503318786621094e-03,6.777048110961914062e-05,1.103281974792480469e-04,9.995698928833007812e-05,6.322479844093322754e-01
2.977752685546875000e-02,1.708209514617919922e-03,7.563829421997070312e-05,1.112222671508789062e-04,1.012086868286132812e-04,5.637958645820617676e-01
5.049329996109008789e-02,6.069481372833251953e-03,5.021095275878906250e-04,1.114010810852050781e-04,1.012086868286132812e-04,5.811781883239746094e-01
5.190861225128173828e-02,6.363093852996826172e-03,5.348324775695800781e-04,1.251697540283203125e-04,1.117587089538574219e-04,8.710384368896484375e-01
5.800938606262207031e-02,7.694721221923828125e-03,6.898641586303710938e-04,1.543164253234863281e-04,1.317858695983886719e-04,2.612981081008911133e+00
3.565979003906250000e-02,2.459943294525146484e-03,1.283884048461914062e-04,1.596808433532714844e-04,1.342892646789550781e-04,3.803383827209472656e+00
6.306785345077514648e-02,8.877038955688476562e-03,8.355975151062011719e-04,2.059936523437500000e-04,1.689791679382324219e-04,5.859868526458740234e+00
3.790605068206787109e-02,2.783596515655517578e-03,1.536011695861816406e-04,1.827478408813476562e-04,1.532435417175292969e-04,4.196944236755371094e+00
4.473227262496948242e-02,3.348469734191894531e-03,4.515051841735839844e-04,1.530647277832031250e-04,1.310706138610839844e-04,2.501592159271240234e+00
3.059542179107666016e-02,1.804411411285400391e-03,8.189678192138671875e-05,1.235604286193847656e-04,1.101493835449218750e-04,9.538688063621520996e-01
3.352206945419311523e-02,2.170801162719726562e-03,1.071095466613769531e-04,1.192688941955566406e-04,1.088976860046386719e-04,5.556092262268066406e-01
4.237836599349975586e-02,2.981364727020263672e-03,3.855228424072265625e-04,1.235604286193847656e-04,1.117587089538574219e-04,6.907371282577514648e-01
3.036975860595703125e-02,1.777589321136474609e-03,8.010864257812500000e-05,1.240968704223632812e-04,1.115798950195312500e-04,7.773379683494567871e-01
3.191757202148437500e-02,1.965701580047607422e-03,9.262561798095703125e-05,1.212358474731445312e-04,1.099705696105957031e-04,6.440019607543945312e-01
3.336399793624877930e-02,2.150058746337890625e-03,1.055002212524414062e-04,1.214146614074707031e-04,1.092553138732910156e-04,7.486883997917175293e-01
6.087559461593627930e-02,8.355975151062011719e-03,7.705092430114746094e-04,1.201629638671875000e-04,1.085400581359863281e-04,7.054519057273864746e-01
3.345662355422973633e-02,2.162218093872070312e-03,1.063942909240722656e-04,1.278519630432128906e-04,1.158714294433593750e-04,6.491396427154541016e-01
3.231400251388549805e-02,2.015411853790283203e-03,9.620189666748046875e-05,1.283884048461914062e-04,1.156926155090332031e-04,7.516937255859375000e-01
4.508829116821289062e-02,3.405869007110595703e-03,4.620552062988281250e-04,1.237392425537109375e-04,1.119375228881835938e-04,6.625002622604370117e-01
3.191238641738891602e-02,1.964986324310302734e-03,9.262561798095703125e-05,1.248121261596679688e-04,1.130104064941406250e-04,6.558945178985595703e-01
4.235368967056274414e-02,2.977609634399414062e-03,3.848075866699218750e-04,1.266002655029296875e-04,1.137256622314453125e-04,8.095861673355102539e-01
3.272044658660888672e-02,2.067089080810546875e-03,9.977817535400390625e-05,1.056790351867675781e-04,9.673833847045898438e-05,4.844598770141601562e-01
4.480218887329101562e-02,3.359556198120117188e-03,4.536509513854980469e-04,1.046061515808105469e-04,9.745359420776367188e-05,3.376121520996093750e-01
3.922659158706665039e-02,2.983331680297851562e-03,1.698732376098632812e-04,9.977817535400390625e-05,9.244680404663085938e-05,3.764215707778930664e-01
4.275029897689819336e-02,3.550529479980468750e-03,2.186894416809082031e-04,1.055002212524414062e-04,9.781122207641601562e-05,3.791599273681640625e-01
3.840941190719604492e-02,2.858877182006835938e-03,1.596808433532714844e-04,1.162290573120117188e-04,1.058578491210937500e-04,5.661771297454833984e-01
3.861165046691894531e-02,2.889454364776611328e-03,1.620054244995117188e-04,1.019239425659179688e-04,9.387731552124023438e-05,4.257913827896118164e-01
5.741965770721435547e-02,7.561326026916503906e-03,6.739497184753417969e-04,1.080036163330078125e-04,9.959936141967773438e-05,4.277325868606567383e-01
4.535311460494995117e-02,3.448963165283203125e-03,4.701018333435058594e-04,1.088976860046386719e-04,9.977817535400390625e-05,4.853800535202026367e-01
3.103744983673095703e-02,1.857519149780273438e-03,8.547306060791015625e-05,1.088976860046386719e-04,1.004934310913085938e-04,4.073846340179443359e-01
3.187376260757446289e-02,1.960158348083496094e-03,9.226799011230468750e-05,1.078248023986816406e-04,9.924173355102539062e-05,4.434787631034851074e-01
3.251248598098754883e-02,2.040624618530273438e-03,9.781122207641601562e-05,1.037120819091796875e-04,9.584426879882812500e-05,4.066974520683288574e-01
5.374377965927124023e-02,6.752729415893554688e-03,5.791783332824707031e-04,1.147985458374023438e-04,1.051425933837890625e-04,4.968667030334472656e-01
3.258204460144042969e-02,2.049386501312255859e-03,9.852647781372070312e-05,1.003146171569824219e-04,9.262561798095703125e-05,4.025321602821350098e-01
3.025370836257934570e-02,1.763820648193359375e-03,7.921457290649414062e-05,8.976459503173828125e-05,8.243322372436523438e-05,4.353078603744506836e-01
3.286331892013549805e-02,2.085328102111816406e-03,1.010298728942871094e-04,1.051425933837890625e-04,9.655952453613281250e-05,4.448293447494506836e-01
3.653043508529663086e-02,2.582967281341552734e-03,1.376867294311523438e-04,1.237392425537109375e-04,1.119375228881835938e-04,6.785445213317871094e-01
4.437553882598876953e-02,3.828942775726318359e-03,2.439022064208984375e-04,1.024603843688964844e-04,9.441375732421875000e-05,4.147590994834899902e-01
4.532647132873535156e-02,3.996849060058593750e-03,2.596378326416015625e-04,1.076459884643554688e-04,9.995698928833007812e-05,3.571579456329345703e-01
4.496258497238159180e-02,3.932118415832519531e-03,2.535581588745117188e-04,1.088976860046386719e-04,1.015663146972656250e-04,3.285736441612243652e-01
4.231202602386474609e-02,3.477215766906738281e-03,2.120733261108398438e-04,1.139044761657714844e-04,1.062154769897460938e-04,3.339103460311889648e-01
3.697156906127929688e-02,2.646625041961669922e-03,1.426935195922851562e-04,1.065731048583984375e-04,9.924173355102539062e-05,3.383467197418212891e-01
3.471904993057250977e-02,2.330482006072998047e-03,1.187324523925781250e-04,1.094341278076171875e-04,1.019239425659179688e-04,3.386254906654357910e-01
3.390330076217651367e-02,2.221047878265380859e-03,1.106858253479003906e-04,1.085400581359863281e-04,1.010298728942871094e-04,3.453302979469299316e-01
4.938358068466186523e-02,4.140973091125488281e-03,6.029605865478515625e-04,1.106858253479003906e-04,1.029968261718750000e-04,3.297439813613891602e-01
4.308128356933593750e-02,3.606498241424560547e-03,2.236962318420410156e-04,1.063942909240722656e-04,9.870529174804687500e-05,3.557090163230895996e-01
4.830318689346313477e-02,4.545807838439941406e-03,3.129243850708007812e-04,1.003146171569824219e-04,9.351968765258789062e-05,3.217129111289978027e-01
5.813652276992797852e-02,5.879223346710205078e-03,9.720325469970703125e-04,1.071095466613769531e-04,9.977817535400390625e-05,3.263152241706848145e-01
4.552084207534790039e-02,4.031538963317871094e-03,2.628564834594726562e-04,1.065731048583984375e-04,9.942054748535156250e-05,3.259373903274536133e-01
4.142063856124877930e-02,3.330588340759277344e-03,1.991987228393554688e-04,1.042485237121582031e-04,9.673833847045898438e-05,3.517338037490844727e-01
6.637841463088989258e-02,9.688675403594970703e-03,9.393095970153808594e-04,1.097917556762695312e-04,1.017451286315917969e-04,3.722169399261474609e-01
4.572415351867675781e-02,4.068195819854736328e-03,2.664327621459960938e-04,1.008510589599609375e-04,9.351968765258789062e-05,3.662753105163574219e-01
5.517590045928955078e-02,5.254983901977539062e-03,8.341670036315917969e-04,1.099705696105957031e-04,1.022815704345703125e-04,3.428404927253723145e-01
3.887236118316650391e-02,2.929151058197021484e-03,1.654028892517089844e-04,1.146197319030761719e-04,1.067519187927246094e-04,3.389210700988769531e-01
3.737211227416992188e-02,2.704918384552001953e-03,1.473426818847656250e-04,1.108646392822265625e-04,1.031756401062011719e-04,3.444911241531372070e-01
3.368139266967773438e-02,2.191722393035888672e-03,1.085400581359863281e-04,1.097917556762695312e-04,1.019239425659179688e-04,3.566805124282836914e-01
4.084897041320800781e-02,3.238320350646972656e-03,1.913309097290039062e-04,1.017451286315917969e-04,9.423494338989257812e-05,3.749477863311767578e-01
4.579085111618041992e-02,4.080176353454589844e-03,2.675056457519531250e-04,1.055002212524414062e-04,9.781122207641601562e-05,3.664748668670654297e-01
4.453432559967041016e-02,3.856837749481201172e-03,2.465844154357910156e-04,9.906291961669921875e-05,9.155273437500000000e-05,3.863158822059631348e-01
4.917901754379272461e-02,4.714250564575195312e-03,3.299117088317871094e-04,1.593232154846191406e-04,1.403689384460449219e-04,1.325978636741638184e+00
4.643154144287109375e-02,4.196405410766601562e-03,2.785921096801757812e-04,1.251697540283203125e-04,1.115798950195312500e-04,9.342867136001586914e-01
5.062079429626464844e-02,4.998028278350830078e-03,3.592371940612792969e-04,1.630783081054687500e-04,1.430511474609375000e-04,1.507193326950073242e+00
4.290336370468139648e-02,3.576278686523437500e-03,2.208352088928222656e-04,1.187324523925781250e-04,1.072883605957031250e-04,7.085165977478027344e-01
4.553228616714477539e-02,4.033684730529785156e-03,2.630352973937988281e-04,1.067519187927246094e-04,9.959936141967773438e-05,3.265299797058105469e-01
4.636073112487792969e-02,4.183530807495117188e-03,2.775192260742187500e-04,1.044273376464843750e-04,9.745359420776367188e-05,3.237074017524719238e-01
4.652720689773559570e-02,4.213929176330566406e-03,2.803802490234375000e-04,1.042485237121582031e-04,9.727478027343750000e-05,3.235892057418823242e-01
4.418438673019409180e-02,3.795683383941650391e-03,2.408623695373535156e-04,1.051425933837890625e-04,9.799003601074218750e-05,3.253583908081054688e-01
4.360663890838623047e-02,3.695905208587646484e-03,2.317428588867187500e-04,1.029968261718750000e-04,9.584426879882812500e-05,3.360471725463867188e-01
4.188054800033569336e-02,3.405869007110595703e-03,2.058148384094238281e-04,1.267790794372558594e-04,1.128315925598144531e-04,9.536458253860473633e-01
4.342728853225708008e-02,3.665328025817871094e-03,2.288818359375000000e-04,1.598596572875976562e-04,1.392960548400878906e-04,1.680790424346923828e+00
4.459887742996215820e-02,3.868103027343750000e-03,2.474784851074218750e-04,2.070665359497070312e-04,1.764893531799316406e-04,3.238008499145507812e+00
3.766947984695434570e-02,2.748548984527587891e-03,1.507401466369628906e-04,1.995563507080078125e-04,1.666545867919921875e-04,4.516426563262939453e+00
5.684030055999755859e-02,7.431328296661376953e-03,6.583929061889648438e-04,1.539587974548339844e-04,1.307129859924316406e-04,3.028398513793945312e+00
3.308397531509399414e-02,2.113759517669677734e-03,1.029968261718750000e-04,1.274943351745605469e-04,1.128315925598144531e-04,1.132597446441650391e+00
5.502015352249145508e-02,7.029175758361816406e-03,6.111860275268554688e-04,1.017451286315917969e-04,9.351968765258789062e-05,4.419096708297729492e-01
3.474587202072143555e-02,2.334058284759521484e-03,1.189112663269042969e-04,1.423358917236328125e-04,1.262426376342773438e-04,1.075589776039123535e+00
5.520290136337280273e-02,5.260527133941650391e-03,8.352398872375488281e-04,1.196265220642089844e-04,1.069307327270507812e-04,8.807612657546997070e-01
4.354727268218994141e-02,3.685712814331054688e-03,2.308487892150878906e-04,9.763240814208984375e-05,8.994340896606445312e-05,4.245014190673828125e-01
4.169851541519165039e-02,3.376007080078125000e-03,2.031326293945312500e-04,1.038908958435058594e-04,9.673833847045898438e-05,3.271225690841674805e-01
4.142671823501586914e-02,3.331661224365234375e-03,1.993775367736816406e-04,9.709596633911132812e-05,9.012222290039062500e-05,3.475288152694702148e-01
6.877630949020385742e-02,1.029467582702636719e-02,1.018881797790527344e-03,1.049637794494628906e-04,9.781122207641601562e-05,3.242112994194030762e-01
4.152560234069824219e-02,3.347754478454589844e-03,2.006292343139648438e-04,1.233816146850585938e-04,1.153349876403808594e-04,6.313090324401855469e-01
4.007399082183837891e-02,3.115117549896240234e-03,1.807808876037597656e-04,1.067519187927246094e-04,1.001358032226562500e-04,1.556894063949584961e+00
7.024598121643066406e-02,1.067376136779785156e-02,1.069486141204833984e-03,1.199841499328613281e-04,1.130104064941406250e-04,3.074317455291748047e+00
4.148519039154052734e-02,3.341138362884521484e-03,2.000927925109863281e-04,1.237392425537109375e-04,1.164078712463378906e-04,3.395741701126098633e+00
4.102832078933715820e-02,3.267109394073486328e-03,1.936554908752441406e-04,1.062154769897460938e-04,9.959936141967773438e-05,1.518564939498901367e+00
4.518896341323852539e-02,3.972351551055908203e-03,2.573132514953613281e-04,1.003146171569824219e-04,9.351968765258789062e-05,3.688915371894836426e-01
4.357373714447021484e-02,3.690361976623535156e-03,2.312064170837402344e-04,1.067519187927246094e-04,9.959936141967773438e-05,3.261015415191650391e-01
8.220916986465454102e-02,1.396679878234863281e-02,1.533329486846923828e-03,1.015663146972656250e-04,9.459257125854492188e-05,3.207898736000061035e-01
4.213213920593261719e-02,3.447532653808593750e-03,2.093911170959472656e-04,1.062154769897460938e-04,9.870529174804687500e-05,3.411415815353393555e-01
3.402096033096313477e-02,2.236604690551757812e-03,1.117587089538574219e-04,1.087188720703125000e-04,9.977817535400390625e-05,4.571447968482971191e-01
3.327119350433349609e-02,2.138078212738037109e-03,1.047849655151367188e-04,1.081824302673339844e-04,9.959936141967773438e-05,4.347803592681884766e-01
3.385233879089355469e-02,2.214252948760986328e-03,1.101493835449218750e-04,1.060366630554199219e-04,9.816884994506835938e-05,3.825482726097106934e-01
3.899395465850830078e-02,2.947568893432617188e-03,1.668334007263183594e-04,1.056790351867675781e-04,9.799003601074218750e-05,3.737810254096984863e-01
7.461512088775634766e-02,1.183372735977172852e-02,1.228094100952148438e-03,1.040697097778320312e-04,9.709596633911132812e-05,3.234116435050964355e-01
6.611323356628417969e-02,9.622514247894287109e-03,9.307265281677246094e-04,9.870529174804687500e-05,9.119510650634765625e-05,3.912640213966369629e-01
3.904366493225097656e-02,2.955257892608642578e-03,1.675486564636230469e-04,1.096129417419433594e-04,1.001358032226562500e-04,5.132882595062255859e-01
4.134160280227661133e-02,3.317892551422119141e-03,1.981258392333984375e-04,9.602308273315429688e-05,8.904933929443359375e-05,3.558806777000427246e-01
3.687018156051635742e-02,2.631962299346923828e-03,1.416206359863281250e-04,1.067519187927246094e-04,9.870529174804687500e-05,3.972058296203613281e-01
3.666204214096069336e-02,2.601921558380126953e-03,1.392960548400878906e-04,1.366138458251953125e-04,1.228451728820800781e-04,7.671974301338195801e-01
3.807520866394042969e-02,2.808809280395507812e-03,1.555681228637695312e-04,1.657605171203613281e-04,1.425147056579589844e-04,2.337325096130371094e+00
4.243361949920654297e-02,3.497600555419921875e-03,2.138614654541015625e-04,1.934766769409179688e-04,1.630783081054687500e-04,3.871845960617065430e+00
4.507344961166381836e-02,3.951787948608398438e-03,2.553462982177734375e-04,2.263784408569335938e-04,1.916885375976562500e-04,3.796070337295532227e+00
3.792750835418701172e-02,2.786815166473388672e-03,1.537799835205078125e-04,1.974105834960937500e-04,1.648664474487304688e-04,4.629065513610839844e+00
5.319821834564208984e-02,6.635785102844238281e-03,5.657672882080078125e-04,1.373291015625000000e-04,1.180171966552734375e-04,2.168855905532836914e+00
3.150218725204467773e-02,1.914203166961669922e-03,8.922815322875976562e-05,1.101493835449218750e-04,9.942054748535156250e-05,6.723332405090332031e-01
4.545468091964721680e-02,3.465592861175537109e-03,4.731416702270507812e-04,1.516342163085937500e-04,1.351833343505859375e-04,1.106537103652954102e+00
3.079283237457275391e-02,1.828014850616455078e-03,8.350610733032226562e-05,1.536011695861816406e-04,1.317858695983886719e-04,2.428029060363769531e+00
3.338706493377685547e-02,2.153098583221435547e-03,1.058578491210937500e-04,1.725554466247558594e-04,1.485943794250488281e-04,2.366658687591552734e+00
3.457528352737426758e-02,2.310991287231445312e-03,1.171231269836425781e-04,1.909732818603515625e-04,1.623630523681640625e-04,3.154982328414916992e+00
3.050458431243896484e-02,1.793682575225830078e-03,8.118152618408203125e-05,1.391172409057617188e-04,1.228451728820800781e-04,1.233712792396545410e+00
4.281806945800781250e-02,3.048241138458251953e-03,3.973245620727539062e-04,1.046061515808105469e-04,9.530782699584960938e-05,5.320690870285034180e-01
3.238391876220703125e-02,2.024173736572265625e-03,9.673833847045898438e-05,9.101629257202148438e-05,8.493661880493164062e-05,3.640816211700439453e-01
3.485029935836791992e-02,2.348363399505615234e-03,1.199841499328613281e-04,1.144409179687500000e-04,1.071095466613769531e-04,8.600152730941772461e-01
3.877079486846923828e-02,2.913594245910644531e-03,1.639723777770996094e-04,1.158714294433593750e-04,1.088976860046386719e-04,2.072653055191040039e+00
4.221957921981811523e-02,3.462016582489013672e-03,2.106428146362304688e-04,1.215934753417968750e-04,1.146197319030761719e-04,4.643149375915527344e+00
4.389095306396484375e-02,3.744900226593017578e-03,2.362132072448730469e-04,1.362562179565429688e-04,1.287460327148437500e-04,5.819921970367431641e+00
4.375237226486206055e-02,3.720939159393310547e-03,2.340674400329589844e-04,1.283884048461914062e-04,1.210570335388183594e-04,4.767203330993652344e+00
3.966915607452392578e-02,3.051817417144775391e-03,1.754164695739746094e-04,1.144409179687500000e-04,1.076459884643554688e-04,2.726369619369506836e+00
3.860557079315185547e-02,2.888560295104980469e-03,1.620054244995117188e-04,1.067519187927246094e-04,1.001358032226562500e-04,1.747342824935913086e+00
3.955811262130737305e-02,3.034651279449462891e-03,1.739859580993652344e-04,1.156926155090332031e-04,1.081824302673339844e-04,7.830584049224853516e-01
3.765553236007690430e-02,2.746582031250000000e-03,1.505613327026367188e-04,1.092553138732910156e-04,1.017451286315917969e-04,3.284132480621337891e-01
4.309201240539550781e-02,3.608286380767822266e-03,2.236962318420410156e-04,1.169443130493164062e-04,1.078248023986816406e-04,4.239860773086547852e-01
4.221904277801513672e-02,3.461837768554687500e-03,2.106428146362304688e-04,8.779764175415039062e-05,8.136034011840820312e-05,3.490955829620361328e-01
4.221421480178833008e-02,3.461122512817382812e-03,2.106428146362304688e-04,1.046061515808105469e-04,9.727478027343750000e-05,3.438767194747924805e-01
4.397338628768920898e-02,3.759205341339111328e-03,2.374649047851562500e-04,9.906291961669921875e-05,9.226799011230468750e-05,3.287150859832763672e-01
4.145961999893188477e-02,3.337025642395019531e-03,1.997351646423339844e-04,1.026391983032226562e-04,9.495019912719726562e-05,3.965361714363098145e-01
5.785846710205078125e-02,7.660388946533203125e-03,6.857514381408691406e-04,1.114010810852050781e-04,1.001358032226562500e-04,7.212304472923278809e-01
3.319072723388671875e-02,2.127528190612792969e-03,1.038908958435058594e-04,1.530647277832031250e-04,1.328587532043457031e-04,1.862961530685424805e+00
4.389774799346923828e-02,3.745973110198974609e-03,2.362132072448730469e-04,2.152919769287109375e-04,1.827478408813476562e-04,3.506094217300415039e+00
5.073076486587524414e-02,5.020022392272949219e-03,3.615617752075195312e-04,2.027750015258789062e-04,1.714825630187988281e-04,3.785871505737304688e+00
4.644155502319335938e-02,4.198372364044189453e-03,2.787709236145019531e-04,2.278089523315429688e-04,1.884698867797851562e-04,5.663791656494140625e+00
4.558056592941284180e-02,4.042267799377441406e-03,2.639293670654296875e-04,1.970529556274414062e-04,1.645088195800781250e-04,4.726455688476562500e+00
4.592084884643554688e-02,4.103600978851318359e-03,2.698302268981933594e-04,2.142190933227539062e-04,1.768469810485839844e-04,5.627305984497070312e+00
4.564601182937622070e-02,4.054069519042968750e-03,2.650022506713867188e-04,2.236962318420410156e-04,1.856088638305664062e-04,5.382384300231933594e+00
3.845643997192382812e-02,2.866029739379882812e-03,1.602172851562500000e-04,1.541376113891601562e-04,1.301765441894531250e-04,3.589226722717285156e+00
6.324917078018188477e-02,8.920848369598388672e-03,8.409619331359863281e-04,1.317858695983886719e-04,1.169443130493164062e-04,1.072499036788940430e+00
3.315013647079467773e-02,2.122342586517333984e-03,1.035332679748535156e-04,1.055002212524414062e-04,9.673833847045898438e-05,4.626953601837158203e-01
3.497171401977539062e-02,2.364993095397949219e-03,1.212358474731445312e-04,1.035332679748535156e-04,9.638071060180664062e-05,3.334064483642578125e-01
3.536260128021240234e-02,2.418637275695800781e-03,1.251697540283203125e-04,1.029968261718750000e-04,9.655952453613281250e-05,1.341757178306579590e+00
5.076938867568969727e-02,4.394710063934326172e-03,6.539225578308105469e-04,1.097917556762695312e-04,1.031756401062011719e-04,1.844647169113159180e+00
3.704363107681274414e-02,2.656996250152587891e-03,1.435875892639160156e-04,9.852647781372070312e-05,9.244680404663085938e-05,1.645984768867492676e+00
4.610860347747802734e-02,3.573596477508544922e-03,4.933476448059082031e-04,8.404254913330078125e-05,7.832050323486328125e-05,5.739832520484924316e-01
3.113973140716552734e-02,1.870036125183105469e-03,8.618831634521484375e-05,1.065731048583984375e-04,9.870529174804687500e-05,3.872331976890563965e-01
4.512834548950195312e-02,3.412485122680664062e-03,4.633069038391113281e-04,1.491308212280273438e-04,1.344680786132812500e-04,7.500166296958923340e-01
3.230130672454833984e-02,2.013802528381347656e-03,9.602308273315429688e-05,1.548528671264648438e-04,1.332163810729980469e-04,2.280462265014648438e+00
4.519361257553100586e-02,3.423035144805908203e-03,4.652738571166992188e-04,1.747012138366699219e-04,1.484155654907226562e-04,3.264921665191650391e+00
5.857300758361816406e-02,7.822930812835693359e-03,7.054209709167480469e-04,2.033114433288574219e-04,1.721978187561035156e-04,3.506673812866210938e+00
3.541427850723266602e-02,2.425789833068847656e-03,1.257061958312988281e-04,2.068877220153808594e-04,1.761317253112792969e-04,3.201173543930053711e+00
3.670477867126464844e-02,2.608001232147216797e-03,1.396536827087402344e-04,1.845359802246093750e-04,1.575350761413574219e-04,2.905170917510986328e+00
4.360717535018920898e-02,3.170192241668701172e-03,4.191398620605468750e-04,1.387596130371093750e-04,1.198053359985351562e-04,1.953295707702636719e+00
4.159212112426757812e-02,2.863883972167968750e-03,3.649592399597167969e-04,9.977817535400390625e-05,9.101629257202148438e-05,5.347339510917663574e-01
3.061938285827636719e-02,1.807272434234619141e-03,8.207559585571289062e-05,9.351968765258789062e-05,8.654594421386718750e-05,3.703165054321289062e-01
4.304748773574829102e-02,3.083288669586181641e-03,4.035830497741699219e-04,9.834766387939453125e-05,9.101629257202148438e-05,3.767008781433105469e-01
4.320484399795532227e-02,3.107607364654541016e-03,4.078745841979980469e-04,9.620189666748046875e-05,8.940696716308593750e-05,3.444952368736267090e-01
5.611789226531982422e-02,7.270574569702148438e-03,6.394386291503906250e-04,9.691715240478515625e-05,9.012222290039062500e-05,3.364493250846862793e-01
3.105515241622924805e-02,1.859664916992187500e-03,8.547306060791015625e-05,9.888410568237304688e-05,9.155273437500000000e-05,3.732708692550659180e-01
3.096717596054077148e-02,1.849114894866943359e-03,8.475780487060546875e-05,9.942054748535156250e-05,9.208917617797851562e-05,3.667096495628356934e-01
5.505520105361938477e-02,7.036864757537841797e-03,6.120800971984863281e-04,1.028180122375488281e-04,9.566545486450195312e-05,3.380758166313171387e-01
3.098577260971069336e-02,1.851260662078857422e-03,8.493661880493164062e-05,9.334087371826171875e-05,8.654594421386718750e-05,3.553175926208496094e-01
3.207457065582275391e-02,1.985371112823486328e-03,9.405612945556640625e-05,9.924173355102539062e-05,9.208917617797851562e-05,3.569650053977966309e-01
3.278142213821411133e-02,2.074778079986572266e-03,1.003146171569824219e-04,9.799003601074218750e-05,9.083747863769531250e-05,3.590623140335083008e-01
3.041446208953857422e-02,1.782953739166259766e-03,8.046627044677734375e-05,1.294612884521484375e-04,1.173019409179687500e-04,6.674112081527709961e-01
3.077101707458496094e-02,1.825511455535888672e-03,8.332729339599609375e-05,1.316070556640625000e-04,1.142621040344238281e-04,1.721128702163696289e+00
4.043269157409667969e-02,3.171801567077636719e-03,1.856088638305664062e-04,1.194477081298828125e-04,1.069307327270507812e-04,8.212376832962036133e-01
4.331213235855102539e-02,3.645658493041992188e-03,2.270936965942382812e-04,8.940696716308593750e-05,8.171796798706054688e-05,4.839352369308471680e-01
6.849145889282226562e-02,1.022189855575561523e-02,1.009225845336914062e-03,1.144409179687500000e-04,1.046061515808105469e-04,5.258409976959228516e-01
3.918492794036865234e-02,2.976894378662109375e-03,1.693367958068847656e-04,1.199841499328613281e-04,1.083612442016601562e-04,7.056770324707031250e-01
3.796792030334472656e-02,2.792894840240478516e-03,1.543164253234863281e-04,1.369714736938476562e-04,1.205205917358398438e-04,1.284145832061767578e+00
6.284844875335693359e-02,8.824288845062255859e-03,8.288025856018066406e-04,1.625418663024902344e-04,1.392960548400878906e-04,2.532433748245239258e+00
3.638505935668945312e-02,2.562224864959716797e-03,1.360774040222167969e-04,2.038478851318359375e-04,1.734495162963867188e-04,3.222194910049438477e+00
3.652542829513549805e-02,2.582252025604248047e-03,1.376867294311523438e-04,2.063512802124023438e-04,1.696944236755371094e-04,5.788005828857421875e+00
6.736904382705688477e-02,9.937226772308349609e-03,9.718537330627441406e-04,2.254843711853027344e-04,1.859664916992187500e-04,5.704014301300048828e+00
3.438681364059448242e-02,2.285599708557128906e-03,1.153349876403808594e-04,1.807808876037597656e-04,1.523494720458984375e-04,3.797986030578613281e+00
2.953505516052246094e-02,1.680135726928710938e-03,7.385015487670898438e-05,1.387596130371093750e-04,1.187324523925781250e-04,2.481136798858642578e+00
3.323417901992797852e-02,2.133250236511230469e-03,1.044273376464843750e-04,1.176595687866210938e-04,1.056790351867675781e-04,7.754230499267578125e-01
3.021490573883056641e-02,1.759350299835205078e-03,7.885694503784179688e-05,9.995698928833007812e-05,9.208917617797851562e-05,4.150643348693847656e-01
3.124326467514038086e-02,1.882553100585937500e-03,8.708238601684570312e-05,1.033544540405273438e-04,9.530782699584960938e-05,4.043539166450500488e-01
3.065800666809082031e-02,1.811921596527099609e-03,8.243322372436523438e-05,1.072883605957031250e-04,9.888410568237304688e-05,4.190779924392700195e-01
5.719506740570068359e-02,7.510900497436523438e-03,6.678700447082519531e-04,1.412630081176757812e-04,1.269578933715820312e-04,9.076548814773559570e-01
3.852099180221557617e-02,2.875685691833496094e-03,1.609325408935546875e-04,1.251697540283203125e-04,1.103281974792480469e-04,1.185983419418334961e+00
4.145801067352294922e-02,3.336668014526367188e-03,1.997351646423339844e-04,1.099705696105957031e-04,1.004934310913085938e-04,4.985643625259399414e-01
4.833447933197021484e-02,4.551887512207031250e-03,3.136396408081054688e-04,1.031756401062011719e-04,9.620189666748046875e-05,3.224426507949829102e-01
4.562777280807495117e-02,4.050850868225097656e-03,2.648234367370605469e-04,1.140832901000976562e-04,1.038908958435058594e-04,5.546747446060180664e-01
6.106317043304443359e-02,8.400142192840576172e-03,7.758736610412597656e-04,1.205205917358398438e-04,1.074671745300292969e-04,9.364510774612426758e-01
4.549974203109741211e-02,4.027783870697021484e-03,2.624988555908203125e-04,1.074671745300292969e-04,9.959936141967773438e-05,3.720445632934570312e-01
