4.615348577499389648e-02,4.691541194915771484e-03,2.730488777160644531e-04,1.541376113891601562e-04,1.494884490966796875e-04,3.222699165344238281e-01
4.697299003601074219e-02,4.858016967773437500e-03,2.875328063964843750e-04,1.602172851562500000e-04,1.550316810607910156e-04,3.316272497177124023e-01
4.370355606079101562e-02,4.210710525512695312e-03,2.326369285583496094e-04,1.616477966308593750e-04,1.568198204040527344e-04,3.207417726516723633e-01
4.462963342666625977e-02,4.389524459838867188e-03,2.474784851074218750e-04,1.589655876159667969e-04,1.541376113891601562e-04,3.189758062362670898e-01
9.051865339279174805e-02,1.422947645187377930e-02,1.647412776947021484e-03,1.623630523681640625e-04,1.573562622070312500e-04,3.212072253227233887e-01
4.046899080276489258e-02,3.615617752075195312e-03,1.857876777648925781e-04,1.616477966308593750e-04,1.564621925354003906e-04,3.309159278869628906e-01
4.708206653594970703e-02,4.880368709564208984e-03,2.894997596740722656e-04,1.907944679260253906e-04,1.847147941589355469e-04,3.487894535064697266e-01
4.433119297027587891e-02,4.331409931182861328e-03,2.426505088806152344e-04,1.630783081054687500e-04,1.580715179443359375e-04,3.216998577117919922e-01
6.075006723403930664e-02,6.461620330810546875e-03,1.105427742004394531e-03,1.596808433532714844e-04,1.548528671264648438e-04,3.194907903671264648e-01
4.415881633758544922e-02,4.298150539398193359e-03,2.397894859313964844e-04,1.775622367858886719e-04,1.721978187561035156e-04,3.309718966484069824e-01
8.325612545013427734e-02,1.228040456771850586e-02,1.354157924652099609e-03,1.537799835205078125e-04,1.493096351623535156e-04,3.155186176300048828e-01
4.408639669418334961e-02,4.284203052520751953e-03,2.387166023254394531e-04,1.770257949829101562e-04,1.709461212158203125e-04,3.569844961166381836e-01
4.340010881423950195e-02,4.152953624725341797e-03,2.279877662658691406e-04,1.598596572875976562e-04,1.550316810607910156e-04,3.195505142211914062e-01
4.392331838607788086e-02,4.252910614013671875e-03,2.362132072448730469e-04,1.607537269592285156e-04,1.559257507324218750e-04,3.201352357864379883e-01
4.374611377716064453e-02,4.218935966491699219e-03,2.333521842956542969e-04,1.595020294189453125e-04,1.546740531921386719e-04,3.193709850311279297e-01
4.357552528381347656e-02,4.186391830444335938e-03,2.306699752807617188e-04,1.605749130249023438e-04,1.557469367980957031e-04,3.201051950454711914e-01
4.327923059463500977e-02,4.130065441131591797e-03,2.261996269226074219e-04,1.611113548278808594e-04,1.562833786010742188e-04,3.204333186149597168e-01
5.953466892242431641e-02,6.187140941619873047e-03,1.041948795318603516e-03,1.623630523681640625e-04,1.573562622070312500e-04,3.212006092071533203e-01
4.286420345306396484e-02,4.051923751831054688e-03,2.197623252868652344e-04,1.603960990905761719e-04,1.555681228637695312e-04,3.199664354324340820e-01
4.384392499923706055e-02,4.237532615661621094e-03,2.349615097045898438e-04,1.569986343383789062e-04,1.521706581115722656e-04,3.176347017288208008e-01
4.287725687026977539e-02,4.054427146911621094e-03,2.199411392211914062e-04,1.593232154846191406e-04,1.544952392578125000e-04,3.191612362861633301e-01
4.334485530853271484e-02,4.142582416534423828e-03,2.270936965942382812e-04,1.611113548278808594e-04,1.562833786010742188e-04,3.204227685928344727e-01
4.321038722991943359e-02,4.117012023925781250e-03,2.251267433166503906e-04,1.603960990905761719e-04,1.553893089294433594e-04,3.198806047439575195e-01
4.335325956344604492e-02,4.144191741943359375e-03,2.272725105285644531e-04,1.602172851562500000e-04,1.553893089294433594e-04,3.198595046997070312e-01
4.174214601516723633e-02,3.844499588012695312e-03,2.033114433288574219e-04,1.723766326904296875e-04,1.668334007263183594e-04,3.371572494506835938e-01
4.023152589797973633e-02,3.573596477508544922e-03,1.825690269470214844e-04,1.650452613830566406e-04,1.596808433532714844e-04,3.311271071434020996e-01
9.458845853805541992e-02,1.537549495697021484e-02,1.826226711273193359e-03,1.593232154846191406e-04,1.544952392578125000e-04,3.192645907402038574e-01
4.268485307693481445e-02,4.018485546112060547e-03,2.170801162719726562e-04,1.559257507324218750e-04,1.512765884399414062e-04,3.169709444046020508e-01
4.316014051437377930e-02,4.107534885406494141e-03,2.242326736450195312e-04,1.582503318786621094e-04,1.534223556518554688e-04,3.185092806816101074e-01
4.225891828536987305e-02,3.939270973205566406e-03,2.108216285705566406e-04,1.780986785888671875e-04,1.725554466247558594e-04,3.317851424217224121e-01
3.809452056884765625e-02,3.207206726074218750e-03,1.555681228637695312e-04,1.723766326904296875e-04,1.668334007263183594e-04,3.427764773368835449e-01
3.381657600402832031e-02,2.532720565795898438e-03,1.097917556762695312e-04,1.477003097534179688e-04,1.430511474609375000e-04,3.195919990539550781e-01
3.510153293609619141e-02,2.727091312408447266e-03,1.224875450134277344e-04,1.512765884399414062e-04,1.464486122131347656e-04,3.227030038833618164e-01
3.421354293823242188e-02,2.592086791992187500e-03,1.135468482971191406e-04,1.480579376220703125e-04,1.434087753295898438e-04,3.451225161552429199e-01
3.392153978347778320e-02,2.548277378082275391e-03,1.106858253479003906e-04,1.432299613952636719e-04,1.389384269714355469e-04,4.449691772460937500e-01
7.199156284332275391e-02,9.506464004516601562e-03,9.630918502807617188e-04,1.580715179443359375e-04,1.534223556518554688e-04,4.856538176536560059e-01
7.047253847122192383e-02,9.155988693237304688e-03,9.162425994873046875e-04,1.521706581115722656e-04,1.477003097534179688e-04,5.908041000366210938e-01
3.399288654327392578e-02,2.559006214141845703e-03,1.114010810852050781e-04,1.376867294311523438e-04,1.335740089416503906e-04,4.729376435279846191e-01
3.681832551956176758e-02,2.997815608978271484e-03,1.407265663146972656e-04,1.528859138488769531e-04,1.484155654907226562e-04,5.232830643653869629e-01
3.785830736160278320e-02,3.167867660522460938e-03,1.527070999145507812e-04,1.654028892517089844e-04,1.605749130249023438e-04,7.448964715003967285e-01
3.715825080871582031e-02,3.052890300750732422e-03,1.446604728698730469e-04,1.848936080932617188e-04,1.795291900634765625e-04,6.913186311721801758e-01
3.847360610961914062e-02,3.270685672760009766e-03,1.602172851562500000e-04,1.780986785888671875e-04,1.729130744934082031e-04,6.880819201469421387e-01
3.724622726440429688e-02,3.067195415496826172e-03,1.455545425415039062e-04,1.489520072937011719e-04,1.450181007385253906e-04,9.540302753448486328e-01
3.605461120605468750e-02,2.875685691833496094e-03,1.323223114013671875e-04,1.621842384338378906e-04,1.575350761413574219e-04,7.040133476257324219e-01
3.741627931594848633e-02,3.095090389251708984e-03,1.475214958190917969e-04,1.646876335144042969e-04,1.603960990905761719e-04,1.206086635589599609e+00
3.747743368148803711e-02,3.105103969573974609e-03,1.482367515563964844e-04,1.664757728576660156e-04,1.623630523681640625e-04,1.402308225631713867e+00
3.677612543106079102e-02,2.991020679473876953e-03,1.403689384460449219e-04,1.652240753173828125e-04,1.605749130249023438e-04,8.897064328193664551e-01
3.497296571731567383e-02,2.707242965698242188e-03,1.210570335388183594e-04,1.326799392700195312e-04,1.294612884521484375e-04,1.113791465759277344e+00
3.478807210922241211e-02,2.678990364074707031e-03,1.192688941955566406e-04,1.603960990905761719e-04,1.562833786010742188e-04,1.221816062927246094e+00
3.689450025558471680e-02,3.009974956512451172e-03,1.416206359863281250e-04,1.791715621948242188e-04,1.745223999023437500e-04,1.036198139190673828e+00
3.723961114883422852e-02,3.066122531890869141e-03,1.455545425415039062e-04,1.786351203918457031e-04,1.736283302307128906e-04,8.013228178024291992e-01
3.837597370147705078e-02,3.254234790802001953e-03,1.589655876159667969e-04,1.573562622070312500e-04,1.527070999145507812e-04,5.514628887176513672e-01
3.522008657455444336e-02,2.745330333709716797e-03,1.235604286193847656e-04,1.621842384338378906e-04,1.569986343383789062e-04,3.474671244621276855e-01
3.575885295867919922e-02,2.829194068908691406e-03,1.292824745178222656e-04,1.791715621948242188e-04,1.732707023620605469e-04,3.420492410659790039e-01
3.543198108673095703e-02,2.778232097625732422e-03,1.258850097656250000e-04,1.754164695739746094e-04,1.691579818725585938e-04,3.675629496574401855e-01
3.477859497070312500e-02,2.677559852600097656e-03,1.190900802612304688e-04,1.761317253112792969e-04,1.689791679382324219e-04,4.057840704917907715e-01
3.589224815368652344e-02,2.850115299224853516e-03,1.307129859924316406e-04,1.561045646667480469e-04,1.503825187683105469e-04,3.618103265762329102e-01
3.536027669906616211e-02,2.766966819763183594e-03,1.249909400939941406e-04,1.580715179443359375e-04,1.519918441772460938e-04,3.725515007972717285e-01
3.537315130233764648e-02,2.769112586975097656e-03,1.251697540283203125e-04,1.598596572875976562e-04,1.537799835205078125e-04,3.801505565643310547e-01
3.494936227798461914e-02,2.703666687011718750e-03,1.208782196044921875e-04,2.074241638183593750e-04,1.959800720214843750e-04,5.949050188064575195e-01
3.096199035644531250e-02,2.126634120941162109e-03,8.475780487060546875e-05,1.666545867919921875e-04,1.532435417175292969e-04,1.019851684570312500e+00
6.766104698181152344e-02,8.522272109985351562e-03,8.327364921569824219e-04,1.940131187438964844e-04,1.814961433410644531e-04,7.305010557174682617e-01
3.331053256988525391e-02,2.458155155181884766e-03,1.049637794494628906e-04,1.428723335266113281e-04,1.360774040222167969e-04,4.584864377975463867e-01
4.885929822921752930e-02,4.047274589538574219e-03,5.843639373779296875e-04,1.659393310546875000e-04,1.607537269592285156e-04,3.235943913459777832e-01
3.605014085769653320e-02,2.874970436096191406e-03,1.323223114013671875e-04,1.673698425292968750e-04,1.621842384338378906e-04,3.462966084480285645e-01
3.562867641448974609e-02,2.808809280395507812e-03,1.278519630432128906e-04,1.596808433532714844e-04,1.548528671264648438e-04,4.909261465072631836e-01
3.594303131103515625e-02,2.858161926269531250e-03,1.312494277954101562e-04,1.523494720458984375e-04,1.484155654907226562e-04,9.562904834747314453e-01
3.699249029159545898e-02,3.025889396667480469e-03,1.426935195922851562e-04,1.739859580993652344e-04,1.702308654785156250e-04,1.950969815254211426e+00
3.769558668136596680e-02,3.141045570373535156e-03,1.507401466369628906e-04,1.777410507202148438e-04,1.739859580993652344e-04,2.327394247055053711e+00
3.661930561065673828e-02,2.965807914733886719e-03,1.385807991027832031e-04,1.596808433532714844e-04,1.555681228637695312e-04,1.163368105888366699e+00
6.896048784255981445e-02,8.812665939331054688e-03,8.708238601684570312e-04,1.266002655029296875e-04,1.235604286193847656e-04,1.144780755043029785e+00
3.469204902648925781e-02,2.664327621459960938e-03,1.181960105895996094e-04,1.498460769653320312e-04,1.464486122131347656e-04,1.705683231353759766e+00
3.902935981750488281e-02,3.365099430084228516e-03,1.670122146606445312e-04,2.033114433288574219e-04,1.993775367736816406e-04,3.338907241821289062e+00
4.218292236328125000e-02,3.925323486328125000e-03,2.097487449645996094e-04,1.970529556274414062e-04,1.931190490722656250e-04,2.897287368774414062e+00
3.897070884704589844e-02,3.355085849761962891e-03,1.662969589233398438e-04,1.628994941711425781e-04,1.595020294189453125e-04,1.932303667068481445e+00
3.556841611862182617e-02,2.799510955810546875e-03,1.273155212402343750e-04,1.459121704101562500e-04,1.425147056579589844e-04,1.458604574203491211e+00
3.501069545745849609e-02,2.713143825531005859e-03,1.214146614074707031e-04,1.487731933593750000e-04,1.444816589355468750e-04,6.623366475105285645e-01
3.503608703613281250e-02,2.716898918151855469e-03,1.217722892761230469e-04,1.586079597473144531e-04,1.539587974548339844e-04,6.208434104919433594e-01
3.374040126800537109e-02,2.521455287933349609e-03,1.090764999389648438e-04,1.468062400817871094e-04,1.426935195922851562e-04,6.093565821647644043e-01
3.374844789505004883e-02,2.522706985473632812e-03,1.090764999389648438e-04,1.396536827087402344e-04,1.357197761535644531e-04,6.068261861801147461e-01
3.420603275299072266e-02,2.590835094451904297e-03,1.135468482971191406e-04,1.451969146728515625e-04,1.409053802490234375e-04,5.976430177688598633e-01
3.325670957565307617e-02,2.450287342071533203e-03,1.044273376464843750e-04,1.298189163208007812e-04,1.260638236999511719e-04,5.009347200393676758e-01
6.956523656845092773e-02,8.949279785156250000e-03,8.887052536010742188e-04,1.149773597717285156e-04,1.119375228881835938e-04,8.385601043701171875e-01
4.991483688354492188e-02,4.237353801727294922e-03,6.220936775207519531e-04,1.416206359863281250e-04,1.376867294311523438e-04,7.446132302284240723e-01
3.355407714843750000e-02,2.493917942047119141e-03,1.072883605957031250e-04,1.350045204162597656e-04,1.312494277954101562e-04,6.009905934333801270e-01
3.342372179031372070e-02,2.474784851074218750e-03,1.060366630554199219e-04,1.342892646789550781e-04,1.303553581237792969e-04,6.082184314727783203e-01
3.420495986938476562e-02,2.590835094451904297e-03,1.135468482971191406e-04,1.353621482849121094e-04,1.316070556640625000e-04,6.295096278190612793e-01
3.317159414291381836e-02,2.437949180603027344e-03,1.037120819091796875e-04,1.266002655029296875e-04,1.230239868164062500e-04,6.230730414390563965e-01
3.327459096908569336e-02,2.452969551086425781e-03,1.046061515808105469e-04,1.317858695983886719e-04,1.280307769775390625e-04,6.019610166549682617e-01
3.363221883773803711e-02,2.505540847778320312e-03,1.080036163330078125e-04,1.335740089416503906e-04,1.298189163208007812e-04,6.072084903717041016e-01
3.305679559707641602e-02,2.421140670776367188e-03,1.026391983032226562e-04,1.139044761657714844e-04,1.106858253479003906e-04,6.806294918060302734e-01
3.452485799789428711e-02,2.638936042785644531e-03,1.165866851806640625e-04,1.262426376342773438e-04,1.228451728820800781e-04,8.540010452270507812e-01
7.060289382934570312e-02,9.185850620269775391e-03,9.201765060424804688e-04,1.273155212402343750e-04,1.242756843566894531e-04,1.320764780044555664e+00
3.643602132797241211e-02,2.936303615570068359e-03,1.366138458251953125e-04,1.582503318786621094e-04,1.546740531921386719e-04,1.745812296867370605e+00
3.812474012374877930e-02,3.212213516235351562e-03,1.559257507324218750e-04,1.657605171203613281e-04,1.620054244995117188e-04,1.736692070960998535e+00
3.793376684188842773e-02,3.180384635925292969e-03,1.536011695861816406e-04,1.446604728698730469e-04,1.414418220520019531e-04,1.719802021980285645e+00
3.686660528182983398e-02,3.005504608154296875e-03,1.412630081176757812e-04,1.325011253356933594e-04,1.292824745178222656e-04,1.392810702323913574e+00
3.529214859008789062e-02,2.756416797637939453e-03,1.242756843566894531e-04,1.221299171447753906e-04,1.190900802612304688e-04,1.081170558929443359e+00
3.476572036743164062e-02,2.675592899322509766e-03,1.190900802612304688e-04,1.333951950073242188e-04,1.301765441894531250e-04,1.235817790031433105e+00
5.242681503295898438e-02,4.708707332611083984e-03,7.182955741882324219e-04,1.237392425537109375e-04,1.208782196044921875e-04,1.116860032081604004e+00
3.768664598464965820e-02,3.139436244964599609e-03,1.507401466369628906e-04,1.453757286071777344e-04,1.419782638549804688e-04,1.385239362716674805e+00
3.640848398208618164e-02,2.932012081146240234e-03,1.362562179565429688e-04,1.310706138610839844e-04,1.278519630432128906e-04,1.113070607185363770e+00
5.051761865615844727e-02,4.348039627075195312e-03,6.444454193115234375e-04,1.273155212402343750e-04,1.242756843566894531e-04,1.197728991508483887e+00
3.581178188323974609e-02,2.837598323822021484e-03,1.298189163208007812e-04,1.417994499206542969e-04,1.384019851684570312e-04,1.334695816040039062e+00
3.485602140426635742e-02,2.689361572265625000e-03,1.199841499328613281e-04,1.264214515686035156e-04,1.233816146850585938e-04,1.214472770690917969e+00
7.137000560760498047e-02,9.362339973449707031e-03,9.437799453735351562e-04,9.852647781372070312e-05,9.620189666748046875e-05,1.018752694129943848e+00
3.675717115402221680e-02,2.987980842590332031e-03,1.400113105773925781e-04,1.421570777893066406e-04,1.391172409057617188e-04,1.510268568992614746e+00
5.097967386245727539e-02,4.433870315551757812e-03,6.617903709411621094e-04,1.337528228759765625e-04,1.305341720581054688e-04,1.271277904510498047e+00
3.502339124679565430e-02,2.715110778808593750e-03,1.215934753417968750e-04,1.233816146850585938e-04,1.205205917358398438e-04,1.187907457351684570e+00
3.583019971847534180e-02,2.840459346771240234e-03,1.299977302551269531e-04,1.401901245117187500e-04,1.369714736938476562e-04,1.327346205711364746e+00
3.618603944778442383e-02,2.896606922149658203e-03,1.337528228759765625e-04,1.312494277954101562e-04,1.282095909118652344e-04,1.442460894584655762e+00
3.564941883087158203e-02,2.812027931213378906e-03,1.280307769775390625e-04,1.307129859924316406e-04,1.274943351745605469e-04,1.101202011108398438e+00
3.541731834411621094e-02,2.775907516479492188e-03,1.257061958312988281e-04,1.541376113891601562e-04,1.505613327026367188e-04,1.450598001480102539e+00
3.539317846298217773e-02,2.772152423858642578e-03,1.253485679626464844e-04,1.319646835327148438e-04,1.289248466491699219e-04,1.376826882362365723e+00
7.084143161773681641e-02,9.240567684173583984e-03,9.275078773498535156e-04,1.371502876281738281e-04,1.339316368103027344e-04,1.062266111373901367e+00
3.532826900482177734e-02,2.762138843536376953e-03,1.248121261596679688e-04,1.332163810729980469e-04,1.301765441894531250e-04,1.247653126716613770e+00
3.589493036270141602e-02,2.850651741027832031e-03,1.307129859924316406e-04,1.478791236877441406e-04,1.443028450012207031e-04,1.283498287200927734e+00
3.676807880401611328e-02,2.989590167999267578e-03,1.401901245117187500e-04,1.668334007263183594e-04,1.632571220397949219e-04,2.158658504486083984e+00
3.485137224197387695e-02,2.688646316528320312e-03,1.198053359985351562e-04,1.396536827087402344e-04,1.360774040222167969e-04,1.167493820190429688e+00
3.565925359725952148e-02,2.813637256622314453e-03,1.282095909118652344e-04,1.566410064697265625e-04,1.527070999145507812e-04,1.064792990684509277e+00
3.561651706695556641e-02,2.806842327117919922e-03,1.276731491088867188e-04,1.521706581115722656e-04,1.484155654907226562e-04,1.216349244117736816e+00
3.507721424102783203e-02,2.723336219787597656e-03,1.221299171447753906e-04,1.519918441772460938e-04,1.480579376220703125e-04,1.107003688812255859e+00
3.503733873367309570e-02,2.717256546020507812e-03,1.217722892761230469e-04,1.462697982788085938e-04,1.426935195922851562e-04,1.228914141654968262e+00
3.459119796752929688e-02,2.648949623107910156e-03,1.173019409179687500e-04,1.432299613952636719e-04,1.394748687744140625e-04,9.549180865287780762e-01
3.426736593246459961e-02,2.600133419036865234e-03,1.140832901000976562e-04,1.287460327148437500e-04,1.255273818969726562e-04,1.043011665344238281e+00
3.475821018218994141e-02,2.674520015716552734e-03,1.189112663269042969e-04,1.487731933593750000e-04,1.451969146728515625e-04,1.275230169296264648e+00
3.417223691940307617e-02,2.585828304290771484e-03,1.131892204284667969e-04,1.392960548400878906e-04,1.358985900878906250e-04,1.134370326995849609e+00
6.920099258422851562e-02,8.867025375366210938e-03,8.779764175415039062e-04,1.482367515563964844e-04,1.444816589355468750e-04,1.057571887969970703e+00
3.464555740356445312e-02,2.657353878021240234e-03,1.178383827209472656e-04,1.441240310668945312e-04,1.403689384460449219e-04,9.954650402069091797e-01
7.068443298339843750e-02,9.204447269439697266e-03,9.226799011230468750e-04,1.462697982788085938e-04,1.425147056579589844e-04,1.022400140762329102e+00
3.836506605148315430e-02,3.252446651458740234e-03,1.587867736816406250e-04,1.974105834960937500e-04,1.918673515319824219e-04,8.490799069404602051e-01
5.298775434494018555e-02,4.817426204681396484e-03,7.410049438476562500e-04,1.954436302185058594e-04,1.904368400573730469e-04,1.023902893066406250e+00
3.455489873886108398e-02,2.643585205078125000e-03,1.169443130493164062e-04,1.516342163085937500e-04,1.478791236877441406e-04,1.192749500274658203e+00
3.496724367141723633e-02,2.706348896026611328e-03,1.210570335388183594e-04,1.469850540161132812e-04,1.434087753295898438e-04,1.299521684646606445e+00
4.941987991333007812e-02,4.147589206695556641e-03,6.042122840881347656e-04,1.380443572998046875e-04,1.344680786132812500e-04,9.506199359893798828e-01
7.552689313888549805e-02,1.034384965896606445e-02,1.077711582183837891e-03,1.693367958068847656e-04,1.646876335144042969e-04,8.252733349800109863e-01
3.541070222854614258e-02,2.774834632873535156e-03,1.255273818969726562e-04,1.607537269592285156e-04,1.568198204040527344e-04,1.266021966934204102e+00
3.588795661926269531e-02,2.849400043487548828e-03,1.305341720581054688e-04,1.435875892639160156e-04,1.400113105773925781e-04,1.250263690948486328e+00
7.107013463973999023e-02,9.293138980865478516e-03,9.344816207885742188e-04,1.494884490966796875e-04,1.453757286071777344e-04,8.445698618888854980e-01
3.702414035797119141e-02,3.031075000762939453e-03,1.430511474609375000e-04,1.714825630187988281e-04,1.670122146606445312e-04,1.165692090988159180e+00
3.704899549484252930e-02,3.035187721252441406e-03,1.434087753295898438e-04,1.536011695861816406e-04,1.496672630310058594e-04,1.217046618461608887e+00
3.883588314056396484e-02,3.332018852233886719e-03,1.645088195800781250e-04,1.791715621948242188e-04,1.747012138366699219e-04,1.300186514854431152e+00
3.716915845870971680e-02,3.054678440093994141e-03,1.446604728698730469e-04,1.516342163085937500e-04,1.477003097534179688e-04,1.166980743408203125e+00
7.560718059539794922e-02,1.036334037780761719e-02,1.080393791198730469e-03,1.505613327026367188e-04,1.464486122131347656e-04,8.728841543197631836e-01
3.459155559539794922e-02,2.649128437042236328e-03,1.173019409179687500e-04,1.575350761413574219e-04,1.525282859802246094e-04,3.400070071220397949e-01
3.249174356460571289e-02,2.339959144592285156e-03,9.763240814208984375e-05,1.412630081176757812e-04,1.367926597595214844e-04,3.219267725944519043e-01
3.274512290954589844e-02,2.376258373260498047e-03,9.995698928833007812e-05,1.468062400817871094e-04,1.421570777893066406e-04,3.354384899139404297e-01
3.344768285751342773e-02,2.478361129760742188e-03,1.062154769897460938e-04,1.371502876281738281e-04,1.328587532043457031e-04,3.035718798637390137e-01
3.385716676712036133e-02,2.538800239562988281e-03,1.101493835449218750e-04,1.641511917114257812e-04,1.591444015502929688e-04,3.224076032638549805e-01
7.108855247497558594e-02,9.297430515289306641e-03,9.350180625915527344e-04,1.811385154724121094e-04,1.755952835083007812e-04,4.274749159812927246e-01
7.264333963394165039e-02,9.658455848693847656e-03,9.836554527282714844e-04,1.414418220520019531e-04,1.378655433654785156e-04,1.203695297241210938e+00
3.574115037918090820e-02,2.826333045959472656e-03,1.291036605834960938e-04,1.439452171325683594e-04,1.405477523803710938e-04,1.435117006301879883e+00
3.583145141601562500e-02,2.840638160705566406e-03,1.299977302551269531e-04,1.636147499084472656e-04,1.600384712219238281e-04,2.138256549835205078e+00
3.649145364761352539e-02,2.945244312286376953e-03,1.371502876281738281e-04,1.553893089294433594e-04,1.521706581115722656e-04,2.489589929580688477e+00
3.719544410705566406e-02,3.058969974517822266e-03,1.450181007385253906e-04,1.544952392578125000e-04,1.512765884399414062e-04,2.123604297637939453e+00
4.274117946624755859e-02,4.029035568237304688e-03,2.179741859436035156e-04,1.981258392333984375e-04,1.945495605468750000e-04,3.699424982070922852e+00
4.644298553466796875e-02,4.750013351440429688e-03,2.780556678771972656e-04,2.639293670654296875e-04,2.601742744445800781e-04,5.195553779602050781e+00
4.219239950180053711e-02,3.927111625671386719e-03,2.099275588989257812e-04,2.015233039855957031e-04,1.975893974304199219e-04,2.964142322540283203e+00
3.978878259658813477e-02,3.495991230010986328e-03,1.766681671142578125e-04,1.863241195678710938e-04,1.827478408813476562e-04,3.428692817687988281e+00
3.495025634765625000e-02,2.703845500946044922e-03,1.208782196044921875e-04,1.232028007507324219e-04,1.203417778015136719e-04,1.120727419853210449e+00
3.514534235000610352e-02,2.733886241912841797e-03,1.228451728820800781e-04,1.325011253356933594e-04,1.294612884521484375e-04,1.430195331573486328e+00
5.026960372924804688e-02,4.302263259887695312e-03,6.351470947265625000e-04,1.527070999145507812e-04,1.493096351623535156e-04,1.777190566062927246e+00
4.082089662551879883e-02,3.678202629089355469e-03,1.904368400573730469e-04,2.158284187316894531e-04,2.117156982421875000e-04,3.582348346710205078e+00
3.680598735809326172e-02,2.995669841766357422e-03,1.405477523803710938e-04,1.577138900756835938e-04,1.543164253234863281e-04,1.929185867309570312e+00
3.713124990463256836e-02,3.048419952392578125e-03,1.443028450012207031e-04,1.199841499328613281e-04,1.173019409179687500e-04,1.569455265998840332e+00
3.327566385269165039e-02,2.453148365020751953e-03,1.046061515808105469e-04,1.149773597717285156e-04,1.119375228881835938e-04,7.476246356964111328e-01
4.760402441024780273e-02,3.827154636383056641e-03,5.416274070739746094e-04,1.169443130493164062e-04,1.137256622314453125e-04,7.104020118713378906e-01
3.475713729858398438e-02,2.674341201782226562e-03,1.189112663269042969e-04,1.292824745178222656e-04,1.257061958312988281e-04,6.495895385742187500e-01
3.350096940994262695e-02,2.486050128936767578e-03,1.067519187927246094e-04,1.342892646789550781e-04,1.305341720581054688e-04,5.858511328697204590e-01
3.288352489471435547e-02,2.396106719970703125e-03,1.010298728942871094e-04,1.285672187805175781e-04,1.249909400939941406e-04,6.978621482849121094e-01
3.254431486129760742e-02,2.347469329833984375e-03,9.816884994506835938e-05,1.128315925598144531e-04,1.097917556762695312e-04,6.647193431854248047e-01
3.509026765823364258e-02,2.725303173065185547e-03,1.223087310791015625e-04,1.285672187805175781e-04,1.249909400939941406e-04,5.799583196640014648e-01
3.384268283843994141e-02,2.536654472351074219e-03,1.099705696105957031e-04,1.289248466491699219e-04,1.253485679626464844e-04,5.759668350219726562e-01
3.539675474166870117e-02,2.772688865661621094e-03,1.255273818969726562e-04,1.296401023864746094e-04,1.262426376342773438e-04,8.704803586006164551e-01
3.426718711853027344e-02,2.600133419036865234e-03,1.140832901000976562e-04,1.299977302551269531e-04,1.264214515686035156e-04,6.981918811798095703e-01
3.573220968246459961e-02,2.825081348419189453e-03,1.289248466491699219e-04,1.639723777770996094e-04,1.593232154846191406e-04,6.610118150711059570e-01
3.366261720657348633e-02,2.510011196136474609e-03,1.083612442016601562e-04,1.115798950195312500e-04,1.087188720703125000e-04,8.150927424430847168e-01
3.392118215560913086e-02,2.548277378082275391e-03,1.106858253479003906e-04,1.230239868164062500e-04,1.196265220642089844e-04,6.349262595176696777e-01
3.515231609344482422e-02,2.734959125518798828e-03,1.228451728820800781e-04,1.403689384460449219e-04,1.364350318908691406e-04,6.324210762977600098e-01
3.413057327270507812e-02,2.579569816589355469e-03,1.128315925598144531e-04,1.371502876281738281e-04,1.333951950073242188e-04,7.226185798645019531e-01
3.515607118606567383e-02,2.735495567321777344e-03,1.230239868164062500e-04,1.198053359985351562e-04,1.165866851806640625e-04,7.668997049331665039e-01
3.833073377609252930e-02,3.246724605560302734e-03,1.584291458129882812e-04,1.326799392700195312e-04,1.291036605834960938e-04,7.633280754089355469e-01
3.888487815856933594e-02,3.340423107147216797e-03,1.652240753173828125e-04,1.455545425415039062e-04,1.414418220520019531e-04,6.033679246902465820e-01
4.574865102767944336e-02,4.610180854797363281e-03,2.660751342773437500e-04,1.566410064697265625e-04,1.519918441772460938e-04,3.588328957557678223e-01
4.564118385314941406e-02,4.588901996612548828e-03,2.642869949340820312e-04,1.598596572875976562e-04,1.550316810607910156e-04,3.195821642875671387e-01
4.412072896957397461e-02,4.290819168090820312e-03,2.392530441284179688e-04,1.496672630310058594e-04,1.451969146728515625e-04,3.125737309455871582e-01
3.839617967605590820e-02,3.257811069488525391e-03,1.591444015502929688e-04,1.603960990905761719e-04,1.557469367980957031e-04,5.202605724334716797e-01
3.541517257690429688e-02,2.775549888610839844e-03,1.257061958312988281e-04,1.090764999389648438e-04,1.063942909240722656e-04,8.694237470626831055e-01
3.457725048065185547e-02,2.646982669830322266e-03,1.171231269836425781e-04,1.181960105895996094e-04,1.151561737060546875e-04,1.256608128547668457e+00
3.662502765655517578e-02,2.966701984405517578e-03,1.385807991027832031e-04,1.332163810729980469e-04,1.301765441894531250e-04,1.459637641906738281e+00
3.533881902694702148e-02,2.763748168945312500e-03,1.248121261596679688e-04,1.312494277954101562e-04,1.282095909118652344e-04,1.531108140945434570e+00
7.683670520782470703e-02,1.066195964813232422e-02,1.122057437896728516e-03,1.214146614074707031e-04,1.181960105895996094e-04,8.437818288803100586e-01
3.537762165069580078e-02,2.769827842712402344e-03,1.251697540283203125e-04,1.616477966308593750e-04,1.566410064697265625e-04,3.660376667976379395e-01
3.240644931793212891e-02,2.327799797058105469e-03,9.691715240478515625e-05,1.503825187683105469e-04,1.446604728698730469e-04,3.667802810668945312e-01
3.465414047241210938e-02,2.658605575561523438e-03,1.178383827209472656e-04,1.478791236877441406e-04,1.416206359863281250e-04,4.033784866333007812e-01
3.790533542633056641e-02,3.175735473632812500e-03,1.532435417175292969e-04,1.723766326904296875e-04,1.655817031860351562e-04,3.952202796936035156e-01
4.405635595321655273e-02,4.278481006622314453e-03,2.381801605224609375e-04,1.711249351501464844e-04,1.650452613830566406e-04,3.653420805931091309e-01
5.672460794448852539e-02,5.576848983764648438e-03,9.044408798217773438e-04,1.645088195800781250e-04,1.595020294189453125e-04,3.249853849411010742e-01
4.222011566162109375e-02,3.932297229766845703e-03,2.102851867675781250e-04,1.700520515441894531e-04,1.648664474487304688e-04,3.262610435485839844e-01
5.529820919036865234e-02,5.280017852783203125e-03,8.395314216613769531e-04,1.553893089294433594e-04,1.503825187683105469e-04,3.274238705635070801e-01
3.502589464187622070e-02,2.715468406677246094e-03,1.215934753417968750e-04,1.414418220520019531e-04,1.367926597595214844e-04,3.197758197784423828e-01
3.364330530166625977e-02,2.507150173187255859e-03,1.081824302673339844e-04,1.541376113891601562e-04,1.493096351623535156e-04,3.156645298004150391e-01
3.283667564392089844e-02,2.389311790466308594e-03,1.006722450256347656e-04,1.457333564758300781e-04,1.410841941833496094e-04,3.203825354576110840e-01
3.214591741561889648e-02,2.290785312652587891e-03,9.459257125854492188e-05,1.494884490966796875e-04,1.446604728698730469e-04,3.179705142974853516e-01
3.055197000503540039e-02,2.071201801300048828e-03,8.153915405273437500e-05,1.171231269836425781e-04,1.135468482971191406e-04,2.880057692527770996e-01
4.403060674667358398e-02,3.236532211303710938e-03,4.311203956604003906e-04,1.146197319030761719e-04,1.110434532165527344e-04,3.015870451927185059e-01
4.664772748947143555e-02,3.663897514343261719e-03,5.103349685668945312e-04,1.512765884399414062e-04,1.466274261474609375e-04,3.137415647506713867e-01
3.237462043762207031e-02,2.323150634765625000e-03,9.655952453613281250e-05,1.362562179565429688e-04,1.321434974670410156e-04,3.029549717903137207e-01
3.255432844161987305e-02,2.348899841308593750e-03,9.816884994506835938e-05,1.591444015502929688e-04,1.541376113891601562e-04,3.263912200927734375e-01
3.287208080291748047e-02,2.394497394561767578e-03,1.010298728942871094e-04,1.271367073059082031e-04,1.233816146850585938e-04,5.879437923431396484e-01
7.057803869247436523e-02,9.180128574371337891e-03,9.194612503051757812e-04,1.464486122131347656e-04,1.423358917236328125e-04,7.631953954696655273e-01
3.639256954193115234e-02,2.929508686065673828e-03,1.360774040222167969e-04,1.319646835327148438e-04,1.287460327148437500e-04,1.358392477035522461e+00
3.406441211700439453e-02,2.569735050201416016e-03,1.121163368225097656e-04,1.062154769897460938e-04,1.035332679748535156e-04,9.895069599151611328e-01
7.325595617294311523e-02,9.802401065826416016e-03,1.003324985504150391e-03,1.056790351867675781e-04,1.029968261718750000e-04,9.216910600662231445e-01
3.477895259857177734e-02,2.677559852600097656e-03,1.190900802612304688e-04,1.035332679748535156e-04,1.010298728942871094e-04,9.889447689056396484e-01
3.758579492568969727e-02,3.122806549072265625e-03,1.494884490966796875e-04,1.344680786132812500e-04,1.307129859924316406e-04,6.214699745178222656e-01
3.467577695846557617e-02,2.661824226379394531e-03,1.180171966552734375e-04,1.276731491088867188e-04,1.240968704223632812e-04,5.423067212104797363e-01
3.400433063507080078e-02,2.560794353485107422e-03,1.115798950195312500e-04,1.237392425537109375e-04,1.201629638671875000e-04,5.415773391723632812e-01
3.731471300125122070e-02,3.078460693359375000e-03,1.464486122131347656e-04,1.650452613830566406e-04,1.607537269592285156e-04,1.008199095726013184e+00
3.999066352844238281e-02,3.531396389007568359e-03,1.793503761291503906e-04,1.839995384216308594e-04,1.806020736694335938e-04,2.950454711914062500e+00
4.126685857772827148e-02,3.758132457733154297e-03,1.966953277587890625e-04,1.502037048339843750e-04,1.473426818847656250e-04,2.046550750732421875e+00
7.646960020065307617e-02,1.057237386703491211e-02,1.109361648559570312e-03,1.164078712463378906e-04,1.139044761657714844e-04,1.377402067184448242e+00
3.572309017181396484e-02,2.823650836944580078e-03,1.289248466491699219e-04,1.240968704223632812e-04,1.212358474731445312e-04,1.191607713699340820e+00
3.579229116439819336e-02,2.834379673004150391e-03,1.296401023864746094e-04,1.308917999267578125e-04,1.271367073059082031e-04,7.232290506362915039e-01
7.140684127807617188e-02,9.370744228363037109e-03,9.448528289794921875e-04,1.471638679504394531e-04,1.425147056579589844e-04,4.085646271705627441e-01
3.276836872100830078e-02,2.379477024078369141e-03,1.001358032226562500e-04,1.130104064941406250e-04,1.096129417419433594e-04,4.160985946655273438e-01
3.241342306137084961e-02,2.328693866729736328e-03,9.691715240478515625e-05,1.232028007507324219e-04,1.194477081298828125e-04,4.303643703460693359e-01
7.041996717453002930e-02,9.143829345703125000e-03,9.146332740783691406e-04,1.210570335388183594e-04,1.174807548522949219e-04,4.446219205856323242e-01
3.844302892684936523e-02,3.265678882598876953e-03,1.596808433532714844e-04,1.698732376098632812e-04,1.654028892517089844e-04,8.110581636428833008e-01
3.985369205474853516e-02,3.507435321807861328e-03,1.775622367858886719e-04,1.459121704101562500e-04,1.428723335266113281e-04,1.755153656005859375e+00
4.676395654678344727e-02,4.815280437469482422e-03,2.837777137756347656e-04,2.070665359497070312e-04,2.036690711975097656e-04,3.317609310150146484e+00
4.919064044952392578e-02,5.323112010955810547e-03,3.291964530944824219e-04,2.077817916870117188e-04,2.049207687377929688e-04,4.359613895416259766e+00
3.809952735900878906e-02,3.208100795745849609e-03,1.555681228637695312e-04,1.441240310668945312e-04,1.409053802490234375e-04,1.437509298324584961e+00
3.542017936706542969e-02,2.776265144348144531e-03,1.257061958312988281e-04,1.428723335266113281e-04,1.389384269714355469e-04,8.110016584396362305e-01
3.500407934188842773e-02,2.712070941925048828e-03,1.214146614074707031e-04,1.291036605834960938e-04,1.255273818969726562e-04,8.422136306762695312e-01
3.461390733718872070e-02,2.652525901794433594e-03,1.174807548522949219e-04,1.146197319030761719e-04,1.114010810852050781e-04,8.229603767395019531e-01
3.526675701141357422e-02,2.752482891082763672e-03,1.240968704223632812e-04,1.398324966430664062e-04,1.358985900878906250e-04,6.218672990798950195e-01
7.361698150634765625e-02,9.887695312500000000e-03,1.014947891235351562e-03,1.595020294189453125e-04,1.553893089294433594e-04,1.065851926803588867e+00
4.301083087921142578e-02,4.079461097717285156e-03,2.220869064331054688e-04,1.410841941833496094e-04,1.378655433654785156e-04,1.262755632400512695e+00
8.379113674163818359e-02,1.241970062255859375e-02,1.374542713165283203e-03,1.428723335266113281e-04,1.392960548400878906e-04,1.005123853683471680e+00
4.047560691833496094e-02,3.616690635681152344e-03,1.857876777648925781e-04,1.654028892517089844e-04,1.605749130249023438e-04,6.768997907638549805e-01
4.318803548812866211e-02,4.112899303436279297e-03,2.247691154479980469e-04,1.566410064697265625e-04,1.516342163085937500e-04,3.316174149513244629e-01
4.564815759658813477e-02,4.590153694152832031e-03,2.642869949340820312e-04,1.375079154968261719e-04,1.333951950073242188e-04,3.039039373397827148e-01
4.670119285583496094e-02,4.802405834197998047e-03,2.827048301696777344e-04,1.396536827087402344e-04,1.355409622192382812e-04,3.055034279823303223e-01
4.634696245193481445e-02,4.730522632598876953e-03,2.764463424682617188e-04,1.416206359863281250e-04,1.373291015625000000e-04,3.068819046020507812e-01
4.651933908462524414e-02,4.765391349792480469e-03,2.794861793518066406e-04,1.426935195922851562e-04,1.385807991027832031e-04,3.077616691589355469e-01
4.632496833801269531e-02,4.726052284240722656e-03,2.760887145996093750e-04,1.409053802490234375e-04,1.366138458251953125e-04,3.160607814788818359e-01
5.035829544067382812e-02,5.576491355895996094e-03,3.526210784912109375e-04,1.734495162963867188e-04,1.682639122009277344e-04,3.359466791152954102e-01
5.245041847229003906e-02,6.045162677764892578e-03,3.973245620727539062e-04,1.521706581115722656e-04,1.478791236877441406e-04,3.144430518150329590e-01
4.493844509124755859e-02,4.449784755706787109e-03,2.524852752685546875e-04,1.477003097534179688e-04,1.435875892639160156e-04,3.113436698913574219e-01
4.527640342712402344e-02,4.516482353210449219e-03,2.580285072326660156e-04,1.516342163085937500e-04,1.471638679504394531e-04,3.140573501586914062e-01
4.638612270355224609e-02,4.738569259643554688e-03,2.771615982055664062e-04,1.455545425415039062e-04,1.412630081176757812e-04,3.097854852676391602e-01
4.589509963989257812e-02,4.639506340026855469e-03,2.685785293579101562e-04,1.468062400817871094e-04,1.425147056579589844e-04,3.106040954589843750e-01
