4.717648029327392578e-02,4.333913326263427734e-03,2.920031547546386719e-04,1.055002212524414062e-04,9.834766387939453125e-05,3.258569240570068359e-01
4.840117692947387695e-02,4.564583301544189453e-03,3.148913383483886719e-04,1.026391983032226562e-04,9.566545486450195312e-05,3.258823156356811523e-01
4.476445913314819336e-02,3.897249698638916016e-03,2.503395080566406250e-04,1.076459884643554688e-04,1.003146171569824219e-04,3.269476890563964844e-01
4.557985067367553711e-02,4.042267799377441406e-03,2.639293670654296875e-04,1.049637794494628906e-04,9.781122207641601562e-05,3.242154121398925781e-01
7.947528362274169922e-02,1.318198442459106445e-02,1.419067382812500000e-03,1.040697097778320312e-04,9.691715240478515625e-05,3.233299255371093750e-01
4.059058427810668945e-02,3.197014331817626953e-03,1.877546310424804688e-04,1.151561737060546875e-04,1.072883605957031250e-04,3.340673446655273438e-01
4.778194427490234375e-02,4.447102546691894531e-03,3.032684326171875000e-04,1.062154769897460938e-04,9.888410568237304688e-05,3.425241708755493164e-01
4.516500234603881836e-02,3.968060016632080078e-03,2.569556236267089844e-04,1.072883605957031250e-04,1.001358032226562500e-04,3.266265392303466797e-01
5.893760919570922852e-02,6.054639816284179688e-03,1.011729240417480469e-03,1.044273376464843750e-04,9.727478027343750000e-05,3.237435221672058105e-01
4.413092136383056641e-02,3.786385059356689453e-03,2.399682998657226562e-04,1.139044761657714844e-04,1.062154769897460938e-04,3.328131437301635742e-01
7.107496261596679688e-02,1.088994741439819336e-02,1.098632812500000000e-03,1.092553138732910156e-04,1.017451286315917969e-04,3.284198641777038574e-01
4.473763704299926758e-02,3.892421722412109375e-03,2.498030662536621094e-04,1.040697097778320312e-04,9.673833847045898438e-05,3.424973487854003906e-01
4.472851753234863281e-02,3.890812397003173828e-03,2.496242523193359375e-04,1.040697097778320312e-04,9.691715240478515625e-05,3.233363628387451172e-01
4.462498426437377930e-02,3.872752189636230469e-03,2.480149269104003906e-04,1.058578491210937500e-04,9.852647781372070312e-05,3.250781893730163574e-01
4.435533285140991211e-02,3.825545310974121094e-03,2.435445785522460938e-04,1.065731048583984375e-04,9.942054748535156250e-05,3.259107470512390137e-01
4.437410831451416016e-02,3.828763961791992188e-03,2.439022064208984375e-04,1.069307327270507812e-04,9.959936141967773438e-05,3.261939883232116699e-01
4.407423734664916992e-02,3.776550292968750000e-03,2.390742301940917969e-04,1.069307327270507812e-04,9.977817535400390625e-05,3.262823224067687988e-01
5.786347389221191406e-02,5.820214748382568359e-03,9.586215019226074219e-04,1.072883605957031250e-04,9.995698928833007812e-05,3.265605568885803223e-01
4.357874393463134766e-02,3.691077232360839844e-03,2.312064170837402344e-04,1.067519187927246094e-04,9.959936141967773438e-05,3.260843753814697266e-01
4.456686973571777344e-02,3.862559795379638672e-03,2.471208572387695312e-04,1.047849655151367188e-04,9.763240814208984375e-05,3.240603804588317871e-01
4.357981681823730469e-02,3.691434860229492188e-03,2.313852310180664062e-04,1.062154769897460938e-04,9.906291961669921875e-05,3.255343437194824219e-01
4.411572217941284180e-02,3.783702850341796875e-03,2.397894859313964844e-04,1.069307327270507812e-04,9.959936141967773438e-05,3.261787891387939453e-01
4.393959045410156250e-02,3.753304481506347656e-03,2.369284629821777344e-04,1.069307327270507812e-04,9.959936141967773438e-05,3.261668086051940918e-01
4.403078556060791016e-02,3.769040107727050781e-03,2.383589744567871094e-04,1.065731048583984375e-04,9.942054748535156250e-05,3.259184360504150391e-01
4.230147600173950195e-02,3.475606441497802734e-03,2.118945121765136719e-04,1.139044761657714844e-04,1.062154769897460938e-04,3.336115479469299316e-01
4.166615009307861328e-02,3.370642662048339844e-03,2.027750015258789062e-04,1.097917556762695312e-04,1.022815704345703125e-04,3.323888182640075684e-01
8.326864242553710938e-02,1.427596807479858398e-02,1.578927040100097656e-03,9.799003601074218750e-05,9.119510650634765625e-05,3.171159625053405762e-01
4.302817583084106445e-02,3.597378730773925781e-03,2.228021621704101562e-04,1.051425933837890625e-04,9.799003601074218750e-05,3.244442939758300781e-01
4.372876882553100586e-02,3.717005252838134766e-03,2.337098121643066406e-04,1.062154769897460938e-04,9.906291961669921875e-05,3.254866003990173340e-01
4.374486207962036133e-02,3.719687461853027344e-03,2.338886260986328125e-04,1.126527786254882812e-04,1.049637794494628906e-04,3.316272497177124023e-01
3.888469934463500977e-02,2.930939197540283203e-03,1.654028892517089844e-04,1.160502433776855469e-04,1.080036163330078125e-04,3.485276699066162109e-01
3.403365612030029297e-02,2.238392829895019531e-03,1.119375228881835938e-04,1.096129417419433594e-04,1.021027565002441406e-04,3.308399319648742676e-01
3.590744733810424805e-02,2.494633197784423828e-03,1.308917999267578125e-04,1.108646392822265625e-04,1.031756401062011719e-04,3.341816067695617676e-01
3.515338897705078125e-02,2.389848232269287109e-03,1.230239868164062500e-04,1.028180122375488281e-04,9.566545486450195312e-05,3.683170080184936523e-01
3.579014539718627930e-02,2.478182315826416016e-03,1.296401023864746094e-04,9.977817535400390625e-05,9.298324584960937500e-05,4.672422409057617188e-01
6.281787157058715820e-02,8.816957473754882812e-03,8.279085159301757812e-04,1.069307327270507812e-04,9.959936141967773438e-05,5.025204420089721680e-01
6.203466653823852539e-02,8.629918098449707031e-03,8.044838905334472656e-04,1.042485237121582031e-04,9.727478027343750000e-05,6.056166887283325195e-01
3.474175930023193359e-02,2.333521842956542969e-03,1.189112663269042969e-04,9.369850158691406250e-05,8.744001388549804688e-05,5.039541721343994141e-01
3.814584016799926758e-02,2.819359302520751953e-03,1.564621925354003906e-04,9.816884994506835938e-05,9.155273437500000000e-05,5.099623203277587891e-01
3.907370567321777344e-02,2.959907054901123047e-03,1.679062843322753906e-04,1.047849655151367188e-04,9.781122207641601562e-05,7.300994396209716797e-01
3.800690174102783203e-02,2.798616886138916016e-03,1.546740531921386719e-04,1.201629638671875000e-04,1.122951507568359375e-04,6.855880022048950195e-01
5.239856243133544922e-02,4.703164100646972656e-03,7.172226905822753906e-04,1.147985458374023438e-04,1.072883605957031250e-04,7.189480662345886230e-01
3.799706697463989258e-02,2.797186374664306641e-03,1.546740531921386719e-04,9.602308273315429688e-05,8.976459503173828125e-05,9.912339448928833008e-01
3.691077232360839844e-02,2.637684345245361328e-03,1.419782638549804688e-04,1.047849655151367188e-04,9.781122207641601562e-05,7.847617864608764648e-01
3.774082660675048828e-02,2.759099006652832031e-03,1.516342163085937500e-04,1.015663146972656250e-04,9.512901306152343750e-05,1.314849972724914551e+00
3.869014978408813477e-02,2.901434898376464844e-03,1.630783081054687500e-04,1.087188720703125000e-04,1.021027565002441406e-04,1.596137762069702148e+00
3.763854503631591797e-02,2.744078636169433594e-03,1.503825187683105469e-04,1.194477081298828125e-04,1.117587089538574219e-04,9.830558896064758301e-01
3.589850664138793945e-02,2.493381500244140625e-03,1.308917999267578125e-04,9.495019912719726562e-05,8.904933929443359375e-05,1.257790803909301758e+00
3.596216440200805664e-02,2.502322196960449219e-03,1.316070556640625000e-04,1.094341278076171875e-04,1.026391983032226562e-04,1.459932804107666016e+00
3.732776641845703125e-02,2.698302268981933594e-03,1.468062400817871094e-04,1.258850097656250000e-04,1.178383827209472656e-04,1.027306079864501953e+00
3.680920600891113281e-02,2.623021602630615234e-03,1.409053802490234375e-04,1.205205917358398438e-04,1.126527786254882812e-04,8.498840332031250000e-01
4.119318723678588867e-02,3.293752670288085938e-03,1.959800720214843750e-04,1.087188720703125000e-04,1.015663146972656250e-04,5.267304182052612305e-01
3.580963611602783203e-02,2.481043338775634766e-03,1.299977302551269531e-04,1.092553138732910156e-04,1.017451286315917969e-04,3.746568560600280762e-01
3.536117076873779297e-02,2.418458461761474609e-03,1.251697540283203125e-04,1.266002655029296875e-04,1.178383827209472656e-04,3.545363545417785645e-01
3.536260128021240234e-02,2.418637275695800781e-03,1.251697540283203125e-04,1.167654991149902344e-04,1.083612442016601562e-04,3.718582391738891602e-01
3.472387790679931641e-02,2.331197261810302734e-03,1.187324523925781250e-04,1.174807548522949219e-04,1.085400581359863281e-04,4.138095974922180176e-01
3.468060493469238281e-02,2.325296401977539062e-03,1.181960105895996094e-04,1.049637794494628906e-04,9.727478027343750000e-05,3.686953783035278320e-01
3.463500738143920898e-02,2.319037914276123047e-03,1.178383827209472656e-04,1.069307327270507812e-04,9.906291961669921875e-05,3.797543048858642578e-01
5.978876352310180664e-02,8.102595806121826172e-03,7.393956184387207031e-04,1.053214073181152344e-04,9.727478027343750000e-05,3.938671946525573730e-01
5.925822257995605469e-02,7.980108261108398438e-03,7.243752479553222656e-04,1.341104507446289062e-04,1.219511032104492188e-04,6.148817539215087891e-01
3.057575225830078125e-02,1.802086830139160156e-03,8.171796798706054688e-05,1.271367073059082031e-04,1.131892204284667969e-04,9.719590544700622559e-01
5.378669500350952148e-02,6.761848926544189453e-03,5.802512168884277344e-04,1.244544982910156250e-04,1.122951507568359375e-04,7.247130274772644043e-01
3.330481052398681641e-02,2.142369747161865234e-03,1.049637794494628906e-04,1.069307327270507812e-04,9.816884994506835938e-05,4.715384244918823242e-01
4.683905839920043945e-02,3.696262836456298828e-03,5.165934562683105469e-04,1.124739646911621094e-04,1.047849655151367188e-04,3.314348459243774414e-01
3.525799512863159180e-02,2.404332160949707031e-03,1.240968704223632812e-04,1.097917556762695312e-04,1.022815704345703125e-04,3.599485158920288086e-01
3.580516576766967773e-02,2.480328083038330078e-03,1.298189163208007812e-04,1.053214073181152344e-04,9.816884994506835938e-05,5.309153795242309570e-01
3.682297468185424805e-02,2.624988555908203125e-03,1.410841941833496094e-04,1.121163368225097656e-04,1.049637794494628906e-04,1.073785901069641113e+00
3.785222768783569336e-02,2.775728702545166016e-03,1.528859138488769531e-04,1.135468482971191406e-04,1.065731048583984375e-04,2.304835319519042969e+00
3.932207822799682617e-02,2.997994422912597656e-03,1.709461212158203125e-04,1.110434532165527344e-04,1.044273376464843750e-04,2.619908332824707031e+00
3.673642873764038086e-02,2.612650394439697266e-03,1.400113105773925781e-04,1.078248023986816406e-04,1.010298728942871094e-04,1.359880685806274414e+00
6.059825420379638672e-02,8.291065692901611328e-03,7.624626159667968750e-04,9.977817535400390625e-05,9.351968765258789062e-05,1.400360584259033203e+00
3.622984886169433594e-02,2.540230751037597656e-03,1.344680786132812500e-04,1.013875007629394531e-04,9.512901306152343750e-05,1.989478826522827148e+00
4.090976715087890625e-02,3.247976303100585938e-03,1.920461654663085938e-04,1.233816146850585938e-04,1.162290573120117188e-04,3.809195280075073242e+00
4.466950893402099609e-02,3.880441188812255859e-03,2.487301826477050781e-04,1.156926155090332031e-04,1.088976860046386719e-04,3.196427822113037109e+00
4.157084226608276367e-02,3.355085849761962891e-03,2.013444900512695312e-04,1.081824302673339844e-04,1.017451286315917969e-04,2.347065210342407227e+00
3.653740882873535156e-02,2.584040164947509766e-03,1.378655433654785156e-04,1.029968261718750000e-04,9.673833847045898438e-05,1.693220853805541992e+00
3.562867641448974609e-02,2.455651760101318359e-03,1.280307769775390625e-04,1.046061515808105469e-04,9.781122207641601562e-05,7.783414721488952637e-01
3.551012277603149414e-02,2.439200878143310547e-03,1.267790794372558594e-04,1.115798950195312500e-04,1.042485237121582031e-04,6.684014797210693359e-01
3.443956375122070312e-02,2.292752265930175781e-03,1.158714294433593750e-04,1.055002212524414062e-04,9.870529174804687500e-05,7.164520025253295898e-01
3.447514772415161133e-02,2.297401428222656250e-03,1.162290573120117188e-04,9.942054748535156250e-05,9.280443191528320312e-05,6.607562899589538574e-01
3.494006395339965820e-02,2.360522747039794922e-03,1.208782196044921875e-04,1.004934310913085938e-04,9.387731552124023438e-05,6.438102722167968750e-01
3.396570682525634766e-02,2.229273319244384766e-03,1.112222671508789062e-04,8.547306060791015625e-05,7.975101470947265625e-05,5.428599715232849121e-01
6.028389930725097656e-02,8.217573165893554688e-03,7.535219192504882812e-04,9.280443191528320312e-05,8.690357208251953125e-05,9.564650058746337891e-01
4.873698949813842773e-02,4.025459289550781250e-03,5.802512168884277344e-04,1.013875007629394531e-04,9.477138519287109375e-05,8.291977643966674805e-01
3.450947999954223633e-02,2.302050590515136719e-03,1.165866851806640625e-04,9.816884994506835938e-05,9.173154830932617188e-05,6.879383325576782227e-01
3.428918123245239258e-02,2.272367477416992188e-03,1.144409179687500000e-04,9.012222290039062500e-05,8.404254913330078125e-05,6.576408147811889648e-01
3.463017940521240234e-02,2.318501472473144531e-03,1.178383827209472656e-04,9.155273437500000000e-05,8.547306060791015625e-05,6.957727074623107910e-01
3.327065706253051758e-02,2.137899398803710938e-03,1.047849655151367188e-04,9.047985076904296875e-05,8.457899093627929688e-05,7.298440933227539062e-01
3.367263078689575195e-02,2.190470695495605469e-03,1.085400581359863281e-04,8.976459503173828125e-05,8.386373519897460938e-05,6.669346690177917480e-01
3.397321701049804688e-02,2.230346202850341797e-03,1.114010810852050781e-04,8.565187454223632812e-05,7.992982864379882812e-05,6.553325057029724121e-01
3.312724828720092773e-02,2.119302749633789062e-03,1.033544540405273438e-04,8.296966552734375000e-05,7.760524749755859375e-05,7.836933732032775879e-01
3.523617982864379883e-02,2.401292324066162109e-03,1.239180564880371094e-04,9.673833847045898438e-05,9.065866470336914062e-05,1.022132873535156250e+00
6.200927495956420898e-02,8.623838424682617188e-03,8.037686347961425781e-04,9.816884994506835938e-05,9.208917617797851562e-05,1.620599985122680664e+00
3.728342056274414062e-02,2.691864967346191406e-03,1.462697982788085938e-04,1.046061515808105469e-04,9.816884994506835938e-05,2.054603338241577148e+00
4.048490524291992188e-02,3.180205821990966797e-03,1.863241195678710938e-04,1.092553138732910156e-04,1.026391983032226562e-04,2.163572311401367188e+00
3.978502750396728516e-02,3.069877624511718750e-03,1.770257949829101562e-04,1.033544540405273438e-04,9.709596633911132812e-05,2.121920108795166016e+00
3.789621591567993164e-02,2.782166004180908203e-03,1.534223556518554688e-04,9.423494338989257812e-05,8.833408355712890625e-05,1.584863901138305664e+00
3.656387329101562500e-02,2.587795257568359375e-03,1.380443572998046875e-04,9.745359420776367188e-05,9.119510650634765625e-05,1.360458612442016602e+00
3.579568862915039062e-02,2.479076385498046875e-03,1.298189163208007812e-04,9.816884994506835938e-05,9.208917617797851562e-05,1.504820466041564941e+00
5.231595039367675781e-02,4.687249660491943359e-03,7.138252258300781250e-04,1.013875007629394531e-04,9.512901306152343750e-05,1.440351247787475586e+00
3.954613208770751953e-02,3.032684326171875000e-03,1.738071441650390625e-04,1.024603843688964844e-04,9.620189666748046875e-05,1.681073069572448730e+00
3.723692893981933594e-02,2.685070037841796875e-03,1.457333564758300781e-04,9.155273437500000000e-05,8.565187454223632812e-05,1.298008441925048828e+00
4.873180389404296875e-02,4.024565219879150391e-03,5.800724029541015625e-04,9.119510650634765625e-05,8.547306060791015625e-05,1.312951326370239258e+00
3.716021776199340820e-02,2.673983573913574219e-03,1.448392868041992188e-04,9.942054748535156250e-05,9.334087371826171875e-05,1.580618381500244141e+00
3.630244731903076172e-02,2.550601959228515625e-03,1.351833343505859375e-04,9.602308273315429688e-05,9.012222290039062500e-05,1.436724185943603516e+00
6.241428852081298828e-02,8.720397949218750000e-03,8.157491683959960938e-04,8.636713027954101562e-05,8.100271224975585938e-05,1.280582189559936523e+00
3.923624753952026367e-02,2.984762191772460938e-03,1.698732376098632812e-04,1.021027565002441406e-04,9.584426879882812500e-05,1.940826654434204102e+00
5.008256435394287109e-02,4.267930984497070312e-03,6.283521652221679688e-04,9.834766387939453125e-05,9.226799011230468750e-05,1.536443233489990234e+00
3.628242015838623047e-02,2.547740936279296875e-03,1.350045204162597656e-04,9.691715240478515625e-05,9.101629257202148438e-05,1.437914609909057617e+00
3.704345226287841797e-02,2.656996250152587891e-03,1.435875892639160156e-04,9.620189666748046875e-05,9.012222290039062500e-05,1.547373175621032715e+00
3.765928745269775391e-02,2.747118473052978516e-03,1.505613327026367188e-04,9.834766387939453125e-05,9.226799011230468750e-05,1.701704621315002441e+00
3.770202398300170898e-02,2.753376960754394531e-03,1.510977745056152344e-04,1.012086868286132812e-04,9.495019912719726562e-05,1.300953865051269531e+00
3.714877367019653320e-02,2.672195434570312500e-03,1.446604728698730469e-04,1.072883605957031250e-04,1.006722450256347656e-04,1.534889817237854004e+00
3.702932596206665039e-02,2.654850482940673828e-03,1.434087753295898438e-04,1.055002212524414062e-04,9.888410568237304688e-05,1.538237929344177246e+00
6.266641616821289062e-02,8.780658245086669922e-03,8.234381675720214844e-04,1.049637794494628906e-04,9.834766387939453125e-05,1.393453717231750488e+00
3.589349985122680664e-02,2.492666244506835938e-03,1.308917999267578125e-04,9.584426879882812500e-05,8.994340896606445312e-05,1.550252437591552734e+00
3.687483072280883789e-02,2.632498741149902344e-03,1.416206359863281250e-04,1.033544540405273438e-04,9.691715240478515625e-05,1.495949149131774902e+00
3.799062967300415039e-02,2.796292304992675781e-03,1.544952392578125000e-04,1.087188720703125000e-04,1.021027565002441406e-04,2.619488716125488281e+00
3.679776191711425781e-02,2.621412277221679688e-03,1.407265663146972656e-04,1.180171966552734375e-04,1.105070114135742188e-04,1.448424339294433594e+00
3.763461112976074219e-02,2.743542194366455078e-03,1.503825187683105469e-04,1.156926155090332031e-04,1.083612442016601562e-04,1.379251241683959961e+00
3.671729564666748047e-02,2.609789371490478516e-03,1.398324966430664062e-04,1.101493835449218750e-04,1.033544540405273438e-04,1.484515070915222168e+00
3.612256050109863281e-02,2.525031566619873047e-03,1.332163810729980469e-04,1.046061515808105469e-04,9.799003601074218750e-05,1.438037395477294922e+00
3.659141063690185547e-02,2.591729164123535156e-03,1.384019851684570312e-04,1.081824302673339844e-04,1.013875007629394531e-04,1.468270897865295410e+00
3.621608018875122070e-02,2.538263797760009766e-03,1.342892646789550781e-04,1.078248023986816406e-04,1.010298728942871094e-04,1.176029205322265625e+00
3.538352251052856445e-02,2.421677112579345703e-03,1.253485679626464844e-04,1.012086868286132812e-04,9.477138519287109375e-05,1.155858516693115234e+00
3.685462474822998047e-02,2.629637718200683594e-03,1.414418220520019531e-04,1.069307327270507812e-04,1.001358032226562500e-04,1.407364368438720703e+00
3.559380769729614258e-02,2.450823783874511719e-03,1.276731491088867188e-04,1.040697097778320312e-04,9.763240814208984375e-05,1.386887669563293457e+00
6.113415956497192383e-02,8.416771888732910156e-03,7.780194282531738281e-04,1.142621040344238281e-04,1.071095466613769531e-04,1.230292081832885742e+00
3.636449575424194336e-02,2.559363842010498047e-03,1.358985900878906250e-04,1.131892204284667969e-04,1.060366630554199219e-04,1.161519527435302734e+00
6.301331520080566406e-02,8.863985538482666016e-03,8.338093757629394531e-04,1.151561737060546875e-04,1.080036163330078125e-04,1.182985067367553711e+00
3.970223665237426758e-02,3.057003021240234375e-03,1.759529113769531250e-04,1.385807991027832031e-04,1.296401023864746094e-04,9.321649074554443359e-01
5.337005853652954102e-02,4.892528057098388672e-03,7.567405700683593750e-04,1.301765441894531250e-04,1.208782196044921875e-04,1.252794742584228516e+00
3.683495521545410156e-02,2.626776695251464844e-03,1.410841941833496094e-04,1.140832901000976562e-04,1.071095466613769531e-04,1.457660794258117676e+00
3.660911321640014648e-02,2.594232559204101562e-03,1.385807991027832031e-04,1.128315925598144531e-04,1.058578491210937500e-04,1.648585796356201172e+00
4.904043674468994141e-02,4.079461097717285156e-03,5.908012390136718750e-04,1.058578491210937500e-04,9.924173355102539062e-05,1.118875622749328613e+00
6.568104028701782227e-02,9.515225887298583984e-03,9.169578552246093750e-04,1.262426376342773438e-04,1.181960105895996094e-04,1.050637364387512207e+00
3.691953420639038086e-02,2.638936042785644531e-03,1.421570777893066406e-04,1.174807548522949219e-04,1.103281974792480469e-04,1.630050897598266602e+00
3.661412000656127930e-02,2.594947814941406250e-03,1.387596130371093750e-04,1.080036163330078125e-04,1.010298728942871094e-04,1.391378164291381836e+00
6.082427501678466797e-02,8.343994617462158203e-03,7.690787315368652344e-04,9.441375732421875000e-05,8.833408355712890625e-05,8.102790713310241699e-01
3.805983066558837891e-02,2.806484699249267578e-03,1.553893089294433594e-04,1.283884048461914062e-04,1.201629638671875000e-04,1.298243045806884766e+00
3.730970621109008789e-02,2.695798873901367188e-03,1.466274261474609375e-04,1.062154769897460938e-04,9.942054748535156250e-05,1.412185192108154297e+00
3.920263051986694336e-02,2.979755401611328125e-03,1.695156097412109375e-04,1.174807548522949219e-04,1.101493835449218750e-04,1.410434246063232422e+00
3.766107559204101562e-02,2.747297286987304688e-03,1.505613327026367188e-04,1.088976860046386719e-04,1.021027565002441406e-04,1.419639587402343750e+00
6.421995162963867188e-02,9.156167507171630859e-03,8.708238601684570312e-04,1.019239425659179688e-04,9.530782699584960938e-05,8.792497515678405762e-01
3.534436225891113281e-02,2.416133880615234375e-03,1.249909400939941406e-04,1.063942909240722656e-04,9.906291961669921875e-05,3.455150127410888672e-01
3.291767835617065430e-02,2.092301845550537109e-03,1.013875007629394531e-04,9.959936141967773438e-05,9.280443191528320312e-05,3.414500355720520020e-01
3.299403190612792969e-02,2.102136611938476562e-03,1.021027565002441406e-04,1.006722450256347656e-04,9.369850158691406250e-05,3.636179566383361816e-01
3.336310386657714844e-02,2.150058746337890625e-03,1.055002212524414062e-04,1.004934310913085938e-04,9.369850158691406250e-05,3.197275400161743164e-01
4.513603448867797852e-02,3.413558006286621094e-03,4.634857177734375000e-04,1.083612442016601562e-04,1.010298728942871094e-04,3.275874853134155273e-01
6.005591154098510742e-02,8.164644241333007812e-03,7.469058036804199219e-04,1.196265220642089844e-04,1.115798950195312500e-04,4.399539828300476074e-01
6.365704536437988281e-02,9.019374847412109375e-03,8.534789085388183594e-04,1.071095466613769531e-04,1.003146171569824219e-04,1.431697726249694824e+00
3.676468133926391602e-02,2.616763114929199219e-03,1.403689384460449219e-04,1.031756401062011719e-04,9.673833847045898438e-05,1.669466614723205566e+00
3.681957721710205078e-02,2.624630928039550781e-03,1.409053802490234375e-04,1.051425933837890625e-04,9.870529174804687500e-05,2.478047370910644531e+00
3.800332546234130859e-02,2.798080444335937500e-03,1.546740531921386719e-04,1.083612442016601562e-04,1.019239425659179688e-04,2.853321313858032227e+00
3.981006145477294922e-02,3.073811531066894531e-03,1.773834228515625000e-04,1.130104064941406250e-04,1.062154769897460938e-04,2.678825378417968750e+00
4.409873485565185547e-02,3.780841827392578125e-03,2.394318580627441406e-04,1.278519630432128906e-04,1.205205917358398438e-04,4.204388618469238281e+00
4.806053638458251953e-02,4.499673843383789062e-03,3.084540367126464844e-04,1.477003097534179688e-04,1.396536827087402344e-04,5.703987121582031250e+00
4.363381862640380859e-02,3.700554370880126953e-03,2.321004867553710938e-04,1.153349876403808594e-04,1.085400581359863281e-04,3.418991088867187500e+00
4.263943433761596680e-02,3.531932830810546875e-03,2.169013023376464844e-04,1.240968704223632812e-04,1.167654991149902344e-04,3.797317028045654297e+00
3.660321235656738281e-02,2.593517303466796875e-03,1.385807991027832031e-04,9.655952453613281250e-05,9.047985076904296875e-05,1.395749330520629883e+00
3.671318292617797852e-02,2.609252929687500000e-03,1.398324966430664062e-04,9.834766387939453125e-05,9.226799011230468750e-05,1.719659805297851562e+00
5.008256435394287109e-02,4.267930984497070312e-03,6.283521652221679688e-04,1.012086868286132812e-04,9.512901306152343750e-05,2.179222106933593750e+00
4.209583997726440430e-02,3.441452980041503906e-03,2.088546752929687500e-04,1.276731491088867188e-04,1.203417778015136719e-04,3.879504919052124023e+00
3.883641958236694336e-02,2.923607826232910156e-03,1.648664474487304688e-04,1.062154769897460938e-04,9.977817535400390625e-05,2.421116828918457031e+00
3.826421499252319336e-02,2.837061882019042969e-03,1.578927040100097656e-04,9.012222290039062500e-05,8.457899093627929688e-05,1.667797088623046875e+00
3.390794992446899414e-02,2.221584320068359375e-03,1.106858253479003906e-04,9.030103683471679688e-05,8.440017700195312500e-05,8.578004837036132812e-01
4.660928249359130859e-02,3.657460212707519531e-03,5.092620849609375000e-04,9.173154830932617188e-05,8.583068847656250000e-05,9.515401124954223633e-01
3.476786613464355469e-02,2.337098121643066406e-03,1.190900802612304688e-04,8.314847946166992188e-05,7.778406143188476562e-05,7.801691293716430664e-01
3.425610065460205078e-02,2.268075942993164062e-03,1.140832901000976562e-04,8.654594421386718750e-05,8.082389831542968750e-05,6.580817699432373047e-01
3.354316949844360352e-02,2.173483371734619141e-03,1.072883605957031250e-04,9.012222290039062500e-05,8.440017700195312500e-05,8.021500110626220703e-01
3.321075439453125000e-02,2.130210399627685547e-03,1.040697097778320312e-04,8.082389831542968750e-05,7.545948028564453125e-05,7.278535366058349609e-01
3.608536720275878906e-02,2.519845962524414062e-03,1.328587532043457031e-04,9.781122207641601562e-05,9.137392044067382812e-05,6.068471074104309082e-01
3.505110740661621094e-02,2.375721931457519531e-03,1.219511032104492188e-04,9.816884994506835938e-05,9.191036224365234375e-05,7.127902507781982422e-01
3.625023365020751953e-02,2.543091773986816406e-03,1.346468925476074219e-04,1.071095466613769531e-04,1.003146171569824219e-04,9.392516613006591797e-01
3.424054384231567383e-02,2.265930175781250000e-03,1.139044761657714844e-04,8.869171142578125000e-05,8.279085159301757812e-05,6.828539371490478516e-01
3.577691316604614258e-02,2.476394176483154297e-03,1.296401023864746094e-04,1.183748245239257812e-04,1.106858253479003906e-04,7.082015275955200195e-01
3.466683626174926758e-02,2.323329448699951172e-03,1.181960105895996094e-04,9.334087371826171875e-05,8.726119995117187500e-05,9.726582169532775879e-01
3.401666879653930664e-02,2.236068248748779297e-03,1.117587089538574219e-04,8.869171142578125000e-05,8.296966552734375000e-05,7.623245716094970703e-01
3.522652387619018555e-02,2.399861812591552734e-03,1.237392425537109375e-04,9.870529174804687500e-05,9.226799011230468750e-05,7.439721822738647461e-01
3.520649671554565430e-02,2.397179603576660156e-03,1.235604286193847656e-04,1.046061515808105469e-04,9.799003601074218750e-05,8.945714235305786133e-01
3.558754920959472656e-02,2.449929714202880859e-03,1.274943351745605469e-04,9.334087371826171875e-05,8.726119995117187500e-05,8.290143013000488281e-01
3.721207380294799805e-02,2.681493759155273438e-03,1.453757286071777344e-04,9.262561798095703125e-05,8.654594421386718750e-05,7.713010311126708984e-01
4.013389348983764648e-02,3.124594688415527344e-03,1.814961433410644531e-04,9.387731552124023438e-05,8.779764175415039062e-05,6.291915178298950195e-01
4.791873693466186523e-02,4.472851753234863281e-03,3.057718276977539062e-04,9.137392044067382812e-05,8.529424667358398438e-05,3.783327341079711914e-01
4.665380716323852539e-02,4.237174987792968750e-03,2.827048301696777344e-04,9.620189666748046875e-05,8.976459503173828125e-05,3.154161572456359863e-01
4.439681768417358398e-02,3.832697868347167969e-03,2.442598342895507812e-04,9.888410568237304688e-05,9.208917617797851562e-05,3.180955052375793457e-01
4.093927145004272461e-02,3.252804279327392578e-03,1.925826072692871094e-04,1.087188720703125000e-04,1.015663146972656250e-04,5.157201290130615234e-01
3.722494840621948242e-02,2.683460712432861328e-03,1.455545425415039062e-04,9.709596633911132812e-05,9.083747863769531250e-05,9.066935777664184570e-01
3.585648536682128906e-02,2.487480640411376953e-03,1.303553581237792969e-04,9.566545486450195312e-05,8.958578109741210938e-05,1.360835313796997070e+00
3.820270299911499023e-02,2.827942371368408203e-03,1.571774482727050781e-04,9.566545486450195312e-05,8.958578109741210938e-05,1.602182507514953613e+00
3.769809007644653320e-02,2.752840518951416016e-03,1.510977745056152344e-04,9.959936141967773438e-05,9.351968765258789062e-05,1.822144985198974609e+00
6.814134120941162109e-02,1.013267040252685547e-02,9.976029396057128906e-04,8.744001388549804688e-05,8.189678192138671875e-05,8.820306658744812012e-01
3.457832336425781250e-02,2.311348915100097656e-03,1.173019409179687500e-04,1.108646392822265625e-04,1.033544540405273438e-04,3.734791874885559082e-01
5.444973707199096680e-02,6.905078887939453125e-03,5.967020988464355469e-04,1.035332679748535156e-04,9.584426879882812500e-05,3.830069303512573242e-01
3.372001647949218750e-02,2.196729183197021484e-03,1.088976860046386719e-04,1.029968261718750000e-04,9.477138519287109375e-05,4.241741895675659180e-01
5.065208673477172852e-02,4.372894763946533203e-03,6.494522094726562500e-04,1.114010810852050781e-04,1.031756401062011719e-04,3.746007084846496582e-01
4.404419660568237305e-02,3.771364688873291016e-03,2.385377883911132812e-04,1.044273376464843750e-04,9.691715240478515625e-05,3.559990525245666504e-01
5.434316396713256836e-02,5.086004734039306641e-03,7.978677749633789062e-04,1.105070114135742188e-04,1.029968261718750000e-04,3.296560049057006836e-01
4.290425777435302734e-02,3.576457500457763672e-03,2.210140228271484375e-04,1.042485237121582031e-04,9.709596633911132812e-05,3.235114216804504395e-01
5.334770679473876953e-02,4.888057708740234375e-03,7.558465003967285156e-04,1.069307327270507812e-04,9.959936141967773438e-05,3.291563987731933594e-01
3.485476970672607422e-02,2.348899841308593750e-03,1.199841499328613281e-04,1.029968261718750000e-04,9.584426879882812500e-05,3.296713829040527344e-01
4.589116573333740234e-02,3.537476062774658203e-03,4.865527153015136719e-04,1.080036163330078125e-04,1.006722450256347656e-04,3.272631168365478516e-01
5.698066949844360352e-02,7.462799549102783203e-03,6.621479988098144531e-04,9.405612945556640625e-05,8.761882781982421875e-05,3.376391530036926270e-01
3.205472230911254883e-02,1.982867717742919922e-03,9.387731552124023438e-05,1.044273376464843750e-04,9.709596633911132812e-05,3.301733136177062988e-01
3.178435564041137695e-02,1.949071884155273438e-03,9.155273437500000000e-05,9.942054748535156250e-05,9.262561798095703125e-05,3.186627030372619629e-01
4.341512918472290039e-02,3.140151500701904297e-03,4.137754440307617188e-04,9.459257125854492188e-05,8.815526962280273438e-05,3.362849950790405273e-01
4.452395439147949219e-02,3.315031528472900391e-03,4.454255104064941406e-04,1.085400581359863281e-04,1.012086868286132812e-04,3.278372883796691895e-01
3.234726190567016602e-02,2.019524574279785156e-03,9.638071060180664062e-05,1.042485237121582031e-04,9.709596633911132812e-05,3.290086984634399414e-01
4.461407661437988281e-02,3.329336643218994141e-03,4.479289054870605469e-04,1.122951507568359375e-04,1.046061515808105469e-04,3.372627496719360352e-01
4.610842466354370117e-02,3.573596477508544922e-03,4.933476448059082031e-04,9.226799011230468750e-05,8.618831634521484375e-05,6.290985345840454102e-01
6.049454212188720703e-02,8.266746997833251953e-03,7.594227790832519531e-04,1.029968261718750000e-04,9.620189666748046875e-05,8.316051363945007324e-01
3.722047805786132812e-02,2.682745456695556641e-03,1.455545425415039062e-04,9.244680404663085938e-05,8.654594421386718750e-05,1.492306351661682129e+00
3.500694036483764648e-02,2.369642257690429688e-03,1.215934753417968750e-04,8.565187454223632812e-05,8.028745651245117188e-05,1.129053711891174316e+00
6.199640035629272461e-02,8.620798587799072266e-03,8.034110069274902344e-04,8.583068847656250000e-05,8.028745651245117188e-05,9.323079586029052734e-01
3.687697649002075195e-02,2.632856369018554688e-03,1.416206359863281250e-04,9.530782699584960938e-05,8.940696716308593750e-05,1.215211629867553711e+00
3.707975149154663086e-02,2.662181854248046875e-03,1.439452171325683594e-04,8.761882781982421875e-05,8.189678192138671875e-05,6.248951554298400879e-01
3.476858139038085938e-02,2.337276935577392578e-03,1.190900802612304688e-04,8.332729339599609375e-05,7.778406143188476562e-05,5.792144536972045898e-01
3.359341621398925781e-02,2.180099487304687500e-03,1.076459884643554688e-04,7.545948028564453125e-05,7.045269012451171875e-05,5.741026997566223145e-01
3.912734985351562500e-02,2.968132495880126953e-03,1.684427261352539062e-04,1.208782196044921875e-04,1.131892204284667969e-04,1.087197542190551758e+00
4.185032844543457031e-02,3.401041030883789062e-03,2.052783966064453125e-04,1.158714294433593750e-04,1.092553138732910156e-04,3.289931774139404297e+00
4.373896121978759766e-02,3.718614578247070312e-03,2.337098121643066406e-04,1.085400581359863281e-04,1.021027565002441406e-04,2.557411432266235352e+00
6.823843717575073242e-02,1.015734672546386719e-02,1.000821590423583984e-03,9.280443191528320312e-05,8.708238601684570312e-05,1.689360141754150391e+00
3.768575191497802734e-02,2.751052379608154297e-03,1.509189605712890625e-04,1.013875007629394531e-04,9.512901306152343750e-05,1.376389145851135254e+00
3.524154424667358398e-02,2.402007579803466797e-03,1.239180564880371094e-04,9.244680404663085938e-05,8.636713027954101562e-05,8.006361722946166992e-01
5.996453762054443359e-02,8.143365383148193359e-03,7.444024085998535156e-04,1.021027565002441406e-04,9.512901306152343750e-05,4.449620246887207031e-01
3.525263071060180664e-02,2.403438091278076172e-03,1.240968704223632812e-04,9.083747863769531250e-05,8.457899093627929688e-05,4.528082013130187988e-01
3.432047367095947266e-02,2.276659011840820312e-03,1.146197319030761719e-04,9.101629257202148438e-05,8.493661880493164062e-05,4.671056270599365234e-01
6.038206815719604492e-02,8.240640163421630859e-03,7.562041282653808594e-04,8.565187454223632812e-05,7.992982864379882812e-05,4.894037246704101562e-01
3.959566354751586914e-02,3.040373325347900391e-03,1.745223999023437500e-04,1.230239868164062500e-04,1.147985458374023438e-04,9.998645782470703125e-01
4.189664125442504883e-02,3.408551216125488281e-03,2.059936523437500000e-04,1.008510589599609375e-04,9.477138519287109375e-05,2.174551486968994141e+00
4.848217964172363281e-02,4.579961299896240234e-03,3.165006637573242188e-04,1.149773597717285156e-04,1.083612442016601562e-04,3.936821222305297852e+00
5.227160453796386719e-02,5.333304405212402344e-03,3.948211669921875000e-04,1.146197319030761719e-04,1.083612442016601562e-04,4.906661987304687500e+00
4.029607772827148438e-02,3.150165081024169922e-03,1.838207244873046875e-04,1.028180122375488281e-04,9.655952453613281250e-05,1.737262248992919922e+00
3.608733415603637695e-02,2.520024776458740234e-03,1.328587532043457031e-04,1.069307327270507812e-04,1.001358032226562500e-04,9.292151927947998047e-01
3.549778461456298828e-02,2.437412738800048828e-03,1.266002655029296875e-04,9.852647781372070312e-05,9.208917617797851562e-05,1.035902023315429688e+00
3.505933284759521484e-02,2.376973628997802734e-03,1.221299171447753906e-04,8.994340896606445312e-05,8.422136306762695312e-05,9.991081953048706055e-01
3.632694482803344727e-02,2.553999423980712891e-03,1.355409622192382812e-04,9.977817535400390625e-05,9.316205978393554688e-05,7.161421179771423340e-01
6.476622819900512695e-02,9.289741516113281250e-03,8.879899978637695312e-04,1.187324523925781250e-04,1.110434532165527344e-04,1.277638792991638184e+00
4.495006799697875977e-02,3.929972648620605469e-03,2.533793449401855469e-04,1.047849655151367188e-04,9.834766387939453125e-05,1.570804595947265625e+00
7.370460033416748047e-02,1.158785820007324219e-02,1.193940639495849609e-03,1.115798950195312500e-04,1.046061515808105469e-04,1.127742528915405273e+00
4.201769828796386719e-02,3.428578376770019531e-03,2.077817916870117188e-04,9.548664093017578125e-05,8.922815322875976562e-05,5.941820740699768066e-01
4.605531692504882812e-02,4.127919673919677734e-03,2.721548080444335938e-04,1.026391983032226562e-04,9.584426879882812500e-05,3.227620124816894531e-01
4.629653692245483398e-02,4.171907901763916016e-03,2.762675285339355469e-04,9.691715240478515625e-05,9.030103683471679688e-05,3.160176873207092285e-01
4.794734716415405273e-02,4.478394985198974609e-03,3.063082695007324219e-04,9.602308273315429688e-05,8.958578109741210938e-05,3.151556253433227539e-01
8.329975605010986328e-02,1.428508758544921875e-02,1.580357551574707031e-03,9.673833847045898438e-05,9.012222290039062500e-05,3.158335089683532715e-01
4.800170660018920898e-02,4.488587379455566406e-03,3.073811531066894531e-04,9.691715240478515625e-05,9.030103683471679688e-05,3.160588145256042480e-01
4.731202125549316406e-02,4.359126091003417969e-03,2.945065498352050781e-04,1.003146171569824219e-04,9.351968765258789062e-05,3.195860981941223145e-01
5.324935913085937500e-02,5.537152290344238281e-03,4.169940948486328125e-04,1.015663146972656250e-04,9.477138519287109375e-05,3.209286332130432129e-01
5.500209331512451172e-02,5.912125110626220703e-03,4.586577415466308594e-04,9.423494338989257812e-05,8.797645568847656250e-05,3.133492469787597656e-01
4.687803983688354492e-02,4.278481006622314453e-03,2.866387367248535156e-04,1.010298728942871094e-04,9.423494338989257812e-05,3.203077912330627441e-01
4.754751920700073242e-02,4.403114318847656250e-03,2.987980842590332031e-04,9.852647781372070312e-05,9.191036224365234375e-05,3.177373409271240234e-01
4.765069484710693359e-02,4.422426223754882812e-03,3.007650375366210938e-04,9.530782699584960938e-05,8.887052536010742188e-05,3.144124746322631836e-01
4.714608192443847656e-02,4.328191280364990234e-03,2.914667129516601562e-04,9.763240814208984375e-05,9.101629257202148438e-05,3.168339729309082031e-01
