1.571936122537350656e+18
1.571936122740406272e+18
1.571936122859811072e+18
1.571936123063415296e+18
1.571936123203228928e+18
1.571936123380532736e+18
1.571936123523260672e+18
1.571936123727355904e+18
1.571936123899035648e+18
1.571936124038918400e+18
1.571936124219341824e+18
1.571936124381800448e+18
1.571936124559789312e+18
1.571936124700511488e+18
1.571936124902213120e+18
1.571936125047325952e+18
1.571936125223267840e+18
1.571936125403384832e+18
1.571936125551384576e+18
1.571936125740828928e+18
1.571936125883652352e+18
1.571936126027268096e+18
1.571936126203218432e+18
1.571936126391319296e+18
1.571936126543348992e+18
1.571936126723228672e+18
1.571936126864830720e+18
1.571936127042636544e+18
1.571936127223278336e+18
1.571936127385383168e+18
1.571936127563315200e+18
1.571936127743250944e+18
1.571936127879274752e+18
1.571936128043846912e+18
1.571936128186833152e+18
1.571936128386653696e+18
1.571936128531377664e+18
1.571936128711438848e+18
1.571936128867328512e+18
1.571936129071301632e+18
1.571936129211376640e+18
1.571936129388118784e+18
1.571936129547303424e+18
1.571936129750930432e+18
1.571936129930399232e+18
1.571936130071287552e+18
1.571936130231336704e+18
1.571936130388828672e+18
1.571936130567310080e+18
1.571936130809629696e+18
1.571936130927659776e+18
1.571936131111671808e+18
1.571936131295369728e+18
1.571936131468067328e+18
1.571936131599281920e+18
1.571936131775318272e+18
1.571936131950805760e+18
1.571936132095279616e+18
1.571936132291280896e+18
1.571936132469316352e+18
1.571936132612082944e+18
1.571936132755357952e+18
1.571936132930055168e+18
1.571936133111456768e+18
1.571936133295256832e+18
1.571936133472360448e+18
1.571936133617689344e+18
1.571936133775367680e+18
1.571936133931100416e+18
1.571936134115306240e+18
1.571936134294469376e+18
1.571936134472271360e+18
1.571936134612922112e+18
1.571936134754479616e+18
1.571936134959331328e+18
1.571936135099262976e+18
1.571936135295136000e+18
1.571936135476293888e+18
1.571936135623231488e+18
1.571936135763343104e+18
1.571936135963281152e+18
1.571936136095442944e+18
1.571936136296393216e+18
1.571936136499282688e+18
1.571936136639243264e+18
1.571936136814888960e+18
1.571936136987286272e+18
1.571936137139422208e+18
1.571936137295547136e+18
1.571936137479239936e+18
1.571936137658060288e+18
1.571936137836131328e+18
1.571936137976952576e+18
1.571936138120675840e+18
1.571936138311413504e+18
1.571936138487271936e+18
1.571936138659255808e+18
1.571936138803326976e+18
1.571936139000131840e+18
1.571936139120726016e+18
1.571936139323302400e+18
1.571936139500791552e+18
1.571936139643270912e+18
1.571936139823293440e+18
1.571936139959391744e+18
1.571936140135314432e+18
1.571936140301854720e+18
1.571936140541702144e+18
1.571936140687365120e+18
1.571936140863271680e+18
1.571936141022451968e+18
1.571936141227319296e+18
1.571936141383359744e+18
1.571936141541020416e+18
1.571936141715405568e+18
1.571936141904058368e+18
1.571936142024034816e+18
1.571936142221563904e+18
1.571936142424220416e+18
1.571936142587325184e+18
1.571936142742865408e+18
1.571936142942597632e+18
1.571936143071282688e+18
1.571936143247665920e+18
1.571936143425245440e+18
1.571936143567666688e+18
1.571936143751373568e+18
1.571936143905922048e+18
1.571936144067210752e+18
1.571936144251270144e+18
1.571936144424355072e+18
1.571936144599340032e+18
1.571936144747331840e+18
1.571936144904936192e+18
1.571936145087944960e+18
1.571936145267909376e+18
1.571936145387639808e+18
1.571936145585605632e+18
1.571936145729089536e+18
1.571936145906247424e+18
1.571936146083361792e+18
1.571936146268991232e+18
1.571936146415351808e+18
1.571936146569597696e+18
1.571936146767278592e+18
1.571936146930522112e+18
1.571936147075299584e+18
1.571936147235307520e+18
1.571936147392326912e+18
1.571936147599333120e+18
1.571936147735327488e+18
1.571936147911321088e+18
1.571936148069557248e+18
1.571936148274415104e+18
1.571936148431344384e+18
1.571936148590300416e+18
1.571936148733034752e+18
1.571936148913063424e+18
1.571936149099266304e+18
1.571936149271870976e+18
1.571936149414911232e+18
1.571936149563255040e+18
1.571936149774300672e+18
1.571936149935297792e+18
1.571936150119225088e+18
1.571936150255604736e+18
1.571936150459379968e+18
1.571936150595499264e+18
1.571936150795527936e+18
1.571936150959320576e+18
1.571936151096608512e+18
1.571936151295576064e+18
1.571936151435394304e+18
1.571936151619263232e+18
1.571936151797290752e+18
1.571936151971351296e+18
1.571936152107319552e+18
1.571936152315307008e+18
1.571936152451262208e+18
1.571936152635923456e+18
1.571936152777867008e+18
1.571936152971334144e+18
1.571936153107402496e+18
1.571936153258624256e+18
1.571936153423298816e+18
1.571936153621758208e+18
1.571936153799248384e+18
1.571936153959291648e+18
1.571936154099342848e+18
1.571936154259824896e+18
1.571936154437915136e+18
1.571936154619257600e+18
1.571936154783471616e+18
1.571936154923279104e+18
1.571936155118964480e+18
1.571936155318947840e+18
1.571936155451324416e+18
1.571936155631348736e+18
1.571936155802026752e+18
1.571936155947278336e+18
1.571936156142408448e+18
1.571936156320172544e+18
1.571936156463008000e+18
1.571936156662755584e+18
1.571936156807354368e+18
1.571936156991391744e+18
1.571936157143655936e+18
1.571936157303464192e+18
1.571936157479645184e+18
1.571936157624259584e+18
1.571936157847656192e+18
1.571936157983387648e+18
1.571936158144679936e+18
1.571936158335345664e+18
1.571936158483715840e+18
1.571936158625707776e+18
1.571936158815300864e+18
1.571936158991345408e+18
1.571936159166651904e+18
1.571936159311333120e+18
1.571936159506574336e+18
1.571936159626438912e+18
1.571936159806515712e+18
1.571936160007316480e+18
1.571936160151343104e+18
1.571936160307284224e+18
1.571936160495598848e+18
1.571936160647275264e+18
1.571936160805607424e+18
1.571936160988568576e+18
1.571936161168224768e+18
1.571936161288356352e+18
1.571936161488090112e+18
1.571936161629075712e+18
1.571936161806741248e+18
1.571936162007487744e+18
1.571936162149474560e+18
1.571936162295254528e+18
1.571936162475224832e+18
1.571936162630261760e+18
1.571936162835343616e+18
1.571936162968374528e+18
1.571936163170770176e+18
1.571936163331258368e+18
1.571936163463280128e+18
1.571936163631400192e+18
1.571936163809184512e+18
1.571936164012027904e+18
1.571936164171318784e+18
1.571936164303879424e+18
1.571936164490939136e+18
1.571936164632628736e+18
1.571936164824550400e+18
1.571936164959435264e+18
