1.571936038662838528e+18
1.571936038823641344e+18
1.571936039004188928e+18
1.571936039163321344e+18
1.571936039339327232e+18
1.571936039523256832e+18
1.571936039704932864e+18
1.571936039825547520e+18
1.571936040004856320e+18
1.571936040184020480e+18
1.571936040363336192e+18
1.571936040525552896e+18
1.571936040705498624e+18
1.571936040855274752e+18
1.571936041006616064e+18
1.571936041185889280e+18
1.571936041347306496e+18
1.571936041531360768e+18
1.571936041667278080e+18
1.571936041844541184e+18
1.571936042019331840e+18
1.571936042187310080e+18
1.571936042365868544e+18
1.571936042499326976e+18
1.571936042683277312e+18
1.571936042847613952e+18
1.571936043045549824e+18
1.571936043187661312e+18
1.571936043328312832e+18
1.571936043515839232e+18
1.571936043691264000e+18
1.571936043831446272e+18
1.571936044023353088e+18
1.571936044170484992e+18
1.571936044379326976e+18
1.571936044489714432e+18
1.571936044667158016e+18
1.571936044851255296e+18
1.571936045010682624e+18
1.571936045159241984e+18
1.571936045339261952e+18
1.571936045510593536e+18
1.571936045699309312e+18
1.571936045851310848e+18
1.571936046031311104e+18
1.571936046175392768e+18
1.571936046371786752e+18
1.571936046491965184e+18
1.571936046695321088e+18
1.571936046852429312e+18
1.571936047032362752e+18
1.571936047191359232e+18
1.571936047323290368e+18
1.571936047492987136e+18
1.571936047679305472e+18
1.571936047855312896e+18
1.571936048031581184e+18
1.571936048167290368e+18
1.571936048347313152e+18
1.571936048514044672e+18
1.571936048659466752e+18
1.571936048854772992e+18
1.571936049034645248e+18
1.571936049187335424e+18
1.571936049319322112e+18
1.571936049493715712e+18
1.571936049671361792e+18
1.571936049859472896e+18
1.571936050019266048e+18
1.571936050195423232e+18
1.571936050337131520e+18
1.571936050514265344e+18
1.571936050699347712e+18
1.571936050857249280e+18
1.571936051035466240e+18
1.571936051174901248e+18
1.571936051317639168e+18
1.571936051497541632e+18
1.571936051687264000e+18
1.571936051863289344e+18
1.571936052038196992e+18
1.571936052183308288e+18
1.571936052339057664e+18
1.571936052518768384e+18
1.571936052679298304e+18
1.571936052863378944e+18
1.571936053037400832e+18
1.571936053177262336e+18
1.571936053359582208e+18
1.571936053520227072e+18
1.571936053697818368e+18
1.571936053837742336e+18
1.571936054040565760e+18
1.571936054187335936e+18
1.571936054379439616e+18
1.571936054521076224e+18
1.571936054698939392e+18
1.571936054841964032e+18
1.571936055041786624e+18
1.571936055187320576e+18
1.571936055402250240e+18
1.571936055522146048e+18
1.571936055727319808e+18
1.571936055943247872e+18
1.571936056062843904e+18
1.571936056267304704e+18
1.571936056407322624e+18
1.571936056581524736e+18
1.571936056755269376e+18
1.571936056887211520e+18
1.571936057062167040e+18
1.571936057243592704e+18
1.571936057426674688e+18
1.571936057602655232e+18
1.571936057731290112e+18
1.571936057915284992e+18
1.571936058085323008e+18
1.571936058235315200e+18
1.571936058466012160e+18
1.571936058585973248e+18
1.571936058795380480e+18
1.571936058927257600e+18
1.571936059126725632e+18
1.571936059275492096e+18
1.571936059451433728e+18
1.571936059607130624e+18
1.571936059767289856e+18
1.571936059948104192e+18
1.571936060127842048e+18
1.571936060287339008e+18
1.571936060427266560e+18
1.571936060588401664e+18
1.571936060783387904e+18
1.571936060969019136e+18
1.571936061147627520e+18
1.571936061331345920e+18
1.571936061467233536e+18
1.571936061627567872e+18
1.571936061807289856e+18
1.571936061988223488e+18
1.571936062130114304e+18
1.571936062335348480e+18
1.571936062471256576e+18
1.571936062670640896e+18
1.571936062819241984e+18
1.571936062971493632e+18
1.571936063151916288e+18
1.571936063311341056e+18
1.571936063451945984e+18
1.571936063632118016e+18
1.571936063851272192e+18
1.571936064032450304e+18
1.571936064152388096e+18
1.571936064371310336e+18
1.571936064511355136e+18
1.571936064673074176e+18
1.571936064851801088e+18
1.571936065027401216e+18
1.571936065163284992e+18
1.571936065333462016e+18
1.571936065523317504e+18
1.571936065694346752e+18
1.571936065874307072e+18
1.571936066027345664e+18
1.571936066234918400e+18
1.571936066413282304e+18
1.571936066543388672e+18
1.571936066719319296e+18
1.571936066859309312e+18
1.571936067059378944e+18
1.571936067195281408e+18
1.571936067395946496e+18
1.571936067555232768e+18
1.571936067739276800e+18
1.571936067860462592e+18
1.571936068051442176e+18
1.571936068237474304e+18
1.571936068418640128e+18
1.571936068575329280e+18
1.571936068763350016e+18
1.571936068935694848e+18
1.571936069071197440e+18
1.571936069247509504e+18
1.571936069418281984e+18
1.571936069563325440e+18
1.571936069747308800e+18
1.571936069898929152e+18
1.571936070087275008e+18
1.571936070263273728e+18
1.571936070407307776e+18
1.571936070559445760e+18
1.571936070760546816e+18
1.571936070940130560e+18
1.571936071099428608e+18
1.571936071279337728e+18
1.571936071433124608e+18
1.571936071598714368e+18
1.571936071779280128e+18
1.571936071941366528e+18
1.571936072127336704e+18
1.571936072259272704e+18
1.571936072479678976e+18
1.571936072663341824e+18
1.571936072803266304e+18
1.571936072963405056e+18
1.571936073159258624e+18
1.571936073323104256e+18
1.571936073500954112e+18
1.571936073631302656e+18
1.571936073816256000e+18
1.571936074003523584e+18
1.571936074163343104e+18
1.571936074303286272e+18
1.571936074487328768e+18
1.571936074643592704e+18
1.571936074787325952e+18
1.571936074964900096e+18
1.571936075183354880e+18
1.571936075363241216e+18
1.571936075505555200e+18
1.571936075683292160e+18
1.571936075867234816e+18
1.571936076027580416e+18
1.571936076207636992e+18
1.571936076367267328e+18
1.571936076546611456e+18
1.571936076707230208e+18
1.571936076865094912e+18
1.571936077067110656e+18
1.571936077219309056e+18
1.571936077355354112e+18
1.571936077548084736e+18
1.571936077739302656e+18
1.571936077871244544e+18
1.571936078028269312e+18
1.571936078191303424e+18
1.571936078375238400e+18
1.571936078568862464e+18
1.571936078727570688e+18
1.571936078869850624e+18
1.571936079049375232e+18
1.571936079211387136e+18
1.571936079371084032e+18
1.571936079550025984e+18
1.571936079728375296e+18
1.571936079872918016e+18
1.571936080050721024e+18
1.571936080228612608e+18
1.571936080368398080e+18
1.571936080571127552e+18
1.571936080691124224e+18
1.571936080892060928e+18
1.571936081035317760e+18
1.571936081209928960e+18
1.571936081391344384e+18
1.571936081523331584e+18
1.571936081752212736e+18
1.571936081911399168e+18
1.571936082095362816e+18
1.571936082273126656e+18
1.571936082435339776e+18
1.571936082571745280e+18
1.571936082753513728e+18
1.571936082931723264e+18
1.571936083071261952e+18
1.571936083255508480e+18
1.571936083414094336e+18
1.571936083559299840e+18
1.571936083754951680e+18
1.571936083934803968e+18
1.571936084054705152e+18
1.571936084255715328e+18
1.571936084435707136e+18
1.571936084579281664e+18
1.571936084755353600e+18
1.571936084895406336e+18
1.571936085055997696e+18
1.571936085243498496e+18
1.571936085419284736e+18
1.571936085596512512e+18
1.571936085774363392e+18
1.571936085914171648e+18
1.571936086057223424e+18
1.571936086263383040e+18
1.571936086399236608e+18
1.571936086597874688e+18
1.571936086775691264e+18
1.571936086918389248e+18
1.571936087063319808e+18
1.571936087263267584e+18
1.571936087399364608e+18
1.571936087598841600e+18
1.571936087718725376e+18
1.571936087923439104e+18
1.571936088079361024e+18
1.571936088237276416e+18
1.571936088419269632e+18
1.571936088599932672e+18
1.571936088719810816e+18
1.571936088911241728e+18
1.571936089091209216e+18
1.571936089260569344e+18
1.571936089403265024e+18
1.571936089579355392e+18
1.571936089743505408e+18
1.571936089899267840e+18
1.571936090101991424e+18
1.571936090221623808e+18
1.571936090399506432e+18
1.571936090583332096e+18
1.571936090742463744e+18
1.571936090920283904e+18
1.571936091095739136e+18
1.571936091229283328e+18
1.571936091403404288e+18
1.571936091600628736e+18
1.571936091743867904e+18
1.571936091923463936e+18
1.571936092067287296e+18
1.571936092264065024e+18
1.571936092383981824e+18
1.571936092591353344e+18
1.571936092804710144e+18
1.571936092924582144e+18
1.571936093131354368e+18
1.571936093285352704e+18
1.571936093465063680e+18
1.571936093623385088e+18
1.571936093763294464e+18
1.571936093926838016e+18
1.571936094103655936e+18
1.571936094287298560e+18
1.571936094466531328e+18
1.571936094586388992e+18
1.571936094779314176e+18
1.571936094946995968e+18
1.571936095130661120e+18
1.571936095271229184e+18
1.571936095429229568e+18
1.571936095628515072e+18
1.571936095771343616e+18
1.571936095988099072e+18
1.571936096167843840e+18
1.571936096311356672e+18
1.571936096528694528e+18
1.571936096709804800e+18
1.571936096855362560e+18
1.571936097009135104e+18
1.571936097188923136e+18
1.571936097347301632e+18
1.571936097491389184e+18
1.571936097709686784e+18
1.571936097827710208e+18
1.571936098003283712e+18
1.571936098190050816e+18
1.571936098368050688e+18
1.571936098499335936e+18
