1.571936817284413440e+18
1.571936817485052416e+18
1.571936817627329280e+18
1.571936817815400448e+18
1.571936818031295488e+18
1.571936818167334656e+18
1.571936818366472448e+18
1.571936818508172800e+18
1.571936818699245568e+18
1.571936818873470464e+18
1.571936819048861952e+18
1.571936819195625728e+18
1.571936819335277312e+18
1.571936819509576192e+18
1.571936819710415360e+18
1.571936819859355136e+18
1.571936820055257088e+18
1.571936820211683072e+18
1.571936820448730368e+18
1.571936820591584512e+18
1.571936820791548672e+18
1.571936820935228160e+18
1.571936821119301632e+18
1.571936821272396288e+18
1.571936821435293952e+18
1.571936821615303168e+18
1.571936821792851968e+18
1.571936821935238656e+18
1.571936822113421312e+18
1.571936822291458048e+18
1.571936822467238912e+18
1.571936822634164480e+18
1.571936822812267776e+18
1.571936822953180672e+18
1.571936823094764800e+18
1.571936823293157120e+18
1.571936823435515136e+18
1.571936823615497728e+18
1.571936823813118464e+18
1.571936823956104704e+18
1.571936824107246592e+18
1.571936824291306496e+18
1.571936824467270400e+18
1.571936824636615936e+18
1.571936824779243264e+18
1.571936824983316480e+18
1.571936825139276032e+18
1.571936825315240704e+18
1.571936825457836032e+18
1.571936825619352576e+18
1.571936825776643840e+18
1.571936825976647168e+18
1.571936826151258624e+18
1.571936826283214080e+18
1.571936826471276288e+18
1.571936826607420928e+18
1.571936826821149696e+18
1.571936826967336192e+18
1.571936827143422720e+18
1.571936827300551680e+18
1.571936827491332096e+18
1.571936827667282432e+18
1.571936827803277312e+18
1.571936827980008192e+18
1.571936828161877504e+18
1.571936828341530880e+18
1.571936828503272960e+18
1.571936828643296000e+18
1.571936828860346880e+18
1.571936828995632896e+18
1.571936829175270656e+18
1.571936829340987392e+18
1.571936829475276032e+18
1.571936829643673344e+18
1.571936829821514240e+18
1.571936829964339456e+18
1.571936830164285696e+18
1.571936830359346944e+18
1.571936830539244288e+18
1.571936830705728256e+18
1.571936830824766976e+18
1.571936831046738432e+18
1.571936831223453440e+18
1.571936831423802880e+18
1.571936831566002688e+18
1.571936831771398912e+18
1.571936831906942464e+18
1.571936832106622976e+18
1.571936832251529216e+18
1.571936832395335680e+18
1.571936832567697664e+18
1.571936832731383296e+18
1.571936832928142848e+18
1.571936833108362240e+18
1.571936833309091840e+18
1.571936833451337472e+18
1.571936833607377920e+18
1.571936833783411712e+18
1.571936833929842944e+18
1.571936834107270144e+18
1.571936834295441152e+18
1.571936834448099584e+18
1.571936834631309824e+18
1.571936834788606208e+18
1.571936834930450176e+18
1.571936835123270912e+18
1.571936835307313408e+18
1.571936835471434240e+18
1.571936835615470336e+18
1.571936835773090048e+18
1.571936835951923712e+18
1.571936836139219456e+18
1.571936836292697856e+18
1.571936836451408896e+18
1.571936836635361792e+18
1.571936836813176576e+18
1.571936836971252224e+18
1.571936837173972992e+18
1.571936837353788672e+18
1.571936837499344128e+18
1.571936837699322880e+18
1.571936837855318528e+18
1.571936838035321344e+18
1.571936838175268096e+18
1.571936838395589120e+18
1.571936838579394048e+18
1.571936838735306496e+18
1.571936838911638272e+18
1.571936839056326400e+18
1.571936839235047680e+18
1.571936839374234368e+18
1.571936839577254144e+18
1.571936839719279616e+18
1.571936839899364864e+18
1.571936840058025472e+18
1.571936840256374272e+18
1.571936840398377472e+18
1.571936840578564864e+18
1.571936840731289088e+18
1.571936840880836096e+18
1.571936841059130112e+18
1.571936841203283456e+18
1.571936841383274752e+18
1.571936841537629440e+18
1.571936841723370496e+18
1.571936841880239872e+18
1.571936842091366912e+18
1.571936842239268096e+18
1.571936842398849024e+18
1.571936842575281408e+18
1.571936842715335168e+18
1.571936842923313920e+18
1.571936843123311616e+18
1.571936843280011520e+18
1.571936843415296000e+18
1.571936843591283712e+18
1.571936843763624448e+18
1.571936843943737344e+18
1.571936844063612416e+18
1.571936844271264768e+18
1.571936844424197632e+18
1.571936844603969280e+18
1.571936844747305216e+18
1.571936844935265536e+18
1.571936845107300352e+18
1.571936845263238400e+18
1.571936845465829120e+18
1.571936845643398656e+18
1.571936845780452096e+18
1.571936845926157568e+18
1.571936846103860480e+18
1.571936846346792960e+18
1.571936846507226880e+18
1.571936846639261440e+18
1.571936846827446272e+18
1.571936847005125632e+18
1.571936847146158080e+18
1.571936847348123648e+18
1.571936847491328768e+18
1.571936847688616960e+18
1.571936847808480000e+18
1.571936847999312896e+18
1.571936848175343616e+18
1.571936848315334144e+18
1.571936848469719296e+18
1.571936848649651456e+18
1.571936848830537216e+18
1.571936849010355456e+18
1.571936849171335680e+18
1.571936849307435776e+18
1.571936849470982912e+18
1.571936849675288064e+18
1.571936849831253760e+18
1.571936849990152704e+18
1.571936850172823296e+18
1.571936850352098560e+18
1.571936850530109696e+18
1.571936850716318976e+18
1.571936850873565440e+18
1.571936851031257344e+18
1.571936851196313600e+18
1.571936851391352320e+18
1.571936851574318336e+18
1.571936851694167552e+18
1.571936851874286848e+18
1.571936852072798720e+18
1.571936852214764544e+18
1.571936852375324160e+18
1.571936852555587328e+18
1.571936852703306752e+18
1.571936852899373568e+18
1.571936853031255296e+18
1.571936853236037888e+18
1.571936853399371776e+18
1.571936853535340544e+18
1.571936853735272704e+18
1.571936853871257344e+18
1.571936854057277696e+18
1.571936854235031296e+18
1.571936854367410944e+18
1.571936854577979904e+18
1.571936854723356928e+18
1.571936854858816000e+18
1.571936855059233792e+18
1.571936855256198912e+18
1.571936855399223040e+18
1.571936855581157120e+18
1.571936855727267328e+18
1.571936855939601664e+18
1.571936856083306752e+18
1.571936856263253760e+18
1.571936856420289792e+18
1.571936856583276800e+18
1.571936856763610880e+18
1.571936856940954624e+18
1.571936857099302912e+18
1.571936857243368448e+18
1.571936857399437312e+18
1.571936857583316736e+18
1.571936857740176640e+18
1.571936857940017152e+18
1.571936858122788096e+18
